# Menlo Systems GmbH ScanControl
# Program Version 1.3.3
# Start: -327.00000000 ps, Average over 100 waveforms. Timestamp: 2026-05-07T11:44:23
# Window type: Tukey, parameters: alpha = 0.1
# User time axis shift: 0 ps
# Time [ps]	THz Signal [a.u.]
-326.90000000	0.00000000
-326.86666666	-0.00000003
-326.83333333	-0.00000007
-326.80000000	-0.00000001
-326.76666666	-0.00000013
-326.73333333	-0.00000012
-326.70000000	0.00000040
-326.66666666	0.00000045
-326.63333333	-0.00000014
-326.60000000	0.00000175
-326.56666666	-0.00000123
-326.53333333	-0.00000278
-326.50000000	0.00000325
-326.46666666	-0.00000090
-326.43333333	0.00000017
-326.40000000	-0.00000065
-326.36666666	0.00000743
-326.33333333	0.00000579
-326.30000000	0.00000696
-326.26666666	0.00000278
-326.23333333	0.00000731
-326.20000000	-0.00000271
-326.16666666	-0.00001503
-326.13333333	-0.00001995
-326.10000000	0.00000891
-326.06666667	-0.00000046
-326.03333333	-0.00000958
-326.00000000	-0.00000955
-325.96666667	-0.00000017
-325.93333333	0.00002604
-325.90000000	-0.00001059
-325.86666667	-0.00001319
-325.83333333	-0.00002542
-325.80000000	0.00000656
-325.76666667	-0.00000664
-325.73333333	0.00001932
-325.70000000	-0.00001634
-325.66666667	-0.00000730
-325.63333333	0.00002706
-325.60000000	0.00000292
-325.56666667	-0.00001803
-325.53333333	-0.00001285
-325.50000000	0.00000439
-325.46666667	-0.00001920
-325.43333333	-0.00000196
-325.40000000	0.00002022
-325.36666667	-0.00001236
-325.33333334	-0.00005501
-325.30000000	-0.00001690
-325.26666667	0.00001290
-325.23333334	0.00002896
-325.20000000	-0.00002379
-325.16666667	0.00005808
-325.13333334	0.00008144
-325.10000000	0.00004443
-325.06666667	0.00010892
-325.03333334	0.00006275
-325.00000000	0.00003794
-324.96666667	-0.00003194
-324.93333334	-0.00001345
-324.90000000	0.00001622
-324.86666667	0.00005622
-324.83333334	-0.00000725
-324.80000000	-0.00001084
-324.76666667	-0.00000562
-324.73333334	0.00002203
-324.70000000	0.00007799
-324.66666667	0.00001598
-324.63333334	-0.00002921
-324.60000000	0.00002932
-324.56666667	0.00002496
-324.53333334	-0.00003999
-324.50000001	-0.00007488
-324.46666667	-0.00003154
-324.43333334	-0.00002137
-324.40000001	-0.00008995
-324.36666667	-0.00009301
-324.33333334	0.00008190
-324.30000001	-0.00001957
-324.26666667	0.00003738
-324.23333334	0.00018758
-324.20000001	-0.00001284
-324.16666667	-0.00008615
-324.13333334	-0.00006012
-324.10000001	0.00005090
-324.06666667	-0.00019437
-324.03333334	0.00015425
-324.00000001	-0.00007622
-323.96666667	0.00005018
-323.93333334	-0.00004596
-323.90000001	0.00005819
-323.86666667	0.00013750
-323.83333334	0.00004265
-323.80000001	0.00027287
-323.76666668	0.00013421
-323.73333334	0.00006273
-323.70000001	-0.00001482
-323.66666668	0.00006550
-323.63333334	0.00001309
-323.60000001	0.00005597
-323.56666668	0.00013816
-323.53333334	-0.00000725
-323.50000001	-0.00013438
-323.46666668	-0.00016972
-323.43333334	0.00000264
-323.40000001	-0.00007076
-323.36666668	-0.00013003
-323.33333334	-0.00006684
-323.30000001	-0.00015268
-323.26666668	-0.00038685
-323.23333334	-0.00010631
-323.20000001	0.00001952
-323.16666668	-0.00006092
-323.13333334	-0.00001289
-323.10000001	-0.00000121
-323.06666668	-0.00012659
-323.03333334	-0.00008651
-323.00000001	0.00000088
-322.96666668	0.00007888
-322.93333335	0.00005356
-322.90000001	-0.00002494
-322.86666668	0.00001347
-322.83333335	-0.00007951
-322.80000001	0.00010841
-322.76666668	-0.00017521
-322.73333335	-0.00002672
-322.70000001	0.00005854
-322.66666668	0.00012199
-322.63333335	0.00011953
-322.60000001	-0.00015004
-322.56666668	0.00007206
-322.53333335	0.00000258
-322.50000001	0.00004429
-322.46666668	0.00005153
-322.43333335	0.00012138
-322.40000001	0.00004048
-322.36666668	-0.00012265
-322.33333335	0.00018381
-322.30000001	0.00006453
-322.26666668	0.00024304
-322.23333335	0.00014427
-322.20000002	-0.00003466
-322.16666668	0.00010269
-322.13333335	0.00002086
-322.10000002	-0.00008361
-322.06666668	0.00025712
-322.03333335	0.00012230
-322.00000002	0.00010618
-321.96666668	0.00006036
-321.93333335	0.00015551
-321.90000002	0.00011442
-321.86666668	0.00006187
-321.83333335	-0.00025065
-321.80000002	0.00028077
-321.76666668	0.00009472
-321.73333335	0.00025817
-321.70000002	0.00027893
-321.66666668	0.00015669
-321.63333335	-0.00007948
-321.60000002	0.00021687
-321.56666668	0.00015369
-321.53333335	-0.00006517
-321.50000002	0.00008184
-321.46666668	-0.00002305
-321.43333335	-0.00016742
-321.40000002	0.00033658
-321.36666669	0.00037008
-321.33333335	0.00047584
-321.30000002	0.00002102
-321.26666669	0.00002353
-321.23333335	0.00005455
-321.20000002	0.00019511
-321.16666669	0.00004726
-321.13333335	-0.00006225
-321.10000002	0.00010093
-321.06666669	0.00017471
-321.03333335	0.00001062
-321.00000002	0.00000388
-320.96666669	-0.00004317
-320.93333335	0.00004214
-320.90000002	0.00005489
-320.86666669	0.00005999
-320.83333335	0.00012050
-320.80000002	0.00047599
-320.76666669	0.00027747
-320.73333335	0.00040216
-320.70000002	0.00013586
-320.66666669	0.00005067
-320.63333336	-0.00008737
-320.60000002	0.00035077
-320.56666669	0.00026392
-320.53333336	0.00021300
-320.50000002	0.00015939
-320.46666669	-0.00008303
-320.43333336	0.00014526
-320.40000002	0.00026723
-320.36666669	0.00014451
-320.33333336	0.00015543
-320.30000002	0.00017995
-320.26666669	0.00008530
-320.23333336	0.00011891
-320.20000002	0.00004340
-320.16666669	-0.00011599
-320.13333336	0.00027853
-320.10000002	0.00010667
-320.06666669	0.00004052
-320.03333336	0.00016736
-320.00000002	0.00018069
-319.96666669	0.00000149
-319.93333336	0.00028804
-319.90000002	0.00000127
-319.86666669	0.00019789
-319.83333336	0.00049268
-319.80000003	0.00006914
-319.76666669	0.00024462
-319.73333336	0.00023686
-319.70000003	0.00011792
-319.66666669	0.00038942
-319.63333336	0.00046110
-319.60000003	0.00022938
-319.56666669	0.00026961
-319.53333336	0.00008481
-319.50000003	0.00052076
-319.46666669	0.00046460
-319.43333336	0.00053344
-319.40000003	0.00019033
-319.36666669	0.00024343
-319.33333336	0.00041346
-319.30000003	0.00046370
-319.26666669	0.00017411
-319.23333336	0.00046032
-319.20000003	0.00055161
-319.16666669	0.00049096
-319.13333336	0.00060516
-319.10000003	0.00031357
-319.06666670	0.00041046
-319.03333336	0.00021322
-319.00000003	0.00030331
-318.96666670	0.00054629
-318.93333336	0.00050230
-318.90000003	0.00056429
-318.86666670	0.00037779
-318.83333336	0.00035265
-318.80000003	0.00032882
-318.76666670	0.00049625
-318.73333336	0.00044324
-318.70000003	0.00053942
-318.66666670	0.00044770
-318.63333336	0.00046404
-318.60000003	0.00064331
-318.56666670	0.00031791
-318.53333336	0.00037507
-318.50000003	0.00038278
-318.46666670	0.00051167
-318.43333336	0.00041798
-318.40000003	0.00030961
-318.36666670	0.00049203
-318.33333336	0.00027795
-318.30000003	0.00038032
-318.26666670	0.00028420
-318.23333337	0.00038310
-318.20000003	0.00021202
-318.16666670	0.00036604
-318.13333337	0.00042207
-318.10000003	0.00082189
-318.06666670	0.00065719
-318.03333337	0.00036416
-318.00000003	0.00036091
-317.96666670	0.00062959
-317.93333337	0.00053768
-317.90000003	0.00056600
-317.86666670	0.00031177
-317.83333337	0.00046859
-317.80000003	0.00061426
-317.76666670	0.00030502
-317.73333337	0.00025315
-317.70000003	0.00029367
-317.66666670	0.00055855
-317.63333337	0.00035863
-317.60000003	0.00030673
-317.56666670	0.00039231
-317.53333337	0.00048640
-317.50000004	0.00039126
-317.46666670	0.00032609
-317.43333337	0.00057519
-317.40000004	0.00047235
-317.36666670	0.00014998
-317.33333337	0.00030837
-317.30000004	0.00033006
-317.26666670	0.00041897
-317.23333337	0.00023825
-317.20000004	0.00007288
-317.16666670	0.00041227
-317.13333337	0.00032730
-317.10000004	0.00023959
-317.06666670	0.00055147
-317.03333337	0.00009007
-317.00000004	0.00019908
-316.96666670	0.00037850
-316.93333337	0.00054661
-316.90000004	0.00015476
-316.86666670	0.00027897
-316.83333337	0.00033614
-316.80000004	0.00024243
-316.76666670	0.00036606
-316.73333337	0.00034330
-316.70000004	0.00020402
-316.66666671	0.00035403
-316.63333337	-0.00008186
-316.60000004	0.00011801
-316.56666671	0.00011296
-316.53333337	0.00005218
-316.50000004	0.00001840
-316.46666671	0.00007484
-316.43333337	0.00008060
-316.40000004	-0.00013126
-316.36666671	0.00011106
-316.33333337	0.00023826
-316.30000004	0.00005766
-316.26666671	0.00001077
-316.23333337	-0.00022761
-316.20000004	-0.00018842
-316.16666671	0.00029052
-316.13333337	0.00027438
-316.10000004	-0.00009778
-316.06666671	-0.00031535
-316.03333337	-0.00014993
-316.00000004	-0.00006204
-315.96666671	-0.00000990
-315.93333338	0.00006859
-315.90000004	-0.00020960
-315.86666671	-0.00025076
-315.83333338	0.00010529
-315.80000004	-0.00002775
-315.76666671	-0.00015704
-315.73333338	-0.00017880
-315.70000004	0.00005408
-315.66666671	-0.00021928
-315.63333338	0.00000656
-315.60000004	0.00018849
-315.56666671	0.00000415
-315.53333338	-0.00013769
-315.50000004	-0.00010489
-315.46666671	-0.00001456
-315.43333338	-0.00005050
-315.40000004	-0.00032449
-315.36666671	0.00003164
-315.33333338	-0.00007323
-315.30000004	-0.00004701
-315.26666671	0.00001438
-315.23333338	-0.00016303
-315.20000004	-0.00015377
-315.16666671	-0.00008566
-315.13333338	-0.00002782
-315.10000005	-0.00011960
-315.06666671	-0.00031124
-315.03333338	0.00004629
-315.00000005	-0.00006251
-314.96666671	-0.00062638
-314.93333338	-0.00029600
-314.90000005	-0.00006847
-314.86666671	-0.00037552
-314.83333338	-0.00013663
-314.80000005	-0.00000153
-314.76666671	-0.00035107
-314.73333338	-0.00016244
-314.70000005	-0.00006592
-314.66666671	-0.00015334
-314.63333338	-0.00001506
-314.60000005	0.00009448
-314.56666671	-0.00008430
-314.53333338	-0.00002353
-314.50000005	-0.00026112
-314.46666671	-0.00020485
-314.43333338	-0.00026866
-314.40000005	-0.00026911
-314.36666672	-0.00029838
-314.33333338	-0.00010224
-314.30000005	-0.00016202
-314.26666672	-0.00021730
-314.23333338	-0.00031740
-314.20000005	-0.00024580
-314.16666672	-0.00031585
-314.13333338	-0.00020653
-314.10000005	-0.00001308
-314.06666672	-0.00012125
-314.03333338	-0.00043003
-314.00000005	0.00004251
-313.96666672	-0.00015313
-313.93333338	0.00010129
-313.90000005	-0.00008992
-313.86666672	-0.00005472
-313.83333338	0.00009854
-313.80000005	-0.00005294
-313.76666672	0.00004279
-313.73333338	0.00001770
-313.70000005	0.00022481
-313.66666672	0.00023178
-313.63333338	0.00015972
-313.60000005	0.00018193
-313.56666672	-0.00008434
-313.53333339	-0.00019175
-313.50000005	-0.00008896
-313.46666672	0.00000012
-313.43333339	0.00016640
-313.40000005	0.00007827
-313.36666672	-0.00007584
-313.33333339	0.00004386
-313.30000005	-0.00020351
-313.26666672	0.00005878
-313.23333339	0.00009032
-313.20000005	-0.00021277
-313.16666672	-0.00000624
-313.13333339	0.00020821
-313.10000005	0.00033661
-313.06666672	0.00013617
-313.03333339	-0.00007824
-313.00000005	0.00004545
-312.96666672	0.00009318
-312.93333339	0.00004187
-312.90000005	-0.00004660
-312.86666672	0.00004626
-312.83333339	0.00010694
-312.80000006	0.00023447
-312.76666672	0.00013132
-312.73333339	0.00031878
-312.70000006	0.00029095
-312.66666672	0.00031303
-312.63333339	0.00011355
-312.60000006	-0.00003326
-312.56666672	0.00047918
-312.53333339	0.00027473
-312.50000006	0.00051100
-312.46666672	0.00029820
-312.43333339	0.00032003
-312.40000006	0.00014546
-312.36666672	0.00020055
-312.33333339	0.00021854
-312.30000006	0.00029136
-312.26666672	0.00010653
-312.23333339	0.00007635
-312.20000006	0.00031848
-312.16666672	0.00012143
-312.13333339	0.00010474
-312.10000006	0.00026739
-312.06666672	0.00033027
-312.03333339	0.00023862
-312.00000006	0.00016597
-311.96666673	0.00003467
-311.93333339	0.00014615
-311.90000006	0.00009060
-311.86666673	0.00038478
-311.83333339	0.00035803
-311.80000006	-0.00019882
-311.76666673	0.00007013
-311.73333339	0.00004432
-311.70000006	0.00008684
-311.66666673	0.00011366
-311.63333339	0.00033351
-311.60000006	0.00023926
-311.56666673	0.00050135
-311.53333339	0.00010368
-311.50000006	0.00019669
-311.46666673	0.00017037
-311.43333339	0.00033935
-311.40000006	0.00015011
-311.36666673	0.00025989
-311.33333339	0.00012740
-311.30000006	0.00016053
-311.26666673	0.00041037
-311.23333340	0.00032032
-311.20000006	0.00030218
-311.16666673	0.00017940
-311.13333340	0.00031386
-311.10000006	0.00039027
-311.06666673	0.00023812
-311.03333340	0.00025323
-311.00000006	0.00022049
-310.96666673	0.00030548
-310.93333340	0.00049908
-310.90000006	0.00011580
-310.86666673	0.00024884
-310.83333340	0.00020664
-310.80000006	0.00014068
-310.76666673	0.00029921
-310.73333340	0.00051536
-310.70000006	0.00031649
-310.66666673	0.00031029
-310.63333340	0.00060758
-310.60000006	0.00045053
-310.56666673	0.00045767
-310.53333340	0.00036273
-310.50000006	0.00041492
-310.46666673	0.00030870
-310.43333340	0.00036837
-310.40000007	0.00033456
-310.36666673	0.00024308
-310.33333340	0.00028722
-310.30000007	0.00004853
-310.26666673	0.00013812
-310.23333340	-0.00002229
-310.20000007	0.00024269
-310.16666673	0.00026298
-310.13333340	0.00021572
-310.10000007	0.00028031
-310.06666673	0.00020002
-310.03333340	0.00020805
-310.00000007	0.00016803
-309.96666673	0.00043457
-309.93333340	0.00041618
-309.90000007	0.00038053
-309.86666673	0.00029012
-309.83333340	0.00042337
-309.80000007	0.00013729
-309.76666673	0.00021631
-309.73333340	0.00029602
-309.70000007	0.00049165
-309.66666674	0.00030841
-309.63333340	0.00013969
-309.60000007	0.00050994
-309.56666674	0.00021087
-309.53333340	0.00024648
-309.50000007	0.00027395
-309.46666674	0.00031359
-309.43333340	0.00036673
-309.40000007	0.00029772
-309.36666674	0.00017854
-309.33333340	0.00028747
-309.30000007	0.00035296
-309.26666674	0.00057601
-309.23333340	0.00027907
-309.20000007	0.00034044
-309.16666674	0.00045649
-309.13333340	0.00051992
-309.10000007	0.00050415
-309.06666674	0.00016039
-309.03333340	0.00053829
-309.00000007	0.00027619
-308.96666674	0.00038383
-308.93333340	0.00052081
-308.90000007	0.00043738
-308.86666674	0.00027912
-308.83333341	0.00017055
-308.80000007	0.00049182
-308.76666674	0.00032762
-308.73333341	0.00028135
-308.70000007	0.00023256
-308.66666674	0.00034544
-308.63333341	0.00040227
-308.60000007	0.00028064
-308.56666674	0.00035304
-308.53333341	0.00037216
-308.50000007	0.00037905
-308.46666674	0.00019115
-308.43333341	0.00020517
-308.40000007	0.00042854
-308.36666674	0.00034659
-308.33333341	0.00023836
-308.30000007	0.00036313
-308.26666674	0.00040977
-308.23333341	0.00039994
-308.20000007	0.00035347
-308.16666674	0.00021485
-308.13333341	0.00050220
-308.10000008	0.00017003
-308.06666674	0.00022207
-308.03333341	0.00030749
-308.00000008	0.00035053
-307.96666674	0.00013355
-307.93333341	0.00018815
-307.90000008	0.00057964
-307.86666674	0.00027146
-307.83333341	0.00044794
-307.80000008	0.00020690
-307.76666674	0.00032174
-307.73333341	0.00021898
-307.70000008	0.00002099
-307.66666674	0.00003823
-307.63333341	0.00004490
-307.60000008	0.00029734
-307.56666674	0.00019368
-307.53333341	0.00002648
-307.50000008	0.00005979
-307.46666674	-0.00015117
-307.43333341	0.00009509
-307.40000008	0.00008184
-307.36666674	-0.00020505
-307.33333341	-0.00006725
-307.30000008	0.00023808
-307.26666675	0.00016575
-307.23333341	0.00004914
-307.20000008	-0.00000244
-307.16666675	-0.00009333
-307.13333341	0.00012674
-307.10000008	0.00005407
-307.06666675	0.00004641
-307.03333341	-0.00000479
-307.00000008	0.00000323
-306.96666675	-0.00014671
-306.93333341	0.00001948
-306.90000008	-0.00028492
-306.86666675	-0.00038880
-306.83333341	-0.00034406
-306.80000008	-0.00032821
-306.76666675	-0.00046505
-306.73333341	-0.00042521
-306.70000008	-0.00012977
-306.66666675	-0.00022737
-306.63333341	-0.00034344
-306.60000008	-0.00006518
-306.56666675	-0.00002832
-306.53333342	-0.00044735
-306.50000008	-0.00022607
-306.46666675	-0.00029288
-306.43333342	-0.00027874
-306.40000008	-0.00040624
-306.36666675	-0.00035556
-306.33333342	-0.00049864
-306.30000008	-0.00045512
-306.26666675	-0.00055391
-306.23333342	-0.00035893
-306.20000008	-0.00040613
-306.16666675	-0.00051995
-306.13333342	-0.00080259
-306.10000008	-0.00057994
-306.06666675	-0.00061650
-306.03333342	-0.00064127
-306.00000008	-0.00070234
-305.96666675	-0.00039029
-305.93333342	-0.00054061
-305.90000008	-0.00034706
-305.86666675	-0.00066925
-305.83333342	-0.00076572
-305.80000008	-0.00083383
-305.76666675	-0.00051396
-305.73333342	-0.00044533
-305.70000009	-0.00054974
-305.66666675	-0.00051264
-305.63333342	-0.00049336
-305.60000009	-0.00033929
-305.56666675	-0.00071320
-305.53333342	-0.00047879
-305.50000009	-0.00078480
-305.46666675	-0.00101032
-305.43333342	-0.00099153
-305.40000009	-0.00054454
-305.36666675	-0.00077885
-305.33333342	-0.00047916
-305.30000009	-0.00064074
-305.26666675	-0.00050586
-305.23333342	-0.00063698
-305.20000009	-0.00059698
-305.16666675	-0.00061219
-305.13333342	-0.00061879
-305.10000009	-0.00068509
-305.06666675	-0.00055026
-305.03333342	-0.00053386
-305.00000009	-0.00053925
-304.96666676	-0.00038910
-304.93333342	-0.00062966
-304.90000009	-0.00049245
-304.86666676	-0.00054408
-304.83333342	-0.00039492
-304.80000009	-0.00027009
-304.76666676	-0.00036956
-304.73333342	-0.00045233
-304.70000009	-0.00029438
-304.66666676	-0.00041735
-304.63333342	-0.00023750
-304.60000009	-0.00043985
-304.56666676	-0.00019671
-304.53333342	-0.00010353
-304.50000009	-0.00040500
-304.46666676	-0.00035904
-304.43333342	-0.00024631
-304.40000009	-0.00023662
-304.36666676	0.00004568
-304.33333342	-0.00017406
-304.30000009	-0.00029073
-304.26666676	0.00014422
-304.23333342	-0.00003055
-304.20000009	0.00005231
-304.16666676	-0.00000344
-304.13333343	-0.00027840
-304.10000009	-0.00003445
-304.06666676	0.00000025
-304.03333343	-0.00028895
-304.00000009	-0.00002808
-303.96666676	-0.00013815
-303.93333343	0.00012425
-303.90000009	0.00005388
-303.86666676	-0.00010997
-303.83333343	0.00010127
-303.80000009	0.00020776
-303.76666676	0.00016763
-303.73333343	-0.00010407
-303.70000009	0.00023692
-303.66666676	0.00004131
-303.63333343	0.00013217
-303.60000009	-0.00011947
-303.56666676	-0.00009847
-303.53333343	0.00013599
-303.50000009	-0.00020124
-303.46666676	-0.00027980
-303.43333343	0.00006967
-303.40000010	-0.00005322
-303.36666676	-0.00010811
-303.33333343	-0.00044237
-303.30000010	-0.00016763
-303.26666676	-0.00008236
-303.23333343	-0.00004832
-303.20000010	-0.00019501
-303.16666676	-0.00043168
-303.13333343	-0.00052064
-303.10000010	-0.00029820
-303.06666676	-0.00039261
-303.03333343	-0.00034744
-303.00000010	-0.00049080
-302.96666676	-0.00060389
-302.93333343	-0.00062716
-302.90000010	-0.00035630
-302.86666676	-0.00062594
-302.83333343	-0.00046772
-302.80000010	-0.00041951
-302.76666676	-0.00032969
-302.73333343	-0.00064792
-302.70000010	-0.00055903
-302.66666676	-0.00082030
-302.63333343	-0.00054016
-302.60000010	-0.00051468
-302.56666677	-0.00047211
-302.53333343	-0.00089970
-302.50000010	-0.00093054
-302.46666677	-0.00041929
-302.43333343	-0.00081264
-302.40000010	-0.00102536
-302.36666677	-0.00087090
-302.33333343	-0.00063493
-302.30000010	-0.00087851
-302.26666677	-0.00101079
-302.23333343	-0.00098917
-302.20000010	-0.00057511
-302.16666677	-0.00086935
-302.13333343	-0.00087421
-302.10000010	-0.00065074
-302.06666677	-0.00068749
-302.03333343	-0.00068958
-302.00000010	-0.00058218
-301.96666677	-0.00069822
-301.93333343	-0.00073591
-301.90000010	-0.00061691
-301.86666677	-0.00069476
-301.83333344	-0.00066975
-301.80000010	-0.00048789
-301.76666677	-0.00048272
-301.73333344	-0.00042449
-301.70000010	-0.00033860
-301.66666677	-0.00040879
-301.63333344	-0.00043333
-301.60000010	-0.00024159
-301.56666677	-0.00032811
-301.53333344	-0.00002483
-301.50000010	0.00012364
-301.46666677	0.00027685
-301.43333344	0.00012539
-301.40000010	0.00051337
-301.36666677	0.00021736
-301.33333344	0.00062708
-301.30000010	0.00074602
-301.26666677	0.00066738
-301.23333344	0.00076527
-301.20000010	0.00111898
-301.16666677	0.00120469
-301.13333344	0.00122721
-301.10000010	0.00140258
-301.06666677	0.00119744
-301.03333344	0.00146371
-301.00000011	0.00150496
-300.96666677	0.00152089
-300.93333344	0.00179808
-300.90000011	0.00185739
-300.86666677	0.00182992
-300.83333344	0.00181373
-300.80000011	0.00224590
-300.76666677	0.00201637
-300.73333344	0.00254733
-300.70000011	0.00265560
-300.66666677	0.00223965
-300.63333344	0.00256603
-300.60000011	0.00262413
-300.56666677	0.00269699
-300.53333344	0.00280341
-300.50000011	0.00288650
-300.46666677	0.00306030
-300.43333344	0.00295954
-300.40000011	0.00296095
-300.36666677	0.00327676
-300.33333344	0.00328823
-300.30000011	0.00325202
-300.26666678	0.00351590
-300.23333344	0.00327749
-300.20000011	0.00342480
-300.16666678	0.00370624
-300.13333344	0.00364336
-300.10000011	0.00382597
-300.06666678	0.00363863
-300.03333344	0.00386500
-300.00000011	0.00379477
-299.96666678	0.00397480
-299.93333344	0.00395881
-299.90000011	0.00397607
-299.86666678	0.00418406
-299.83333344	0.00401933
-299.80000011	0.00383533
-299.76666678	0.00418229
-299.73333344	0.00423867
-299.70000011	0.00444858
-299.66666678	0.00433080
-299.63333344	0.00460828
-299.60000011	0.00451282
-299.56666678	0.00435812
-299.53333344	0.00426427
-299.50000011	0.00429152
-299.46666678	0.00436551
-299.43333345	0.00444447
-299.40000011	0.00456075
-299.36666678	0.00465384
-299.33333345	0.00423069
-299.30000011	0.00454363
-299.26666678	0.00462346
-299.23333345	0.00467210
-299.20000011	0.00464613
-299.16666678	0.00450252
-299.13333345	0.00438039
-299.10000011	0.00451276
-299.06666678	0.00427564
-299.03333345	0.00423981
-299.00000011	0.00412947
-298.96666678	0.00416040
-298.93333345	0.00420774
-298.90000011	0.00403896
-298.86666678	0.00399644
-298.83333345	0.00417625
-298.80000011	0.00395300
-298.76666678	0.00354008
-298.73333345	0.00365077
-298.70000012	0.00345056
-298.66666678	0.00331758
-298.63333345	0.00326038
-298.60000012	0.00318186
-298.56666678	0.00325488
-298.53333345	0.00279441
-298.50000012	0.00276627
-298.46666678	0.00278017
-298.43333345	0.00260899
-298.40000012	0.00220804
-298.36666678	0.00228667
-298.33333345	0.00219467
-298.30000012	0.00208957
-298.26666678	0.00176073
-298.23333345	0.00164663
-298.20000012	0.00160168
-298.16666678	0.00116059
-298.13333345	0.00089980
-298.10000012	0.00065856
-298.06666678	0.00036533
-298.03333345	0.00039144
-298.00000012	0.00022847
-297.96666678	0.00011719
-297.93333345	-0.00022330
-297.90000012	-0.00030278
-297.86666679	-0.00085826
-297.83333345	-0.00081625
-297.80000012	-0.00102569
-297.76666679	-0.00127868
-297.73333345	-0.00178292
-297.70000012	-0.00186229
-297.66666679	-0.00214638
-297.63333345	-0.00216645
-297.60000012	-0.00223536
-297.56666679	-0.00267259
-297.53333345	-0.00279618
-297.50000012	-0.00312711
-297.46666679	-0.00280195
-297.43333345	-0.00316934
-297.40000012	-0.00323631
-297.36666679	-0.00353748
-297.33333345	-0.00343212
-297.30000012	-0.00347236
-297.26666679	-0.00357054
-297.23333345	-0.00375831
-297.20000012	-0.00378409
-297.16666679	-0.00335291
-297.13333346	-0.00361890
-297.10000012	-0.00344713
-297.06666679	-0.00335487
-297.03333346	-0.00322355
-297.00000012	-0.00301448
-296.96666679	-0.00308058
-296.93333346	-0.00309178
-296.90000012	-0.00301109
-296.86666679	-0.00269250
-296.83333346	-0.00264636
-296.80000012	-0.00266205
-296.76666679	-0.00263112
-296.73333346	-0.00226719
-296.70000012	-0.00219041
-296.66666679	-0.00225987
-296.63333346	-0.00224517
-296.60000012	-0.00186997
-296.56666679	-0.00139045
-296.53333346	-0.00137952
-296.50000012	-0.00125406
-296.46666679	-0.00116366
-296.43333346	-0.00093227
-296.40000012	-0.00077964
-296.36666679	-0.00077961
-296.33333346	-0.00051661
-296.30000013	-0.00051693
-296.26666679	-0.00048890
-296.23333346	0.00005798
-296.20000013	0.00025656
-296.16666679	0.00022536
-296.13333346	0.00076244
-296.10000013	0.00097793
-296.06666679	0.00119217
-296.03333346	0.00128619
-296.00000013	0.00156434
-295.96666679	0.00172980
-295.93333346	0.00174526
-295.90000013	0.00182917
-295.86666679	0.00210029
-295.83333346	0.00235599
-295.80000013	0.00265028
-295.76666679	0.00268882
-295.73333346	0.00273909
-295.70000013	0.00297416
-295.66666679	0.00305010
-295.63333346	0.00292012
-295.60000013	0.00320079
-295.56666680	0.00358028
-295.53333346	0.00380162
-295.50000013	0.00392231
-295.46666680	0.00397302
-295.43333346	0.00414463
-295.40000013	0.00403569
-295.36666680	0.00416211
-295.33333346	0.00403617
-295.30000013	0.00439512
-295.26666680	0.00450213
-295.23333346	0.00433910
-295.20000013	0.00409323
-295.16666680	0.00412783
-295.13333346	0.00438376
-295.10000013	0.00451351
-295.06666680	0.00452193
-295.03333346	0.00434745
-295.00000013	0.00479092
-294.96666680	0.00428841
-294.93333346	0.00446426
-294.90000013	0.00415012
-294.86666680	0.00421963
-294.83333346	0.00436943
-294.80000013	0.00400331
-294.76666680	0.00405007
-294.73333347	0.00410531
-294.70000013	0.00383680
-294.66666680	0.00365717
-294.63333347	0.00373094
-294.60000013	0.00386812
-294.56666680	0.00364183
-294.53333347	0.00345031
-294.50000013	0.00341188
-294.46666680	0.00329296
-294.43333347	0.00298879
-294.40000013	0.00291645
-294.36666680	0.00291378
-294.33333347	0.00285960
-294.30000013	0.00277507
-294.26666680	0.00245182
-294.23333347	0.00225774
-294.20000013	0.00206004
-294.16666680	0.00184519
-294.13333347	0.00206817
-294.10000013	0.00198868
-294.06666680	0.00174626
-294.03333347	0.00152275
-294.00000014	0.00161544
-293.96666680	0.00162271
-293.93333347	0.00146589
-293.90000014	0.00118293
-293.86666680	0.00130917
-293.83333347	0.00090771
-293.80000014	0.00110718
-293.76666680	0.00094824
-293.73333347	0.00110753
-293.70000014	0.00101576
-293.66666680	0.00066509
-293.63333347	0.00039148
-293.60000014	0.00059918
-293.56666680	0.00070218
-293.53333347	0.00054003
-293.50000014	0.00066905
-293.46666680	0.00049766
-293.43333347	0.00030506
-293.40000014	0.00032838
-293.36666680	0.00017505
-293.33333347	0.00046571
-293.30000014	0.00009979
-293.26666680	0.00018087
-293.23333347	-0.00010943
-293.20000014	0.00003835
-293.16666681	-0.00003231
-293.13333347	-0.00018364
-293.10000014	-0.00001617
-293.06666681	-0.00046829
-293.03333347	-0.00026794
-293.00000014	-0.00020655
-292.96666681	-0.00055122
-292.93333347	-0.00022309
-292.90000014	-0.00029702
-292.86666681	-0.00043543
-292.83333347	-0.00023928
-292.80000014	-0.00020513
-292.76666681	-0.00079586
-292.73333347	-0.00052981
-292.70000014	-0.00053721
-292.66666681	-0.00035719
-292.63333347	-0.00013276
-292.60000014	-0.00031879
-292.56666681	-0.00013474
-292.53333347	-0.00041881
-292.50000014	-0.00051102
-292.46666681	-0.00040854
-292.43333348	-0.00007638
-292.40000014	-0.00049576
-292.36666681	-0.00035685
-292.33333348	-0.00008995
-292.30000014	-0.00011938
-292.26666681	0.00005475
-292.23333348	-0.00031312
-292.20000014	-0.00011647
-292.16666681	-0.00017823
-292.13333348	-0.00024177
-292.10000014	0.00032222
-292.06666681	0.00026119
-292.03333348	0.00018596
-292.00000014	0.00025521
-291.96666681	0.00036991
-291.93333348	0.00034454
-291.90000014	0.00055854
-291.86666681	0.00063385
-291.83333348	0.00082687
-291.80000014	0.00102304
-291.76666681	0.00109599
-291.73333348	0.00134967
-291.70000014	0.00149670
-291.66666681	0.00152720
-291.63333348	0.00182132
-291.60000015	0.00220886
-291.56666681	0.00235646
-291.53333348	0.00273386
-291.50000015	0.00286503
-291.46666681	0.00261035
-291.43333348	0.00309151
-291.40000015	0.00321480
-291.36666681	0.00338958
-291.33333348	0.00347502
-291.30000015	0.00363339
-291.26666681	0.00352466
-291.23333348	0.00341775
-291.20000015	0.00372029
-291.16666681	0.00352532
-291.13333348	0.00322450
-291.10000015	0.00238893
-291.06666681	0.00236170
-291.03333348	0.00167346
-291.00000015	0.00090804
-290.96666681	0.00021095
-290.93333348	-0.00000216
-290.90000015	-0.00099945
-290.86666682	-0.00149284
-290.83333348	-0.00166261
-290.80000015	-0.00192816
-290.76666682	-0.00180545
-290.73333348	-0.00179945
-290.70000015	-0.00159221
-290.66666682	-0.00145351
-290.63333348	-0.00125402
-290.60000015	-0.00063297
-290.56666682	0.00003315
-290.53333348	0.00045815
-290.50000015	0.00104864
-290.46666682	0.00147232
-290.43333348	0.00187223
-290.40000015	0.00281901
-290.36666682	0.00283270
-290.33333348	0.00321342
-290.30000015	0.00361604
-290.26666682	0.00389045
-290.23333348	0.00438413
-290.20000015	0.00489486
-290.16666682	0.00482958
-290.13333348	0.00534956
-290.10000015	0.00559196
-290.06666682	0.00550824
-290.03333349	0.00569590
-290.00000015	0.00580799
-289.96666682	0.00592749
-289.93333349	0.00578773
-289.90000015	0.00578476
-289.86666682	0.00581974
-289.83333349	0.00582790
-289.80000015	0.00552358
-289.76666682	0.00490110
-289.73333349	0.00436903
-289.70000015	0.00399663
-289.66666682	0.00338006
-289.63333349	0.00257530
-289.60000015	0.00201168
-289.56666682	0.00107426
-289.53333349	0.00015806
-289.50000015	-0.00059129
-289.46666682	-0.00142373
-289.43333349	-0.00198071
-289.40000015	-0.00224828
-289.36666682	-0.00276276
-289.33333349	-0.00314730
-289.30000016	-0.00271738
-289.26666682	-0.00214451
-289.23333349	-0.00185989
-289.20000016	-0.00120593
-289.16666682	-0.00015137
-289.13333349	0.00021972
-289.10000016	0.00132766
-289.06666682	0.00225244
-289.03333349	0.00275911
-289.00000016	0.00329211
-288.96666682	0.00429111
-288.93333349	0.00463698
-288.90000016	0.00540591
-288.86666682	0.00564844
-288.83333349	0.00588264
-288.80000016	0.00605543
-288.76666682	0.00631859
-288.73333349	0.00667535
-288.70000016	0.00674658
-288.66666682	0.00697763
-288.63333349	0.00697469
-288.60000016	0.00723398
-288.56666682	0.00720692
-288.53333349	0.00730344
-288.50000016	0.00744695
-288.46666683	0.00736740
-288.43333349	0.00752821
-288.40000016	0.00782718
-288.36666683	0.00770711
-288.33333349	0.00794377
-288.30000016	0.00793342
-288.26666683	0.00770857
-288.23333349	0.00778395
-288.20000016	0.00772001
-288.16666683	0.00765893
-288.13333349	0.00751172
-288.10000016	0.00725429
-288.06666683	0.00729502
-288.03333349	0.00737481
-288.00000016	0.00703088
-287.96666683	0.00719341
-287.93333349	0.00724427
-287.90000016	0.00724021
-287.86666683	0.00717657
-287.83333349	0.00751493
-287.80000016	0.00752208
-287.76666683	0.00733419
-287.73333350	0.00766595
-287.70000016	0.00757547
-287.66666683	0.00769850
-287.63333350	0.00791537
-287.60000016	0.00803907
-287.56666683	0.00799393
-287.53333350	0.00812656
-287.50000016	0.00803242
-287.46666683	0.00800516
-287.43333350	0.00830342
-287.40000016	0.00846709
-287.36666683	0.00839249
-287.33333350	0.00843294
-287.30000016	0.00854582
-287.26666683	0.00840395
-287.23333350	0.00847199
-287.20000016	0.00869579
-287.16666683	0.00854548
-287.13333350	0.00835996
-287.10000016	0.00828170
-287.06666683	0.00856462
-287.03333350	0.00831166
-287.00000016	0.00842683
-286.96666683	0.00814555
-286.93333350	0.00813292
-286.90000017	0.00818655
-286.86666683	0.00809934
-286.83333350	0.00828601
-286.80000017	0.00852822
-286.76666683	0.00870409
-286.73333350	0.00872805
-286.70000017	0.00893218
-286.66666683	0.00886369
-286.63333350	0.00873255
-286.60000017	0.00847139
-286.56666683	0.00831016
-286.53333350	0.00774327
-286.50000017	0.00724685
-286.46666683	0.00639287
-286.43333350	0.00560377
-286.40000017	0.00492756
-286.36666683	0.00420267
-286.33333350	0.00407005
-286.30000017	0.00376696
-286.26666683	0.00396674
-286.23333350	0.00453026
-286.20000017	0.00496141
-286.16666684	0.00636119
-286.13333350	0.00746614
-286.10000017	0.00877281
-286.06666684	0.00992816
-286.03333350	0.01143956
-286.00000017	0.01334148
-285.96666684	0.01449519
-285.93333350	0.01601576
-285.90000017	0.01733016
-285.86666684	0.01854649
-285.83333350	0.01948568
-285.80000017	0.02084280
-285.76666684	0.02159193
-285.73333350	0.02246002
-285.70000017	0.02339073
-285.66666684	0.02456244
-285.63333350	0.02577920
-285.60000017	0.02684811
-285.56666684	0.02782358
-285.53333350	0.02888533
-285.50000017	0.03049899
-285.46666684	0.03142370
-285.43333350	0.03304844
-285.40000017	0.03443382
-285.36666684	0.03646535
-285.33333351	0.03812199
-285.30000017	0.03990333
-285.26666684	0.04184570
-285.23333351	0.04370019
-285.20000017	0.04582816
-285.16666684	0.04794653
-285.13333351	0.05034497
-285.10000017	0.05296023
-285.06666684	0.05523361
-285.03333351	0.05821974
-285.00000017	0.06098288
-284.96666684	0.06371304
-284.93333351	0.06709010
-284.90000017	0.07059272
-284.86666684	0.07397889
-284.83333351	0.07794477
-284.80000017	0.08221511
-284.76666684	0.08657265
-284.73333351	0.09139437
-284.70000017	0.09639950
-284.66666684	0.10168757
-284.63333351	0.10695647
-284.60000018	0.11311502
-284.56666684	0.11912062
-284.53333351	0.12522156
-284.50000018	0.13169515
-284.46666684	0.13878062
-284.43333351	0.14598291
-284.40000018	0.15333336
-284.36666684	0.16120103
-284.33333351	0.16978293
-284.30000018	0.17822818
-284.26666684	0.18722471
-284.23333351	0.19693449
-284.20000018	0.20694514
-284.16666684	0.21776214
-284.13333351	0.22893395
-284.10000018	0.23998077
-284.06666684	0.25180270
-284.03333351	0.26342977
-284.00000018	0.27526812
-283.96666684	0.28661458
-283.93333351	0.29757628
-283.90000018	0.30759763
-283.86666684	0.31623691
-283.83333351	0.32311198
-283.80000018	0.32862858
-283.76666685	0.33082585
-283.73333351	0.32991575
-283.70000018	0.32488778
-283.66666685	0.31382055
-283.63333351	0.29525685
-283.60000018	0.26706406
-283.56666685	0.22587933
-283.53333351	0.16801407
-283.50000018	0.08831650
-283.46666685	-0.01783415
-283.43333351	-0.15669079
-283.40000018	-0.33243063
-283.36666685	-0.54832446
-283.33333351	-0.80549911
-283.30000018	-1.09962368
-283.26666685	-1.42198511
-283.23333351	-1.75727899
-283.20000018	-2.08719216
-283.16666685	-2.38813801
-283.13333351	-2.63668564
-283.10000018	-2.81119685
-283.06666685	-2.89505530
-283.03333352	-2.87962417
-283.00000018	-2.76622770
-282.96666685	-2.56393761
-282.93333352	-2.29069357
-282.90000018	-1.96752205
-282.86666685	-1.61571056
-282.83333352	-1.25526417
-282.80000018	-0.90170868
-282.76666685	-0.56705551
-282.73333352	-0.25860441
-282.70000018	0.01739890
-282.66666685	0.25875445
-282.63333352	0.46378289
-282.60000018	0.63297060
-282.56666685	0.76915776
-282.53333352	0.87615035
-282.50000018	0.95822841
-282.46666685	1.02015623
-282.43333352	1.06658487
-282.40000018	1.09905206
-282.36666685	1.11963511
-282.33333352	1.12911338
-282.30000018	1.12918923
-282.26666685	1.12120964
-282.23333352	1.10817768
-282.20000019	1.09189263
-282.16666685	1.07417228
-282.13333352	1.05571397
-282.10000019	1.03531467
-282.06666685	1.01163930
-282.03333352	0.98232538
-282.00000019	0.94622247
-281.96666685	0.90165373
-281.93333352	0.84967818
-281.90000019	0.79127370
-281.86666685	0.72666896
-281.83333352	0.65851833
-281.80000019	0.58760694
-281.76666685	0.51640453
-281.73333352	0.44696606
-281.70000019	0.38229715
-281.66666685	0.32550493
-281.63333352	0.27993346
-281.60000019	0.24775018
-281.56666685	0.23025856
-281.53333352	0.22670940
-281.50000019	0.23499475
-281.46666686	0.25140844
-281.43333352	0.27194902
-281.40000019	0.29049811
-281.36666686	0.30442765
-281.33333352	0.31034199
-281.30000019	0.30652402
-281.26666686	0.29125293
-281.23333352	0.26516344
-281.20000019	0.22863676
-281.16666686	0.18385735
-281.13333352	0.13424494
-281.10000019	0.08349318
-281.06666686	0.03529942
-281.03333352	-0.00500199
-281.00000019	-0.03472552
-280.96666686	-0.05200447
-280.93333352	-0.05727909
-280.90000019	-0.05217066
-280.86666686	-0.04014957
-280.83333352	-0.02500165
-280.80000019	-0.01023520
-280.76666686	0.00308290
-280.73333352	0.01340814
-280.70000019	0.02079559
-280.66666686	0.02678045
-280.63333353	0.03144879
-280.60000019	0.03484069
-280.56666686	0.03685320
-280.53333353	0.03770036
-280.50000019	0.03636562
-280.46666686	0.03260077
-280.43333353	0.02727188
-280.40000019	0.02085118
-280.36666686	0.01392319
-280.33333353	0.00694541
-280.30000019	0.00023039
-280.26666686	-0.00563709
-280.23333353	-0.01114549
-280.20000019	-0.01663383
-280.16666686	-0.02289496
-280.13333353	-0.03116010
-280.10000019	-0.04154876
-280.06666686	-0.05489285
-280.03333353	-0.07076893
-280.00000019	-0.08824047
-279.96666686	-0.10487783
-279.93333353	-0.11869234
-279.90000020	-0.12732034
-279.86666686	-0.12953649
-279.83333353	-0.12443222
-279.80000020	-0.11213439
-279.76666686	-0.09389683
-279.73333353	-0.07080205
-279.70000020	-0.04497421
-279.66666686	-0.01673142
-279.63333353	0.01157011
-279.60000020	0.03889261
-279.56666686	0.06432193
-279.53333353	0.08448884
-279.50000020	0.09857374
-279.46666686	0.10325555
-279.43333353	0.09723205
-279.40000020	0.08072686
-279.36666686	0.05442949
-279.33333353	0.02099710
-279.30000020	-0.01573659
-279.26666686	-0.05150174
-279.23333353	-0.08221341
-279.20000020	-0.10524717
-279.16666686	-0.11831858
-279.13333353	-0.12090505
-279.10000020	-0.11346126
-279.06666687	-0.09777731
-279.03333353	-0.07582319
-279.00000020	-0.05101862
-278.96666687	-0.02665334
-278.93333353	-0.00636812
-278.90000020	0.00800684
-278.86666687	0.01472225
-278.83333353	0.01334375
-278.80000020	0.00451076
-278.76666687	-0.00973414
-278.73333353	-0.02802950
-278.70000020	-0.04763806
-278.66666687	-0.06626267
-278.63333353	-0.08328289
-278.60000020	-0.09711371
-278.56666687	-0.10707115
-278.53333353	-0.11397858
-278.50000020	-0.11750911
-278.46666687	-0.11808376
-278.43333353	-0.11682747
-278.40000020	-0.11339954
-278.36666687	-0.10849236
-278.33333354	-0.10195282
-278.30000020	-0.09405445
-278.26666687	-0.08409772
-278.23333354	-0.07320255
-278.20000020	-0.06193694
-278.16666687	-0.05105394
-278.13333354	-0.04202519
-278.10000020	-0.03552413
-278.06666687	-0.03245441
-278.03333354	-0.03180779
-278.00000020	-0.03223348
-277.96666687	-0.03220061
-277.93333354	-0.02861510
-277.90000020	-0.02087651
-277.86666687	-0.00782733
-277.83333354	0.00851711
-277.80000020	0.02541186
-277.76666687	0.04015822
-277.73333354	0.04916034
-277.70000020	0.05122396
-277.66666687	0.04632617
-277.63333354	0.03566965
-277.60000020	0.02236489
-277.56666687	0.00874163
-277.53333354	-0.00371921
-277.50000021	-0.01307242
-277.46666687	-0.01985260
-277.43333354	-0.02483014
-277.40000021	-0.02850392
-277.36666687	-0.03205618
-277.33333354	-0.03544152
-277.30000021	-0.03939845
-277.26666687	-0.04307972
-277.23333354	-0.04634630
-277.20000021	-0.04911114
-277.16666687	-0.05107206
-277.13333354	-0.05166828
-277.10000021	-0.05284581
-277.06666687	-0.05437888
-277.03333354	-0.05735951
-277.00000021	-0.06132297
-276.96666687	-0.06590410
-276.93333354	-0.06917320
-276.90000021	-0.06981395
-276.86666687	-0.06650707
-276.83333354	-0.05828345
-276.80000021	-0.04675127
-276.76666688	-0.03376943
-276.73333354	-0.02099814
-276.70000021	-0.01051059
-276.66666688	-0.00353263
-276.63333354	-0.00019615
-276.60000021	-0.00062784
-276.56666688	-0.00336642
-276.53333354	-0.00837778
-276.50000021	-0.01440288
-276.46666688	-0.02117776
-276.43333354	-0.02714351
-276.40000021	-0.03110672
-276.36666688	-0.03255929
-276.33333354	-0.03122974
-276.30000021	-0.02714433
-276.26666688	-0.02132787
-276.23333354	-0.01515949
-276.20000021	-0.01021077
-276.16666688	-0.00622321
-276.13333354	-0.00360105
-276.10000021	-0.00083903
-276.06666688	0.00314181
-276.03333354	0.00927228
-276.00000021	0.01684021
-275.96666688	0.02503061
-275.93333355	0.03135044
-275.90000021	0.03398211
-275.86666688	0.03198717
-275.83333355	0.02487217
-275.80000021	0.01286976
-275.76666688	-0.00235531
-275.73333355	-0.01859019
-275.70000021	-0.03393222
-275.66666688	-0.04730950
-275.63333355	-0.05786374
-275.60000021	-0.06402579
-275.56666688	-0.06759526
-275.53333355	-0.06892438
-275.50000021	-0.06840372
-275.46666688	-0.06686432
-275.43333355	-0.06497959
-275.40000021	-0.06182778
-275.36666688	-0.05711555
-275.33333355	-0.05043058
-275.30000021	-0.04176536
-275.26666688	-0.03185529
-275.23333355	-0.02202632
-275.20000022	-0.01331117
-275.16666688	-0.00760627
-275.13333355	-0.00531209
-275.10000022	-0.00676535
-275.06666688	-0.00983769
-275.03333355	-0.01327271
-275.00000022	-0.01535538
-274.96666688	-0.01369126
-274.93333355	-0.00880526
-274.90000022	0.00000907
-274.86666688	0.01143885
-274.83333355	0.02337907
-274.80000022	0.03439972
-274.76666688	0.04293803
-274.73333355	0.04815426
-274.70000022	0.04986515
-274.66666688	0.04765280
-274.63333355	0.04191645
-274.60000022	0.03427467
-274.56666688	0.02566168
-274.53333355	0.01640257
-274.50000022	0.00795216
-274.46666688	0.00099453
-274.43333355	-0.00528190
-274.40000022	-0.00946914
-274.36666689	-0.01205558
-274.33333355	-0.01321212
-274.30000022	-0.01232157
-274.26666689	-0.00905180
-274.23333355	-0.00299542
-274.20000022	0.00587950
-274.16666689	0.01550411
-274.13333355	0.02626291
-274.10000022	0.03683219
-274.06666689	0.04639736
-274.03333355	0.05470647
-274.00000022	0.06215932
-273.96666689	0.06817303
-273.93333355	0.07279798
-273.90000022	0.07568456
-273.86666689	0.07612545
-273.83333355	0.07317437
-273.80000022	0.06599409
-273.76666689	0.05476305
-273.73333355	0.03997162
-273.70000022	0.02285260
-273.66666689	0.00445031
-273.63333356	-0.01270968
-273.60000022	-0.02797789
-273.56666689	-0.04005813
-273.53333356	-0.04791643
-273.50000022	-0.05241380
-273.46666689	-0.05284380
-273.43333356	-0.05154144
-273.40000022	-0.04794717
-273.36666689	-0.04344045
-273.33333356	-0.03972470
-273.30000022	-0.03649110
-273.26666689	-0.03434116
-273.23333356	-0.03254984
-273.20000022	-0.03022550
-273.16666689	-0.02669958
-273.13333356	-0.02128003
-273.10000022	-0.01399805
-273.06666689	-0.00502709
-273.03333356	0.00380438
-273.00000022	0.01253019
-272.96666689	0.01849516
-272.93333356	0.02099804
-272.90000022	0.02013057
-272.86666689	0.01659123
-272.83333356	0.01157818
-272.80000023	0.00666567
-272.76666689	0.00328440
-272.73333356	0.00259716
-272.70000023	0.00459317
-272.66666689	0.00867564
-272.63333356	0.01388371
-272.60000023	0.01917329
-272.56666689	0.02369119
-272.53333356	0.02726474
-272.50000023	0.02985277
-272.46666689	0.03262807
-272.43333356	0.03478013
-272.40000023	0.03825180
-272.36666689	0.04214522
-272.33333356	0.04574156
-272.30000023	0.04890411
-272.26666689	0.05048028
-272.23333356	0.05065917
-272.20000023	0.04964989
-272.16666689	0.04711807
-272.13333356	0.04442543
-272.10000023	0.04181187
-272.06666690	0.03928357
-272.03333356	0.03706457
-272.00000023	0.03436980
-271.96666690	0.03017539
-271.93333356	0.02472499
-271.90000023	0.01807426
-271.86666690	0.01073795
-271.83333356	0.00396221
-271.80000023	-0.00236761
-271.76666690	-0.00702470
-271.73333356	-0.01129359
-271.70000023	-0.01522012
-271.66666690	-0.02024082
-271.63333356	-0.02709179
-271.60000023	-0.03578733
-271.56666690	-0.04563957
-271.53333356	-0.05549010
-271.50000023	-0.06387180
-271.46666690	-0.06872468
-271.43333356	-0.06967620
-271.40000023	-0.06645291
-271.36666690	-0.05890582
-271.33333356	-0.04849662
-271.30000023	-0.03602140
-271.26666690	-0.02222978
-271.23333357	-0.00805843
-271.20000023	0.00601005
-271.16666690	0.02017991
-271.13333357	0.03358207
-271.10000023	0.04578312
-271.06666690	0.05572317
-271.03333357	0.06348178
-271.00000023	0.06699951
-270.96666690	0.06555215
-270.93333357	0.05894166
-270.90000023	0.04735858
-270.86666690	0.03127691
-270.83333357	0.01221627
-270.80000023	-0.00747210
-270.76666690	-0.02562385
-270.73333357	-0.04086857
-270.70000023	-0.05085202
-270.66666690	-0.05530677
-270.63333357	-0.05389829
-270.60000023	-0.04711181
-270.56666690	-0.03632623
-270.53333357	-0.02305276
-270.50000024	-0.00845957
-270.46666690	0.00689007
-270.43333357	0.02098213
-270.40000024	0.03450765
-270.36666690	0.04629582
-270.33333357	0.05633554
-270.30000024	0.06334915
-270.26666690	0.06637493
-270.23333357	0.06455485
-270.20000024	0.05782268
-270.16666690	0.04687674
-270.13333357	0.03216482
-270.10000024	0.01546004
-270.06666690	-0.00097900
-270.03333357	-0.01481759
-270.00000024	-0.02592624
-269.96666690	-0.03290371
-269.93333357	-0.03619894
-269.90000024	-0.03593840
-269.86666690	-0.03382566
-269.83333357	-0.03029697
-269.80000024	-0.02590368
-269.76666691	-0.02239944
-269.73333357	-0.01984364
-269.70000024	-0.01845433
-269.66666691	-0.01871813
-269.63333357	-0.01986479
-269.60000024	-0.02136524
-269.56666691	-0.02327630
-269.53333357	-0.02362817
-269.50000024	-0.02187934
-269.46666691	-0.01804332
-269.43333357	-0.01138276
-269.40000024	-0.00301896
-269.36666691	0.00696366
-269.33333357	0.01636284
-269.30000024	0.02471632
-269.26666691	0.03012238
-269.23333357	0.03180293
-269.20000024	0.02937173
-269.16666691	0.02271988
-269.13333357	0.01336313
-269.10000024	0.00130946
-269.06666691	-0.01159801
-269.03333357	-0.02435228
-269.00000024	-0.03610398
-268.96666691	-0.04520583
-268.93333358	-0.05107669
-268.90000024	-0.05354630
-268.86666691	-0.05089139
-268.83333358	-0.04343627
-268.80000024	-0.03139046
-268.76666691	-0.01473967
-268.73333358	0.00537759
-268.70000024	0.02731282
-268.66666691	0.04863310
-268.63333358	0.06693864
-268.60000024	0.08001479
-268.56666691	0.08661208
-268.53333358	0.08611090
-268.50000024	0.07924397
-268.46666691	0.06662684
-268.43333358	0.05095579
-268.40000024	0.03410205
-268.36666691	0.01735081
-268.33333358	0.00312879
-268.30000024	-0.00840576
-268.26666691	-0.01661378
-268.23333358	-0.02175308
-268.20000025	-0.02491753
-268.16666691	-0.02623165
-268.13333358	-0.02756148
-268.10000025	-0.03042483
-268.06666691	-0.03502964
-268.03333358	-0.04131585
-268.00000025	-0.05036068
-267.96666691	-0.05996248
-267.93333358	-0.06951283
-267.90000025	-0.07693140
-267.86666691	-0.08141894
-267.83333358	-0.08157325
-267.80000025	-0.07675724
-267.76666691	-0.06738271
-267.73333358	-0.05360345
-267.70000025	-0.03632652
-267.66666691	-0.01640224
-267.63333358	0.00362086
-267.60000025	0.02335135
-267.56666691	0.04040954
-267.53333358	0.05347690
-267.50000025	0.06079764
-267.46666691	0.06228936
-267.43333358	0.05732655
-267.40000025	0.04704416
-267.36666692	0.03207846
-267.33333358	0.01373375
-267.30000025	-0.00616841
-267.26666692	-0.02566015
-267.23333358	-0.04367981
-267.20000025	-0.05817778
-267.16666692	-0.06825392
-267.13333358	-0.07200387
-267.10000025	-0.06840033
-267.06666692	-0.05750885
-267.03333358	-0.03854661
-267.00000025	-0.01422900
-266.96666692	0.01432065
-266.93333358	0.04355116
-266.90000025	0.07014187
-266.86666692	0.09127038
-266.83333358	0.10447907
-266.80000025	0.10864131
-266.76666692	0.10412594
-266.73333358	0.09173306
-266.70000025	0.07352826
-266.66666692	0.05110500
-266.63333359	0.02777951
-266.60000025	0.00529003
-266.56666692	-0.01452379
-266.53333359	-0.03149864
-266.50000025	-0.04497548
-266.46666692	-0.05564013
-266.43333359	-0.06414709
-266.40000025	-0.07045491
-266.36666692	-0.07570780
-266.33333359	-0.07976003
-266.30000025	-0.08202933
-266.26666692	-0.08269434
-266.23333359	-0.08009064
-266.20000025	-0.07529925
-266.16666692	-0.06742726
-266.13333359	-0.05736146
-266.10000025	-0.04601357
-266.06666692	-0.03371922
-266.03333359	-0.02141441
-266.00000025	-0.00993282
-265.96666692	0.00065871
-265.93333359	0.00924220
-265.90000025	0.01563199
-265.86666692	0.02003200
-265.83333359	0.02177590
-265.80000026	0.02147006
-265.76666692	0.01936677
-265.73333359	0.01634206
-265.70000026	0.01245655
-265.66666692	0.00857427
-265.63333359	0.00457458
-265.60000026	0.00005806
-265.56666692	-0.00470594
-265.53333359	-0.01032731
-265.50000026	-0.01790903
-265.46666692	-0.02608680
-265.43333359	-0.03542998
-265.40000026	-0.04347909
-265.36666692	-0.04993409
-265.33333359	-0.05274415
-265.30000026	-0.05093865
-265.26666692	-0.04463144
-265.23333359	-0.03435935
-265.20000026	-0.02036678
-265.16666692	-0.00436176
-265.13333359	0.01207067
-265.10000026	0.02767478
-265.06666693	0.04088393
-265.03333359	0.05104034
-265.00000026	0.05743806
-264.96666693	0.05980833
-264.93333359	0.05832418
-264.90000026	0.05284988
-264.86666693	0.04411451
-264.83333359	0.03279839
-264.80000026	0.02012217
-264.76666693	0.00671224
-264.73333359	-0.00524966
-264.70000026	-0.01576194
-264.66666693	-0.02348040
-264.63333359	-0.02797193
-264.60000026	-0.02997803
-264.56666693	-0.02894451
-264.53333359	-0.02706059
-264.50000026	-0.02461307
-264.46666693	-0.02191696
-264.43333359	-0.02009004
-264.40000026	-0.01952316
-264.36666693	-0.01932974
-264.33333359	-0.01985759
-264.30000026	-0.01993528
-264.26666693	-0.01973632
-264.23333360	-0.01893217
-264.20000026	-0.01695536
-264.16666693	-0.01369725
-264.13333360	-0.00930785
-264.10000026	-0.00442029
-264.06666693	0.00129863
-264.03333360	0.00728077
-264.00000026	0.01298343
-263.96666693	0.01786547
-263.93333360	0.02011818
-263.90000026	0.02020230
-263.86666693	0.01681848
-263.83333360	0.01059079
-263.80000026	0.00182465
-263.76666693	-0.00887718
-263.73333360	-0.02023720
-263.70000026	-0.03079699
-263.66666693	-0.03990517
-263.63333360	-0.04703811
-263.60000026	-0.05110985
-263.56666693	-0.05144161
-263.53333360	-0.04742904
-263.50000027	-0.03904601
-263.46666693	-0.02657703
-263.43333360	-0.01005988
-263.40000027	0.00927194
-263.36666693	0.02912194
-263.33333360	0.04795065
-263.30000027	0.06302447
-263.26666693	0.07239272
-263.23333360	0.07520225
-263.20000027	0.07107670
-263.16666693	0.06102373
-263.13333360	0.04617372
-263.10000027	0.02931061
-263.06666693	0.01144808
-263.03333360	-0.00522853
-263.00000027	-0.01943459
-262.96666693	-0.03110134
-262.93333360	-0.03860968
-262.90000027	-0.04292177
-262.86666693	-0.04349659
-262.83333360	-0.04130219
-262.80000027	-0.03677555
-262.76666693	-0.03182260
-262.73333360	-0.02670663
-262.70000027	-0.02330240
-262.66666694	-0.02149898
-262.63333360	-0.02136222
-262.60000027	-0.02211389
-262.56666694	-0.02361334
-262.53333360	-0.02485796
-262.50000027	-0.02509541
-262.46666694	-0.02426391
-262.43333360	-0.02273521
-262.40000027	-0.02084513
-262.36666694	-0.01847560
-262.33333360	-0.01713659
-262.30000027	-0.01570633
-262.26666694	-0.01508191
-262.23333360	-0.01471506
-262.20000027	-0.01419339
-262.16666694	-0.01387208
-262.13333360	-0.01323249
-262.10000027	-0.01249193
-262.06666694	-0.01108530
-262.03333360	-0.00929466
-262.00000027	-0.00682539
-261.96666694	-0.00376620
-261.93333361	0.00002342
-261.90000027	0.00472882
-261.86666694	0.00908381
-261.83333361	0.01359931
-261.80000027	0.01804848
-261.76666694	0.02169028
-261.73333361	0.02510667
-261.70000027	0.02765139
-261.66666694	0.02921250
-261.63333361	0.02990281
-261.60000027	0.02944388
-261.56666694	0.02795021
-261.53333361	0.02492944
-261.50000027	0.02102903
-261.46666694	0.01631427
-261.43333361	0.01071547
-261.40000027	0.00471823
-261.36666694	-0.00104208
-261.33333361	-0.00663661
-261.30000027	-0.01110755
-261.26666694	-0.01478466
-261.23333361	-0.01736440
-261.20000027	-0.01852620
-261.16666694	-0.01876469
-261.13333361	-0.01781720
-261.10000028	-0.01686107
-261.06666694	-0.01646424
-261.03333361	-0.01635684
-261.00000028	-0.01688647
-260.96666694	-0.01803933
-260.93333361	-0.01979814
-260.90000028	-0.02189702
-260.86666694	-0.02456936
-260.83333361	-0.02772820
-260.80000028	-0.03007189
-260.76666694	-0.03156217
-260.73333361	-0.03203844
-260.70000028	-0.03050021
-260.66666694	-0.02699600
-260.63333361	-0.02152114
-260.60000028	-0.01424409
-260.56666694	-0.00731494
-260.53333361	-0.00106674
-260.50000028	0.00352093
-260.46666694	0.00563591
-260.43333361	0.00603001
-260.40000028	0.00478262
-260.36666695	0.00208849
-260.33333361	-0.00082255
-260.30000028	-0.00321193
-260.26666695	-0.00517224
-260.23333361	-0.00659035
-260.20000028	-0.00761061
-260.16666695	-0.00859236
-260.13333361	-0.00946561
-260.10000028	-0.00962365
-260.06666695	-0.00932037
-260.03333361	-0.00730806
-260.00000028	-0.00434556
-259.96666695	0.00118792
-259.93333361	0.00725238
-259.90000028	0.01473594
-259.86666695	0.02214380
-259.83333361	0.02885264
-259.80000028	0.03417387
-259.76666695	0.03719267
-259.73333361	0.03768688
-259.70000028	0.03606832
-259.66666695	0.03198600
-259.63333361	0.02638076
-259.60000028	0.01991883
-259.56666695	0.01257894
-259.53333362	0.00560556
-259.50000028	-0.00139759
-259.46666695	-0.00731780
-259.43333362	-0.01140249
-259.40000028	-0.01369656
-259.36666695	-0.01366257
-259.33333362	-0.01118516
-259.30000028	-0.00708224
-259.26666695	-0.00097686
-259.23333362	0.00574330
-259.20000028	0.01169790
-259.16666695	0.01650491
-259.13333362	0.01866734
-259.10000028	0.01899943
-259.06666695	0.01665330
-259.03333362	0.01278925
-259.00000028	0.00784973
-258.96666695	0.00289066
-258.93333362	-0.00194680
-258.90000028	-0.00637133
-258.86666695	-0.01003315
-258.83333362	-0.01285375
-258.80000029	-0.01503221
-258.76666695	-0.01752309
-258.73333362	-0.01877893
-258.70000029	-0.01997440
-258.66666695	-0.01979878
-258.63333362	-0.01863755
-258.60000029	-0.01676287
-258.56666695	-0.01458700
-258.53333362	-0.01210890
-258.50000029	-0.00999180
-258.46666695	-0.00892672
-258.43333362	-0.00845026
-258.40000029	-0.00796065
-258.36666695	-0.00692124
-258.33333362	-0.00480018
-258.30000029	-0.00118966
-258.26666695	0.00473646
-258.23333362	0.01195487
-258.20000029	0.02004344
-258.16666695	0.02765402
-258.13333362	0.03390101
-258.10000029	0.03831549
-258.06666695	0.03950379
-258.03333362	0.03785331
-258.00000029	0.03294281
-257.96666696	0.02510095
-257.93333362	0.01520208
-257.90000029	0.00469580
-257.86666696	-0.00536583
-257.83333362	-0.01349670
-257.80000029	-0.01824517
-257.76666696	-0.01830327
-257.73333362	-0.01451851
-257.70000029	-0.00695133
-257.66666696	0.00371901
-257.63333362	0.01523450
-257.60000029	0.02625826
-257.56666696	0.03574635
-257.53333362	0.04080900
-257.50000029	0.04068331
-257.46666696	0.03630018
-257.43333362	0.02744185
-257.40000029	0.01522079
-257.36666696	0.00192266
-257.33333362	-0.01130438
-257.30000029	-0.02324644
-257.26666696	-0.03280901
-257.23333363	-0.03867562
-257.20000029	-0.04235138
-257.16666696	-0.04335535
-257.13333363	-0.04269099
-257.10000029	-0.04091927
-257.06666696	-0.03812227
-257.03333363	-0.03525619
-257.00000029	-0.03196853
-256.96666696	-0.02847704
-256.93333363	-0.02430877
-256.90000029	-0.01960623
-256.86666696	-0.01415932
-256.83333363	-0.00850827
-256.80000029	-0.00238192
-256.76666696	0.00316448
-256.73333363	0.00849010
-256.70000029	0.01241003
-256.66666696	0.01520140
-256.63333363	0.01714175
-256.60000029	0.01789829
-256.56666696	0.01934967
-256.53333363	0.02107559
-256.50000029	0.02393463
-256.46666696	0.02792024
-256.43333363	0.03257526
-256.40000030	0.03680962
-256.36666696	0.03985134
-256.33333363	0.04113526
-256.30000030	0.04031485
-256.26666696	0.03704444
-256.23333363	0.03146921
-256.20000030	0.02468693
-256.16666696	0.01670091
-256.13333363	0.00825721
-256.10000030	0.00026247
-256.06666696	-0.00625060
-256.03333363	-0.01135242
-256.00000030	-0.01454637
-255.96666696	-0.01458731
-255.93333363	-0.01251462
-255.90000030	-0.00820558
-255.86666696	-0.00262666
-255.83333363	0.00413505
-255.80000030	0.01125481
-255.76666696	0.01754112
-255.73333363	0.02319515
-255.70000030	0.02639531
-255.66666697	0.02742266
-255.63333363	0.02618619
-255.60000030	0.02292129
-255.56666697	0.01799074
-255.53333363	0.01195229
-255.50000030	0.00543759
-255.46666697	-0.00061709
-255.43333363	-0.00582745
-255.40000030	-0.01018118
-255.36666697	-0.01384508
-255.33333363	-0.01668631
-255.30000030	-0.02006061
-255.26666697	-0.02321602
-255.23333363	-0.02674105
-255.20000030	-0.03017913
-255.16666697	-0.03236586
-255.13333363	-0.03386654
-255.10000030	-0.03317094
-255.06666697	-0.03063192
-255.03333363	-0.02560523
-255.00000030	-0.01851585
-254.96666697	-0.00971172
-254.93333363	0.00056335
-254.90000030	0.01177517
-254.86666697	0.02231703
-254.83333364	0.03195791
-254.80000030	0.03923760
-254.76666697	0.04346055
-254.73333364	0.04414842
-254.70000030	0.04168352
-254.66666697	0.03629329
-254.63333364	0.02872622
-254.60000030	0.01996944
-254.56666697	0.01114243
-254.53333364	0.00267090
-254.50000030	-0.00532280
-254.46666697	-0.01192935
-254.43333364	-0.01747039
-254.40000030	-0.02171274
-254.36666697	-0.02443252
-254.33333364	-0.02622741
-254.30000030	-0.02590933
-254.26666697	-0.02402152
-254.23333364	-0.02024898
-254.20000030	-0.01447888
-254.16666697	-0.00744840
-254.13333364	0.00088913
-254.10000031	0.00938701
-254.06666697	0.01807937
-254.03333364	0.02523403
-254.00000031	0.03108891
-253.96666697	0.03432916
-253.93333364	0.03532936
-253.90000031	0.03366211
-253.86666697	0.02961656
-253.83333364	0.02352915
-253.80000031	0.01639266
-253.76666697	0.00839529
-253.73333364	-0.00023339
-253.70000031	-0.00851833
-253.66666697	-0.01613655
-253.63333364	-0.02253720
-253.60000031	-0.02825270
-253.56666697	-0.03171530
-253.53333364	-0.03427025
-253.50000031	-0.03616615
-253.46666697	-0.03781726
-253.43333364	-0.03883002
-253.40000031	-0.03967050
-253.36666697	-0.04107618
-253.33333364	-0.04140399
-253.30000031	-0.04028041
-253.26666698	-0.03777852
-253.23333364	-0.03296882
-253.20000031	-0.02599344
-253.16666698	-0.01752392
-253.13333364	-0.00858854
-253.10000031	-0.00071242
-253.06666698	0.00570584
-253.03333364	0.00887119
-253.00000031	0.00988806
-252.96666698	0.00811069
-252.93333364	0.00540035
-252.90000031	0.00202933
-252.86666698	-0.00076944
-252.83333364	-0.00254059
-252.80000031	-0.00248340
-252.76666698	-0.00075108
-252.73333364	0.00204682
-252.70000031	0.00494790
-252.66666698	0.00782880
-252.63333364	0.01034667
-252.60000031	0.01102938
-252.56666698	0.01066578
-252.53333365	0.00848384
-252.50000031	0.00525919
-252.46666698	0.00173115
-252.43333365	-0.00217854
-252.40000031	-0.00409759
-252.36666698	-0.00495933
-252.33333365	-0.00360167
-252.30000031	-0.00168544
-252.26666698	0.00120336
-252.23333365	0.00363361
-252.20000031	0.00531551
-252.16666698	0.00536725
-252.13333365	0.00419393
-252.10000031	0.00191263
-252.06666698	-0.00125815
-252.03333365	-0.00443802
-252.00000031	-0.00705148
-251.96666698	-0.00966225
-251.93333365	-0.01189588
-251.90000031	-0.01392367
-251.86666698	-0.01657865
-251.83333365	-0.01957404
-251.80000031	-0.02258993
-251.76666698	-0.02575264
-251.73333365	-0.02842056
-251.70000032	-0.03037570
-251.66666698	-0.03114817
-251.63333365	-0.03135233
-251.60000032	-0.03018379
-251.56666698	-0.02728013
-251.53333365	-0.02297226
-251.50000032	-0.01718275
-251.46666698	-0.00990809
-251.43333365	-0.00162121
-251.40000032	0.00722023
-251.36666698	0.01655261
-251.33333365	0.02565538
-251.30000032	0.03364565
-251.26666698	0.04009815
-251.23333365	0.04471792
-251.20000032	0.04660889
-251.16666698	0.04678957
-251.13333365	0.04439024
-251.10000032	0.04024513
-251.06666698	0.03513605
-251.03333365	0.03000412
-251.00000032	0.02537992
-250.96666699	0.02159018
-250.93333365	0.01917249
-250.90000032	0.01807661
-250.86666699	0.01745443
-250.83333365	0.01735895
-250.80000032	0.01781152
-250.76666699	0.01800961
-250.73333365	0.01803882
-250.70000032	0.01808734
-250.66666699	0.01844261
-250.63333365	0.01844532
-250.60000032	0.01857290
-250.56666699	0.01931648
-250.53333365	0.02015050
-250.50000032	0.02119842
-250.46666699	0.02216203
-250.43333365	0.02294273
-250.40000032	0.02217686
-250.36666699	0.02014216
-250.33333365	0.01604293
-250.30000032	0.01040162
-250.26666699	0.00310861
-250.23333365	-0.00496990
-250.20000032	-0.01329596
-250.16666699	-0.02100646
-250.13333366	-0.02663999
-250.10000032	-0.02995580
-250.06666699	-0.03127788
-250.03333366	-0.02993508
-250.00000032	-0.02630628
-249.96666699	-0.02075999
-249.93333366	-0.01387744
-249.90000032	-0.00697983
-249.86666699	-0.00062858
-249.83333366	0.00392341
-249.80000032	0.00605600
-249.76666699	0.00499600
-249.73333366	0.00214561
-249.70000032	-0.00333577
-249.66666699	-0.00940316
-249.63333366	-0.01481039
-249.60000032	-0.01908395
-249.56666699	-0.02124410
-249.53333366	-0.02064150
-249.50000032	-0.01800017
-249.46666699	-0.01356862
-249.43333366	-0.00774081
-249.40000033	-0.00208891
-249.36666699	0.00285076
-249.33333366	0.00679009
-249.30000033	0.00865114
-249.26666699	0.00946787
-249.23333366	0.00904328
-249.20000033	0.00807756
-249.16666699	0.00667834
-249.13333366	0.00550251
-249.10000033	0.00510961
-249.06666699	0.00427864
-249.03333366	0.00457273
-249.00000033	0.00556587
-248.96666699	0.00677285
-248.93333366	0.00828620
-248.90000033	0.00988958
-248.86666699	0.01138781
-248.83333366	0.01241275
-248.80000033	0.01298303
-248.76666699	0.01263225
-248.73333366	0.01150722
-248.70000033	0.01012358
-248.66666699	0.00855215
-248.63333366	0.00754317
-248.60000033	0.00717967
-248.56666700	0.00748845
-248.53333366	0.00830784
-248.50000033	0.00854573
-248.46666700	0.00871155
-248.43333366	0.00770418
-248.40000033	0.00504365
-248.36666700	0.00125869
-248.33333366	-0.00300258
-248.30000033	-0.00801547
-248.26666700	-0.01319146
-248.23333366	-0.01810062
-248.20000033	-0.02194475
-248.16666700	-0.02531513
-248.13333366	-0.02831029
-248.10000033	-0.03114361
-248.06666700	-0.03397133
-248.03333366	-0.03657691
-248.00000033	-0.03901358
-247.96666700	-0.04176758
-247.93333366	-0.04295571
-247.90000033	-0.04339442
-247.86666700	-0.04230622
-247.83333367	-0.03905824
-247.80000033	-0.03436527
-247.76666700	-0.02834669
-247.73333367	-0.02146807
-247.70000033	-0.01434886
-247.66666700	-0.00760939
-247.63333367	-0.00125697
-247.60000033	0.00393553
-247.56666700	0.00844530
-247.53333367	0.01144471
-247.50000033	0.01330914
-247.46666700	0.01415179
-247.43333367	0.01342980
-247.40000033	0.01198790
-247.36666700	0.00959819
-247.33333367	0.00666976
-247.30000033	0.00351487
-247.26666700	0.00098170
-247.23333367	-0.00108096
-247.20000033	-0.00215804
-247.16666700	-0.00280409
-247.13333367	-0.00266965
-247.10000033	-0.00221027
-247.06666700	-0.00115818
-247.03333367	0.00007047
-247.00000034	0.00117387
-246.96666700	0.00266594
-246.93333367	0.00403381
-246.90000034	0.00532954
-246.86666700	0.00608911
-246.83333367	0.00607519
-246.80000034	0.00524103
-246.76666700	0.00362611
-246.73333367	0.00056421
-246.70000034	-0.00261652
-246.66666700	-0.00649851
-246.63333367	-0.01030873
-246.60000034	-0.01401917
-246.56666700	-0.01752165
-246.53333367	-0.01998380
-246.50000034	-0.02185012
-246.46666700	-0.02235082
-246.43333367	-0.02140036
-246.40000034	-0.01978120
-246.36666700	-0.01656357
-246.33333367	-0.01259268
-246.30000034	-0.00833774
-246.26666701	-0.00417473
-246.23333367	-0.00057106
-246.20000034	0.00182326
-246.16666701	0.00340082
-246.13333367	0.00363481
-246.10000034	0.00322501
-246.06666701	0.00257510
-246.03333367	0.00189759
-246.00000034	0.00260134
-245.96666701	0.00450201
-245.93333367	0.00814195
-245.90000034	0.01383451
-245.86666701	0.02037346
-245.83333367	0.02838641
-245.80000034	0.03620609
-245.76666701	0.04391185
-245.73333367	0.05022574
-245.70000034	0.05536941
-245.66666701	0.05903085
-245.63333367	0.06037201
-245.60000034	0.06068028
-245.56666701	0.05920657
-245.53333367	0.05612308
-245.50000034	0.05166642
-245.46666701	0.04618416
-245.43333368	0.03960931
-245.40000034	0.03262673
-245.36666701	0.02647544
-245.33333368	0.02065374
-245.30000034	0.01651504
-245.26666701	0.01348196
-245.23333368	0.01215613
-245.20000034	0.01165350
-245.16666701	0.01162979
-245.13333368	0.01203281
-245.10000034	0.01221377
-245.06666701	0.01161477
-245.03333368	0.01105798
-245.00000034	0.00988058
-244.96666701	0.00843804
-244.93333368	0.00704132
-244.90000034	0.00543373
-244.86666701	0.00386355
-244.83333368	0.00184397
-244.80000034	-0.00034776
-244.76666701	-0.00374202
-244.73333368	-0.00734856
-244.70000035	-0.01120541
-244.66666701	-0.01562195
-244.63333368	-0.02006184
-244.60000035	-0.02448430
-244.56666701	-0.02831109
-244.53333368	-0.03223215
-244.50000035	-0.03579139
-244.46666701	-0.03892420
-244.43333368	-0.04147122
-244.40000035	-0.04380642
-244.36666701	-0.04549688
-244.33333368	-0.04715560
-244.30000035	-0.04871367
-244.26666701	-0.05032834
-244.23333368	-0.05091529
-244.20000035	-0.05156261
-244.16666701	-0.05181284
-244.13333368	-0.05189339
-244.10000035	-0.05231058
-244.06666701	-0.05208702
-244.03333368	-0.05181600
-244.00000035	-0.05193847
-243.96666701	-0.05146340
-243.93333368	-0.05067900
-243.90000035	-0.05035726
-243.86666702	-0.04991286
-243.83333368	-0.04983329
-243.80000035	-0.04981489
-243.76666702	-0.04939416
-243.73333368	-0.04883053
-243.70000035	-0.04719215
-243.66666702	-0.04466371
-243.63333368	-0.04148575
-243.60000035	-0.03740587
-243.56666702	-0.03306421
-243.53333368	-0.02972685
-243.50000035	-0.02727768
-243.46666702	-0.02676676
-243.43333368	-0.02843735
-243.40000035	-0.03142190
-243.36666702	-0.03628971
-243.33333368	-0.04172745
-243.30000035	-0.04663133
-243.26666702	-0.05142222
-243.23333368	-0.05538721
-243.20000035	-0.05745098
-243.16666702	-0.05801158
-243.13333369	-0.05681371
-243.10000035	-0.05491904
-243.06666702	-0.05207703
-243.03333369	-0.04921996
-243.00000035	-0.04750029
-242.96666702	-0.04615750
-242.93333369	-0.04617824
-242.90000035	-0.04724032
-242.86666702	-0.04880245
-242.83333369	-0.04998628
-242.80000035	-0.05036790
-242.76666702	-0.04966703
-242.73333369	-0.04679066
-242.70000035	-0.04255995
-242.66666702	-0.03709578
-242.63333369	-0.03136510
-242.60000035	-0.02594400
-242.56666702	-0.02170863
-242.53333369	-0.01934563
-242.50000035	-0.01917054
-242.46666702	-0.02148946
-242.43333369	-0.02463195
-242.40000035	-0.02912197
-242.36666702	-0.03273741
-242.33333369	-0.03504272
-242.30000036	-0.03556087
-242.26666702	-0.03345595
-242.23333369	-0.02860492
-242.20000036	-0.02109795
-242.16666702	-0.01215980
-242.13333369	-0.00184510
-242.10000036	0.00822593
-242.06666702	0.01880274
-242.03333369	0.02817782
-242.00000036	0.03660569
-241.96666702	0.04380590
-241.93333369	0.04956071
-241.90000036	0.05368075
-241.86666702	0.05528597
-241.83333369	0.05476243
-241.80000036	0.05258183
-241.76666702	0.04846270
-241.73333369	0.04269018
-241.70000036	0.03656730
-241.66666702	0.03010003
-241.63333369	0.02424765
-241.60000036	0.01963813
-241.56666703	0.01559922
-241.53333369	0.01359686
-241.50000036	0.01245617
-241.46666703	0.01238602
-241.43333369	0.01307191
-241.40000036	0.01414168
-241.36666703	0.01537452
-241.33333369	0.01662461
-241.30000036	0.01793230
-241.26666703	0.01840624
-241.23333369	0.01870483
-241.20000036	0.01833395
-241.16666703	0.01734670
-241.13333369	0.01641254
-241.10000036	0.01501488
-241.06666703	0.01418035
-241.03333369	0.01393194
-241.00000036	0.01517221
-240.96666703	0.01802144
-240.93333369	0.02141930
-240.90000036	0.02549215
-240.86666703	0.02890106
-240.83333369	0.03149541
-240.80000036	0.03237708
-240.76666703	0.03140922
-240.73333370	0.02892710
-240.70000036	0.02520970
-240.66666703	0.02104444
-240.63333370	0.01759589
-240.60000036	0.01505117
-240.56666703	0.01402651
-240.53333370	0.01395780
-240.50000036	0.01534022
-240.46666703	0.01695102
-240.43333370	0.01910073
-240.40000036	0.02126022
-240.36666703	0.02319881
-240.33333370	0.02484626
-240.30000036	0.02724583
-240.26666703	0.02988274
-240.23333370	0.03255165
-240.20000036	0.03526002
-240.16666703	0.03738396
-240.13333370	0.03888460
-240.10000036	0.03940849
-240.06666703	0.03826403
-240.03333370	0.03597757
-240.00000037	0.03308493
-239.96666703	0.02944859
-239.93333370	0.02527283
-239.90000037	0.02060374
-239.86666703	0.01568134
-239.83333370	0.01132775
-239.80000037	0.00661840
-239.76666703	0.00275898
-239.73333370	-0.00044334
-239.70000037	-0.00220070
-239.66666703	-0.00224627
-239.63333370	-0.00038487
-239.60000037	0.00254065
-239.56666703	0.00749174
-239.53333370	0.01333145
-239.50000037	0.01998673
-239.46666703	0.02732979
-239.43333370	0.03431886
-239.40000037	0.04102222
-239.36666703	0.04677423
-239.33333370	0.05169227
-239.30000037	0.05551739
-239.26666703	0.05724791
-239.23333370	0.05759564
-239.20000037	0.05604378
-239.16666704	0.05224364
-239.13333370	0.04742355
-239.10000037	0.04125930
-239.06666704	0.03441320
-239.03333370	0.02687197
-239.00000037	0.02022469
-238.96666704	0.01383927
-238.93333370	0.00826116
-238.90000037	0.00362794
-238.86666704	-0.00035016
-238.83333370	-0.00275839
-238.80000037	-0.00396088
-238.76666704	-0.00306645
-238.73333370	-0.00013860
-238.70000037	0.00463870
-238.66666704	0.01086127
-238.63333370	0.01840499
-238.60000037	0.02715516
-238.56666704	0.03579639
-238.53333370	0.04377620
-238.50000037	0.05126151
-238.46666704	0.05714323
-238.43333371	0.06135374
-238.40000037	0.06439911
-238.36666704	0.06577557
-238.33333371	0.06584202
-238.30000037	0.06415778
-238.26666704	0.06146686
-238.23333371	0.05687936
-238.20000037	0.05172539
-238.16666704	0.04516249
-238.13333371	0.03893876
-238.10000037	0.03325806
-238.06666704	0.02843398
-238.03333371	0.02478268
-238.00000037	0.02291610
-237.96666704	0.02265579
-237.93333371	0.02451636
-237.90000037	0.02760371
-237.86666704	0.03157734
-237.83333371	0.03638559
-237.80000037	0.04198670
-237.76666704	0.04746926
-237.73333371	0.05250744
-237.70000037	0.05685939
-237.66666704	0.05998845
-237.63333371	0.06136171
-237.60000038	0.06085319
-237.56666704	0.05858088
-237.53333371	0.05385577
-237.50000038	0.04832983
-237.46666704	0.04106953
-237.43333371	0.03326829
-237.40000038	0.02560929
-237.36666704	0.01772267
-237.33333371	0.01056200
-237.30000038	0.00422402
-237.26666704	-0.00098507
-237.23333371	-0.00510406
-237.20000038	-0.00840869
-237.16666704	-0.01101803
-237.13333371	-0.01239157
-237.10000038	-0.01284552
-237.06666704	-0.01279549
-237.03333371	-0.01221654
-237.00000038	-0.01115530
-236.96666704	-0.00901739
-236.93333371	-0.00648940
-236.90000038	-0.00314886
-236.86666705	0.00091724
-236.83333371	0.00522398
-236.80000038	0.00999224
-236.76666705	0.01432114
-236.73333371	0.01845721
-236.70000038	0.02140938
-236.66666705	0.02350165
-236.63333371	0.02433805
-236.60000038	0.02455437
-236.56666705	0.02341474
-236.53333371	0.02174739
-236.50000038	0.01952823
-236.46666705	0.01650069
-236.43333371	0.01306776
-236.40000038	0.00929640
-236.36666705	0.00535669
-236.33333371	0.00120461
-236.30000038	-0.00320436
-236.26666705	-0.00728221
-236.23333371	-0.01068466
-236.20000038	-0.01398481
-236.16666705	-0.01613622
-236.13333371	-0.01760488
-236.10000038	-0.01855179
-236.06666705	-0.01836941
-236.03333372	-0.01778923
-236.00000038	-0.01634405
-235.96666705	-0.01444841
-235.93333372	-0.01203598
-235.90000038	-0.00970339
-235.86666705	-0.00734389
-235.83333372	-0.00553912
-235.80000038	-0.00470510
-235.76666705	-0.00457376
-235.73333372	-0.00489230
-235.70000038	-0.00616152
-235.66666705	-0.00689374
-235.63333372	-0.00782942
-235.60000038	-0.00867147
-235.56666705	-0.00901896
-235.53333372	-0.00957086
-235.50000038	-0.01035639
-235.46666705	-0.01130793
-235.43333372	-0.01236841
-235.40000038	-0.01399734
-235.36666705	-0.01537374
-235.33333372	-0.01648293
-235.30000039	-0.01765605
-235.26666705	-0.01779143
-235.23333372	-0.01713825
-235.20000039	-0.01548311
-235.16666705	-0.01300758
-235.13333372	-0.00977577
-235.10000039	-0.00607295
-235.06666705	-0.00212613
-235.03333372	0.00199243
-235.00000039	0.00547893
-234.96666705	0.00845053
-234.93333372	0.01032764
-234.90000039	0.01099414
-234.86666705	0.00999621
-234.83333372	0.00775617
-234.80000039	0.00489743
-234.76666705	0.00135481
-234.73333372	-0.00269663
-234.70000039	-0.00652326
-234.66666705	-0.00955651
-234.63333372	-0.01206222
-234.60000039	-0.01370252
-234.56666705	-0.01450700
-234.53333372	-0.01398802
-234.50000039	-0.01369689
-234.46666706	-0.01258674
-234.43333372	-0.01120721
-234.40000039	-0.00966763
-234.36666706	-0.00840445
-234.33333372	-0.00607508
-234.30000039	-0.00369348
-234.26666706	-0.00097367
-234.23333372	0.00141172
-234.20000039	0.00353472
-234.16666706	0.00538681
-234.13333372	0.00614082
-234.10000039	0.00648211
-234.06666706	0.00568558
-234.03333372	0.00368596
-234.00000039	0.00186668
-233.96666706	-0.00017906
-233.93333372	-0.00156549
-233.90000039	-0.00256012
-233.86666706	-0.00249914
-233.83333372	-0.00149628
-233.80000039	0.00057267
-233.76666706	0.00377032
-233.73333373	0.00748502
-233.70000039	0.01130141
-233.66666706	0.01444486
-233.63333373	0.01665374
-233.60000039	0.01713659
-233.56666706	0.01557701
-233.53333373	0.01281026
-233.50000039	0.00886151
-233.46666706	0.00334257
-233.43333373	-0.00166735
-233.40000039	-0.00675085
-233.36666706	-0.01088641
-233.33333373	-0.01429471
-233.30000039	-0.01724298
-233.26666706	-0.01991381
-233.23333373	-0.02207625
-233.20000039	-0.02400743
-233.16666706	-0.02621908
-233.13333373	-0.02823145
-233.10000039	-0.02970120
-233.06666706	-0.03128583
-233.03333373	-0.03193418
-233.00000039	-0.03221773
-232.96666706	-0.03214719
-232.93333373	-0.03151892
-232.90000040	-0.03077404
-232.86666706	-0.02912178
-232.83333373	-0.02760607
-232.80000040	-0.02553342
-232.76666706	-0.02305613
-232.73333373	-0.02095026
-232.70000040	-0.01846576
-232.66666706	-0.01647815
-232.63333373	-0.01442443
-232.60000040	-0.01313477
-232.56666706	-0.01191968
-232.53333373	-0.01091199
-232.50000040	-0.01009427
-232.46666706	-0.00951190
-232.43333373	-0.00944602
-232.40000040	-0.00905282
-232.36666706	-0.00860873
-232.33333373	-0.00823312
-232.30000040	-0.00776023
-232.26666706	-0.00639862
-232.23333373	-0.00498736
-232.20000040	-0.00293671
-232.16666707	-0.00117151
-232.13333373	0.00057288
-232.10000040	0.00179756
-232.06666707	0.00313867
-232.03333373	0.00379650
-232.00000040	0.00371942
-231.96666707	0.00305743
-231.93333373	0.00175267
-231.90000040	0.00020147
-231.86666707	-0.00257257
-231.83333373	-0.00549155
-231.80000040	-0.00893170
-231.76666707	-0.01268752
-231.73333373	-0.01667167
-231.70000040	-0.02065740
-231.66666707	-0.02454673
-231.63333373	-0.02811730
-231.60000040	-0.03055226
-231.56666707	-0.03242124
-231.53333373	-0.03312850
-231.50000040	-0.03245909
-231.46666707	-0.03064276
-231.43333373	-0.02807310
-231.40000040	-0.02449940
-231.36666707	-0.02046198
-231.33333374	-0.01616895
-231.30000040	-0.01161376
-231.26666707	-0.00730893
-231.23333374	-0.00275792
-231.20000040	0.00107157
-231.16666707	0.00447678
-231.13333374	0.00724067
-231.10000040	0.00905886
-231.06666707	0.00982596
-231.03333374	0.01004807
-231.00000040	0.01002048
-230.96666707	0.00889652
-230.93333374	0.00829380
-230.90000040	0.00805514
-230.86666707	0.00840535
-230.83333374	0.00946720
-230.80000040	0.01100149
-230.76666707	0.01289798
-230.73333374	0.01498131
-230.70000040	0.01690856
-230.66666707	0.01839551
-230.63333374	0.01945659
-230.60000041	0.02033138
-230.56666707	0.02083118
-230.53333374	0.02115233
-230.50000041	0.02140043
-230.46666707	0.02126461
-230.43333374	0.02160497
-230.40000041	0.02192465
-230.36666707	0.02195290
-230.33333374	0.02230366
-230.30000041	0.02201872
-230.26666707	0.02175198
-230.23333374	0.02096925
-230.20000041	0.01922052
-230.16666707	0.01768687
-230.13333374	0.01537308
-230.10000041	0.01233321
-230.06666707	0.00888944
-230.03333374	0.00482565
-230.00000041	0.00003475
-229.96666707	-0.00507409
-229.93333374	-0.01059518
-229.90000041	-0.01582541
-229.86666707	-0.02051871
-229.83333374	-0.02410934
-229.80000041	-0.02659155
-229.76666708	-0.02749185
-229.73333374	-0.02693789
-229.70000041	-0.02465243
-229.66666708	-0.02123935
-229.63333374	-0.01681834
-229.60000041	-0.01127740
-229.56666708	-0.00576982
-229.53333374	0.00008245
-229.50000041	0.00565392
-229.46666708	0.01110761
-229.43333374	0.01587093
-229.40000041	0.01967949
-229.36666708	0.02233953
-229.33333374	0.02377993
-229.30000041	0.02406693
-229.26666708	0.02314405
-229.23333374	0.02144454
-229.20000041	0.01882499
-229.16666708	0.01560228
-229.13333374	0.01217505
-229.10000041	0.00864325
-229.06666708	0.00533944
-229.03333375	0.00217222
-229.00000041	-0.00042202
-228.96666708	-0.00235435
-228.93333375	-0.00375775
-228.90000041	-0.00433853
-228.86666708	-0.00437950
-228.83333375	-0.00384609
-228.80000041	-0.00278043
-228.76666708	-0.00147616
-228.73333375	-0.00006838
-228.70000041	0.00139853
-228.66666708	0.00251696
-228.63333375	0.00333325
-228.60000041	0.00400662
-228.56666708	0.00425007
-228.53333375	0.00426514
-228.50000041	0.00401307
-228.46666708	0.00360121
-228.43333375	0.00318023
-228.40000041	0.00261468
-228.36666708	0.00210965
-228.33333375	0.00167161
-228.30000041	0.00123070
-228.26666708	0.00096738
-228.23333375	0.00077267
-228.20000042	0.00069895
-228.16666708	0.00073851
-228.13333375	0.00071154
-228.10000042	0.00072528
-228.06666708	0.00062381
-228.03333375	0.00052450
-228.00000042	0.00039278
-227.96666708	0.00029407
-227.93333375	0.00014847
-227.90000042	0.00009842
-227.86666708	0.00010561
-227.83333375	0.00017702
-227.80000042	0.00027988
-227.76666708	0.00040197
-227.73333375	0.00053109
-227.70000042	0.00062399
-227.66666708	0.00070435
-227.63333375	0.00071566
-227.60000042	0.00069104
-227.56666708	0.00063907
-227.53333375	0.00057671
-227.50000042	0.00047372
-227.46666709	0.00037747
-227.43333375	0.00027749
-227.40000042	0.00017633
-227.36666709	0.00008419
-227.33333375	-0.00000128
-227.30000042	-0.00006181
-227.26666709	-0.00009708
-227.23333375	-0.00010824
-227.20000042	-0.00010610
-227.16666709	-0.00008641
-227.13333375	-0.00006228
-227.10000042	-0.00003980
-227.06666709	-0.00002053
-227.03333375	-0.00000792
-227.00000042	-0.00000171
-226.96666709	0.00000008
-226.93333375	0.00000000
