# Menlo Systems GmbH ScanControl
# Program Version 1.3.3
# Start: -327.00000000 ps, Average over 1000 waveforms. Timestamp: 2026-05-07T11:41:15
# User time axis shift: 0 ps
# Time [ps]	THz Signal [a.u.]
-326.90000000	0.00000318
-326.86666666	-0.00006406
-326.83333333	-0.00004751
-326.80000000	0.00001920
-326.76666666	-0.00007385
-326.73333333	-0.00000614
-326.70000000	0.00005098
-326.66666666	-0.00001259
-326.63333333	-0.00006559
-326.60000000	0.00003337
-326.56666666	0.00003222
-326.53333333	-0.00003018
-326.50000000	-0.00002962
-326.46666666	0.00001606
-326.43333333	0.00010920
-326.40000000	-0.00006454
-326.36666666	0.00001073
-326.33333333	0.00001369
-326.30000000	0.00000410
-326.26666666	0.00000174
-326.23333333	0.00000042
-326.20000000	-0.00009510
-326.16666666	-0.00000387
-326.13333333	0.00001149
-326.10000000	0.00005051
-326.06666667	0.00017916
-326.03333333	0.00001730
-326.00000000	0.00000446
-325.96666667	-0.00001260
-325.93333333	-0.00005216
-325.90000000	-0.00001396
-325.86666667	-0.00001060
-325.83333333	0.00001430
-325.80000000	-0.00001227
-325.76666667	0.00003403
-325.73333333	-0.00001323
-325.70000000	0.00003047
-325.66666667	0.00003158
-325.63333333	-0.00004954
-325.60000000	0.00000539
-325.56666667	0.00001225
-325.53333333	0.00005317
-325.50000000	-0.00002161
-325.46666667	-0.00006100
-325.43333333	0.00000298
-325.40000000	0.00000213
-325.36666667	0.00000573
-325.33333334	0.00001572
-325.30000000	0.00001733
-325.26666667	0.00007938
-325.23333334	0.00006901
-325.20000000	-0.00002118
-325.16666667	0.00001784
-325.13333334	0.00001514
-325.10000000	-0.00002173
-325.06666667	-0.00006105
-325.03333334	-0.00001680
-325.00000000	-0.00002727
-324.96666667	0.00001240
-324.93333334	-0.00008978
-324.90000000	-0.00000336
-324.86666667	-0.00002158
-324.83333334	0.00001554
-324.80000000	-0.00005342
-324.76666667	0.00007435
-324.73333334	0.00002823
-324.70000000	0.00007114
-324.66666667	0.00002250
-324.63333334	0.00007534
-324.60000000	0.00004201
-324.56666667	0.00000579
-324.53333334	0.00008039
-324.50000001	0.00006695
-324.46666667	0.00008981
-324.43333334	0.00000744
-324.40000001	0.00005024
-324.36666667	0.00004879
-324.33333334	0.00006987
-324.30000001	0.00006237
-324.26666667	0.00004315
-324.23333334	0.00004884
-324.20000001	0.00009252
-324.16666667	0.00005687
-324.13333334	0.00004235
-324.10000001	-0.00002844
-324.06666667	-0.00000926
-324.03333334	0.00001727
-324.00000001	0.00000858
-323.96666667	0.00002340
-323.93333334	-0.00000518
-323.90000001	0.00000728
-323.86666667	-0.00000397
-323.83333334	-0.00000177
-323.80000001	-0.00001169
-323.76666668	-0.00007590
-323.73333334	-0.00005566
-323.70000001	-0.00008803
-323.66666668	-0.00006833
-323.63333334	-0.00008199
-323.60000001	-0.00005797
-323.56666668	0.00004330
-323.53333334	0.00000590
-323.50000001	-0.00002222
-323.46666668	-0.00008694
-323.43333334	0.00001761
-323.40000001	-0.00006415
-323.36666668	-0.00006115
-323.33333334	-0.00002544
-323.30000001	-0.00004392
-323.26666668	-0.00000252
-323.23333334	-0.00003779
-323.20000001	-0.00001038
-323.16666668	-0.00006488
-323.13333334	-0.00003257
-323.10000001	0.00000779
-323.06666668	-0.00001899
-323.03333334	-0.00002681
-323.00000001	-0.00005127
-322.96666668	0.00000102
-322.93333335	0.00005074
-322.90000001	0.00003734
-322.86666668	0.00003969
-322.83333335	-0.00004726
-322.80000001	-0.00002529
-322.76666668	0.00004900
-322.73333335	0.00008511
-322.70000001	0.00001550
-322.66666668	0.00002411
-322.63333335	-0.00001374
-322.60000001	0.00002708
-322.56666668	-0.00000474
-322.53333335	0.00000482
-322.50000001	0.00004241
-322.46666668	-0.00000684
-322.43333335	-0.00003250
-322.40000001	0.00001826
-322.36666668	0.00001094
-322.33333335	0.00001401
-322.30000001	-0.00000968
-322.26666668	0.00002506
-322.23333335	0.00000954
-322.20000002	0.00003935
-322.16666668	-0.00004842
-322.13333335	0.00001455
-322.10000002	-0.00004560
-322.06666668	0.00000920
-322.03333335	0.00002307
-322.00000002	-0.00000811
-321.96666668	-0.00000669
-321.93333335	-0.00001153
-321.90000002	0.00007355
-321.86666668	0.00008759
-321.83333335	0.00008993
-321.80000002	0.00004038
-321.76666668	-0.00001850
-321.73333335	-0.00007295
-321.70000002	-0.00004058
-321.66666668	0.00006895
-321.63333335	0.00005961
-321.60000002	-0.00002767
-321.56666668	0.00011009
-321.53333335	-0.00000853
-321.50000002	0.00002945
-321.46666668	0.00003267
-321.43333335	0.00012622
-321.40000002	0.00000643
-321.36666669	0.00005091
-321.33333335	0.00004284
-321.30000002	-0.00004112
-321.26666669	0.00000910
-321.23333335	0.00004154
-321.20000002	0.00003829
-321.16666669	-0.00009656
-321.13333335	-0.00000999
-321.10000002	0.00008203
-321.06666669	0.00006153
-321.03333335	0.00005612
-321.00000002	0.00015878
-320.96666669	0.00013025
-320.93333335	0.00005185
-320.90000002	0.00008244
-320.86666669	0.00011976
-320.83333335	0.00015829
-320.80000002	0.00015459
-320.76666669	0.00004199
-320.73333335	0.00009403
-320.70000002	0.00006110
-320.66666669	0.00005994
-320.63333336	0.00006598
-320.60000002	0.00008602
-320.56666669	0.00015906
-320.53333336	0.00013003
-320.50000002	0.00017751
-320.46666669	0.00017070
-320.43333336	0.00015886
-320.40000002	0.00013753
-320.36666669	0.00019295
-320.33333336	0.00018543
-320.30000002	0.00008016
-320.26666669	0.00013986
-320.23333336	0.00015783
-320.20000002	0.00013798
-320.16666669	0.00008212
-320.13333336	0.00014284
-320.10000002	0.00011328
-320.06666669	0.00026691
-320.03333336	0.00023224
-320.00000002	0.00021941
-319.96666669	0.00027910
-319.93333336	0.00026382
-319.90000002	0.00026381
-319.86666669	0.00029170
-319.83333336	0.00026562
-319.80000003	0.00024087
-319.76666669	0.00035236
-319.73333336	0.00034179
-319.70000003	0.00026498
-319.66666669	0.00040250
-319.63333336	0.00041207
-319.60000003	0.00033109
-319.56666669	0.00033495
-319.53333336	0.00032679
-319.50000003	0.00038071
-319.46666669	0.00038934
-319.43333336	0.00038886
-319.40000003	0.00030816
-319.36666669	0.00033571
-319.33333336	0.00040900
-319.30000003	0.00041289
-319.26666669	0.00048061
-319.23333336	0.00048248
-319.20000003	0.00037319
-319.16666669	0.00041393
-319.13333336	0.00050186
-319.10000003	0.00041754
-319.06666670	0.00044371
-319.03333336	0.00040342
-319.00000003	0.00044971
-318.96666670	0.00039899
-318.93333336	0.00050257
-318.90000003	0.00046270
-318.86666670	0.00050129
-318.83333336	0.00050667
-318.80000003	0.00048283
-318.76666670	0.00047877
-318.73333336	0.00047668
-318.70000003	0.00054550
-318.66666670	0.00043429
-318.63333336	0.00057674
-318.60000003	0.00053061
-318.56666670	0.00042035
-318.53333336	0.00049430
-318.50000003	0.00045644
-318.46666670	0.00051826
-318.43333336	0.00054558
-318.40000003	0.00047924
-318.36666670	0.00054425
-318.33333336	0.00060498
-318.30000003	0.00063794
-318.26666670	0.00052888
-318.23333337	0.00052131
-318.20000003	0.00048600
-318.16666670	0.00050052
-318.13333337	0.00057987
-318.10000003	0.00052437
-318.06666670	0.00052267
-318.03333337	0.00056956
-318.00000003	0.00049554
-317.96666670	0.00054446
-317.93333337	0.00054436
-317.90000003	0.00057605
-317.86666670	0.00052951
-317.83333337	0.00054694
-317.80000003	0.00062328
-317.76666670	0.00054462
-317.73333337	0.00049746
-317.70000003	0.00047454
-317.66666670	0.00049741
-317.63333337	0.00046475
-317.60000003	0.00049619
-317.56666670	0.00044663
-317.53333337	0.00042756
-317.50000004	0.00051987
-317.46666670	0.00036812
-317.43333337	0.00047045
-317.40000004	0.00053044
-317.36666670	0.00045541
-317.33333337	0.00055711
-317.30000004	0.00045186
-317.26666670	0.00050426
-317.23333337	0.00050260
-317.20000004	0.00046620
-317.16666670	0.00038884
-317.13333337	0.00042059
-317.10000004	0.00040297
-317.06666670	0.00041651
-317.03333337	0.00033494
-317.00000004	0.00042647
-316.96666670	0.00045220
-316.93333337	0.00033219
-316.90000004	0.00038814
-316.86666670	0.00032925
-316.83333337	0.00030020
-316.80000004	0.00031657
-316.76666670	0.00029395
-316.73333337	0.00035376
-316.70000004	0.00029460
-316.66666671	0.00038630
-316.63333337	0.00028194
-316.60000004	0.00032041
-316.56666671	0.00024328
-316.53333337	0.00025574
-316.50000004	0.00030265
-316.46666671	0.00033231
-316.43333337	0.00024936
-316.40000004	0.00030504
-316.36666671	0.00026937
-316.33333337	0.00026784
-316.30000004	0.00031940
-316.26666671	0.00031071
-316.23333337	0.00021967
-316.20000004	0.00033168
-316.16666671	0.00030576
-316.13333337	0.00018659
-316.10000004	0.00029980
-316.06666671	0.00028645
-316.03333337	0.00037076
-316.00000004	0.00015498
-315.96666671	0.00026106
-315.93333338	0.00026870
-315.90000004	0.00024488
-315.86666671	0.00024319
-315.83333338	0.00031048
-315.80000004	0.00032866
-315.76666671	0.00032751
-315.73333338	0.00011919
-315.70000004	0.00030202
-315.66666671	0.00025167
-315.63333338	0.00022854
-315.60000004	0.00025490
-315.56666671	0.00018054
-315.53333338	0.00028797
-315.50000004	0.00023469
-315.46666671	0.00018559
-315.43333338	0.00027686
-315.40000004	0.00021802
-315.36666671	0.00026804
-315.33333338	0.00014159
-315.30000004	0.00025786
-315.26666671	0.00023164
-315.23333338	0.00012491
-315.20000004	0.00014316
-315.16666671	0.00021887
-315.13333338	0.00025272
-315.10000005	0.00017176
-315.06666671	0.00020328
-315.03333338	0.00020088
-315.00000005	0.00019331
-314.96666671	0.00014524
-314.93333338	0.00026370
-314.90000005	0.00021829
-314.86666671	0.00009764
-314.83333338	0.00016435
-314.80000005	0.00005497
-314.76666671	0.00013845
-314.73333338	0.00013494
-314.70000005	0.00012496
-314.66666671	0.00010434
-314.63333338	0.00020230
-314.60000005	0.00018629
-314.56666671	0.00013961
-314.53333338	0.00011774
-314.50000005	0.00013871
-314.46666671	0.00018787
-314.43333338	0.00013301
-314.40000005	0.00012943
-314.36666672	0.00012522
-314.33333338	0.00013083
-314.30000005	0.00004686
-314.26666672	0.00017757
-314.23333338	0.00018574
-314.20000005	0.00027214
-314.16666672	0.00006242
-314.13333338	0.00011304
-314.10000005	0.00016096
-314.06666672	0.00019675
-314.03333338	0.00016472
-314.00000005	0.00007574
-313.96666672	0.00018855
-313.93333338	0.00008743
-313.90000005	0.00014329
-313.86666672	0.00013831
-313.83333338	0.00015019
-313.80000005	0.00014251
-313.76666672	0.00020092
-313.73333338	0.00014975
-313.70000005	0.00018900
-313.66666672	0.00011625
-313.63333338	0.00019620
-313.60000005	0.00022312
-313.56666672	0.00022407
-313.53333339	0.00023923
-313.50000005	0.00019193
-313.46666672	0.00023169
-313.43333339	0.00019823
-313.40000005	0.00017728
-313.36666672	0.00014726
-313.33333339	0.00016587
-313.30000005	0.00012136
-313.26666672	0.00017062
-313.23333339	0.00015828
-313.20000005	0.00020010
-313.16666672	0.00026313
-313.13333339	0.00026163
-313.10000005	0.00018781
-313.06666672	0.00016052
-313.03333339	0.00017204
-313.00000005	0.00023380
-312.96666672	0.00015215
-312.93333339	0.00015648
-312.90000005	0.00013337
-312.86666672	0.00015552
-312.83333339	0.00012569
-312.80000006	0.00015024
-312.76666672	0.00014515
-312.73333339	0.00023338
-312.70000006	0.00014615
-312.66666672	0.00013737
-312.63333339	0.00023716
-312.60000006	0.00024094
-312.56666672	0.00020864
-312.53333339	0.00022963
-312.50000006	0.00023837
-312.46666672	0.00014876
-312.43333339	0.00017875
-312.40000006	0.00013990
-312.36666672	0.00012619
-312.33333339	0.00019509
-312.30000006	0.00025236
-312.26666672	0.00012655
-312.23333339	0.00011239
-312.20000006	0.00017622
-312.16666672	0.00018092
-312.13333339	0.00014663
-312.10000006	0.00013679
-312.06666672	0.00015333
-312.03333339	0.00009411
-312.00000006	0.00019814
-311.96666673	0.00025840
-311.93333339	0.00011635
-311.90000006	0.00022894
-311.86666673	0.00018900
-311.83333339	0.00014452
-311.80000006	0.00017926
-311.76666673	0.00015337
-311.73333339	0.00014842
-311.70000006	0.00011351
-311.66666673	0.00015510
-311.63333339	0.00014160
-311.60000006	0.00010168
-311.56666673	0.00018345
-311.53333339	0.00010713
-311.50000006	0.00013244
-311.46666673	0.00016939
-311.43333339	0.00016337
-311.40000006	0.00011860
-311.36666673	0.00013936
-311.33333339	0.00014986
-311.30000006	0.00006079
-311.26666673	0.00016485
-311.23333340	0.00025639
-311.20000006	0.00014868
-311.16666673	0.00012801
-311.13333340	0.00005354
-311.10000006	0.00010212
-311.06666673	0.00004381
-311.03333340	0.00019826
-311.00000006	0.00012932
-310.96666673	0.00011255
-310.93333340	0.00014670
-310.90000006	0.00016805
-310.86666673	0.00014880
-310.83333340	0.00007111
-310.80000006	0.00014641
-310.76666673	0.00001457
-310.73333340	0.00015652
-310.70000006	0.00006483
-310.66666673	0.00009609
-310.63333340	0.00012748
-310.60000006	0.00007207
-310.56666673	-0.00000225
-310.53333340	0.00001857
-310.50000006	0.00008781
-310.46666673	0.00000948
-310.43333340	0.00005712
-310.40000007	0.00013656
-310.36666673	0.00002837
-310.33333340	0.00003800
-310.30000007	0.00007873
-310.26666673	0.00004717
-310.23333340	0.00006536
-310.20000007	0.00008955
-310.16666673	0.00002918
-310.13333340	0.00002218
-310.10000007	0.00004455
-310.06666673	0.00001770
-310.03333340	-0.00002547
-310.00000007	0.00005184
-309.96666673	-0.00000238
-309.93333340	0.00003149
-309.90000007	-0.00005065
-309.86666673	0.00004846
-309.83333340	0.00000091
-309.80000007	0.00002379
-309.76666673	0.00002908
-309.73333340	0.00002503
-309.70000007	0.00009277
-309.66666674	0.00002291
-309.63333340	0.00003687
-309.60000007	-0.00003919
-309.56666674	0.00003649
-309.53333340	0.00007293
-309.50000007	-0.00001334
-309.46666674	0.00004061
-309.43333340	0.00002680
-309.40000007	0.00000644
-309.36666674	-0.00001594
-309.33333340	0.00000294
-309.30000007	0.00005701
-309.26666674	-0.00000109
-309.23333340	-0.00000222
-309.20000007	-0.00000158
-309.16666674	-0.00004745
-309.13333340	-0.00005123
-309.10000007	-0.00003668
-309.06666674	-0.00002571
-309.03333340	-0.00000152
-309.00000007	-0.00000940
-308.96666674	-0.00003819
-308.93333340	-0.00002392
-308.90000007	-0.00004673
-308.86666674	0.00000893
-308.83333341	-0.00003710
-308.80000007	0.00000224
-308.76666674	0.00004267
-308.73333341	0.00004943
-308.70000007	0.00003213
-308.66666674	0.00005245
-308.63333341	0.00003444
-308.60000007	0.00000342
-308.56666674	-0.00000127
-308.53333341	-0.00004965
-308.50000007	-0.00000391
-308.46666674	-0.00006000
-308.43333341	-0.00001744
-308.40000007	-0.00010519
-308.36666674	-0.00005083
-308.33333341	-0.00002412
-308.30000007	-0.00008147
-308.26666674	-0.00012270
-308.23333341	-0.00008818
-308.20000007	-0.00005564
-308.16666674	-0.00012861
-308.13333341	-0.00008899
-308.10000008	-0.00007042
-308.06666674	-0.00011665
-308.03333341	-0.00011849
-308.00000008	-0.00004972
-307.96666674	-0.00009381
-307.93333341	-0.00011625
-307.90000008	-0.00004378
-307.86666674	-0.00007181
-307.83333341	-0.00001506
-307.80000008	-0.00002965
-307.76666674	-0.00012215
-307.73333341	-0.00012888
-307.70000008	-0.00010575
-307.66666674	-0.00009579
-307.63333341	-0.00012040
-307.60000008	-0.00008019
-307.56666674	-0.00012182
-307.53333341	-0.00014144
-307.50000008	-0.00015731
-307.46666674	-0.00017269
-307.43333341	-0.00016824
-307.40000008	-0.00018793
-307.36666674	-0.00019120
-307.33333341	-0.00023671
-307.30000008	-0.00019279
-307.26666675	-0.00018934
-307.23333341	-0.00019612
-307.20000008	-0.00032024
-307.16666675	-0.00023082
-307.13333341	-0.00026473
-307.10000008	-0.00024533
-307.06666675	-0.00023077
-307.03333341	-0.00018907
-307.00000008	-0.00032470
-306.96666675	-0.00033408
-306.93333341	-0.00033648
-306.90000008	-0.00035795
-306.86666675	-0.00023697
-306.83333341	-0.00036681
-306.80000008	-0.00024059
-306.76666675	-0.00041242
-306.73333341	-0.00042826
-306.70000008	-0.00036706
-306.66666675	-0.00039053
-306.63333341	-0.00039394
-306.60000008	-0.00043188
-306.56666675	-0.00054330
-306.53333342	-0.00058433
-306.50000008	-0.00052650
-306.46666675	-0.00052370
-306.43333342	-0.00066894
-306.40000008	-0.00069349
-306.36666675	-0.00061520
-306.33333342	-0.00063493
-306.30000008	-0.00069690
-306.26666675	-0.00068382
-306.23333342	-0.00071146
-306.20000008	-0.00064578
-306.16666675	-0.00078975
-306.13333342	-0.00064809
-306.10000008	-0.00076363
-306.06666675	-0.00078841
-306.03333342	-0.00074513
-306.00000008	-0.00079823
-305.96666675	-0.00072307
-305.93333342	-0.00075721
-305.90000008	-0.00077190
-305.86666675	-0.00076969
-305.83333342	-0.00076768
-305.80000008	-0.00071962
-305.76666675	-0.00071791
-305.73333342	-0.00080764
-305.70000009	-0.00070404
-305.66666675	-0.00073514
-305.63333342	-0.00074537
-305.60000009	-0.00071732
-305.56666675	-0.00081666
-305.53333342	-0.00076113
-305.50000009	-0.00079521
-305.46666675	-0.00069698
-305.43333342	-0.00072522
-305.40000009	-0.00086749
-305.36666675	-0.00082007
-305.33333342	-0.00082344
-305.30000009	-0.00085048
-305.26666675	-0.00085559
-305.23333342	-0.00080673
-305.20000009	-0.00077932
-305.16666675	-0.00081294
-305.13333342	-0.00080307
-305.10000009	-0.00082685
-305.06666675	-0.00075843
-305.03333342	-0.00080455
-305.00000009	-0.00081386
-304.96666676	-0.00074383
-304.93333342	-0.00071791
-304.90000009	-0.00071383
-304.86666676	-0.00072640
-304.83333342	-0.00066989
-304.80000009	-0.00060685
-304.76666676	-0.00059876
-304.73333342	-0.00054775
-304.70000009	-0.00062483
-304.66666676	-0.00060124
-304.63333342	-0.00064499
-304.60000009	-0.00052347
-304.56666676	-0.00048103
-304.53333342	-0.00055797
-304.50000009	-0.00044694
-304.46666676	-0.00045192
-304.43333342	-0.00044312
-304.40000009	-0.00039961
-304.36666676	-0.00026154
-304.33333342	-0.00035483
-304.30000009	-0.00032109
-304.26666676	-0.00039691
-304.23333342	-0.00029482
-304.20000009	-0.00028494
-304.16666676	-0.00026115
-304.13333343	-0.00030109
-304.10000009	-0.00019351
-304.06666676	-0.00019908
-304.03333343	-0.00024294
-304.00000009	-0.00032496
-303.96666676	-0.00021316
-303.93333343	-0.00016788
-303.90000009	-0.00020922
-303.86666676	-0.00021539
-303.83333343	-0.00024675
-303.80000009	-0.00016951
-303.76666676	-0.00025096
-303.73333343	-0.00016398
-303.70000009	-0.00020074
-303.66666676	-0.00018047
-303.63333343	-0.00022918
-303.60000009	-0.00021814
-303.56666676	-0.00028840
-303.53333343	-0.00028250
-303.50000009	-0.00030511
-303.46666676	-0.00026896
-303.43333343	-0.00030710
-303.40000010	-0.00038204
-303.36666676	-0.00039320
-303.33333343	-0.00044321
-303.30000010	-0.00054039
-303.26666676	-0.00052856
-303.23333343	-0.00051681
-303.20000010	-0.00063655
-303.16666676	-0.00062080
-303.13333343	-0.00057208
-303.10000010	-0.00067628
-303.06666676	-0.00081264
-303.03333343	-0.00079102
-303.00000010	-0.00071312
-302.96666676	-0.00082879
-302.93333343	-0.00089048
-302.90000010	-0.00088127
-302.86666676	-0.00082318
-302.83333343	-0.00085702
-302.80000010	-0.00094208
-302.76666676	-0.00096634
-302.73333343	-0.00099990
-302.70000010	-0.00095732
-302.66666676	-0.00107842
-302.63333343	-0.00111096
-302.60000010	-0.00120184
-302.56666677	-0.00115890
-302.53333343	-0.00114989
-302.50000010	-0.00115037
-302.46666677	-0.00121339
-302.43333343	-0.00125442
-302.40000010	-0.00118030
-302.36666677	-0.00125263
-302.33333343	-0.00124630
-302.30000010	-0.00121342
-302.26666677	-0.00123554
-302.23333343	-0.00117314
-302.20000010	-0.00120070
-302.16666677	-0.00129864
-302.13333343	-0.00120554
-302.10000010	-0.00114799
-302.06666677	-0.00118452
-302.03333343	-0.00118408
-302.00000010	-0.00119621
-301.96666677	-0.00117305
-301.93333343	-0.00122420
-301.90000010	-0.00106058
-301.86666677	-0.00097463
-301.83333344	-0.00090943
-301.80000010	-0.00080865
-301.76666677	-0.00084329
-301.73333344	-0.00075198
-301.70000010	-0.00073504
-301.66666677	-0.00065723
-301.63333344	-0.00053433
-301.60000010	-0.00056202
-301.56666677	-0.00047187
-301.53333344	-0.00046906
-301.50000010	-0.00028698
-301.46666677	-0.00023902
-301.43333344	-0.00007173
-301.40000010	-0.00004100
-301.36666677	0.00004596
-301.33333344	0.00014292
-301.30000010	0.00020102
-301.26666677	0.00024482
-301.23333344	0.00037821
-301.20000010	0.00048251
-301.16666677	0.00059272
-301.13333344	0.00071670
-301.10000010	0.00083239
-301.06666677	0.00086616
-301.03333344	0.00099694
-301.00000011	0.00119087
-300.96666677	0.00122545
-300.93333344	0.00133219
-300.90000011	0.00148787
-300.86666677	0.00156794
-300.83333344	0.00169778
-300.80000011	0.00176383
-300.76666677	0.00189993
-300.73333344	0.00193887
-300.70000011	0.00197351
-300.66666677	0.00208945
-300.63333344	0.00218314
-300.60000011	0.00223721
-300.56666677	0.00226393
-300.53333344	0.00234696
-300.50000011	0.00243107
-300.46666677	0.00255007
-300.43333344	0.00261413
-300.40000011	0.00262655
-300.36666677	0.00272162
-300.33333344	0.00272709
-300.30000011	0.00285962
-300.26666678	0.00291986
-300.23333344	0.00294721
-300.20000011	0.00307005
-300.16666678	0.00316458
-300.13333344	0.00312806
-300.10000011	0.00322768
-300.06666678	0.00329092
-300.03333344	0.00324730
-300.00000011	0.00332173
-299.96666678	0.00337587
-299.93333344	0.00339583
-299.90000011	0.00348609
-299.86666678	0.00365997
-299.83333344	0.00365796
-299.80000011	0.00371618
-299.76666678	0.00364132
-299.73333344	0.00375053
-299.70000011	0.00375232
-299.66666678	0.00379526
-299.63333344	0.00382653
-299.60000011	0.00377108
-299.56666678	0.00381339
-299.53333344	0.00397942
-299.50000011	0.00397242
-299.46666678	0.00394718
-299.43333345	0.00401266
-299.40000011	0.00390165
-299.36666678	0.00398104
-299.33333345	0.00407138
-299.30000011	0.00411064
-299.26666678	0.00409281
-299.23333345	0.00401297
-299.20000011	0.00394031
-299.16666678	0.00402123
-299.13333345	0.00395052
-299.10000011	0.00390773
-299.06666678	0.00398410
-299.03333345	0.00387544
-299.00000011	0.00385130
-298.96666678	0.00377455
-298.93333345	0.00373925
-298.90000011	0.00356422
-298.86666678	0.00351697
-298.83333345	0.00343352
-298.80000011	0.00337664
-298.76666678	0.00318955
-298.73333345	0.00314708
-298.70000012	0.00310731
-298.66666678	0.00291233
-298.63333345	0.00286852
-298.60000012	0.00278587
-298.56666678	0.00268238
-298.53333345	0.00240579
-298.50000012	0.00243877
-298.46666678	0.00239474
-298.43333345	0.00223179
-298.40000012	0.00194947
-298.36666678	0.00200866
-298.33333345	0.00181248
-298.30000012	0.00162840
-298.26666678	0.00141620
-298.23333345	0.00131893
-298.20000012	0.00108180
-298.16666678	0.00098166
-298.13333345	0.00071462
-298.10000012	0.00049617
-298.06666678	0.00030600
-298.03333345	0.00013101
-298.00000012	-0.00014225
-297.96666678	-0.00030933
-297.93333345	-0.00054462
-297.90000012	-0.00084419
-297.86666679	-0.00109068
-297.83333345	-0.00125876
-297.80000012	-0.00153533
-297.76666679	-0.00169832
-297.73333345	-0.00197373
-297.70000012	-0.00212661
-297.66666679	-0.00240600
-297.63333345	-0.00255608
-297.60000012	-0.00275637
-297.56666679	-0.00301404
-297.53333345	-0.00316490
-297.50000012	-0.00331024
-297.46666679	-0.00344569
-297.43333345	-0.00361445
-297.40000012	-0.00369515
-297.36666679	-0.00383650
-297.33333345	-0.00395110
-297.30000012	-0.00396800
-297.26666679	-0.00400364
-297.23333345	-0.00398644
-297.20000012	-0.00408713
-297.16666679	-0.00404507
-297.13333346	-0.00399803
-297.10000012	-0.00408336
-297.06666679	-0.00397978
-297.03333346	-0.00388967
-297.00000012	-0.00382519
-296.96666679	-0.00366758
-296.93333346	-0.00363462
-296.90000012	-0.00351071
-296.86666679	-0.00342760
-296.83333346	-0.00327508
-296.80000012	-0.00321788
-296.76666679	-0.00303055
-296.73333346	-0.00290687
-296.70000012	-0.00275471
-296.66666679	-0.00269927
-296.63333346	-0.00251876
-296.60000012	-0.00239094
-296.56666679	-0.00225291
-296.53333346	-0.00217248
-296.50000012	-0.00203577
-296.46666679	-0.00182973
-296.43333346	-0.00168411
-296.40000012	-0.00154187
-296.36666679	-0.00134183
-296.33333346	-0.00120751
-296.30000013	-0.00106681
-296.26666679	-0.00081256
-296.23333346	-0.00058725
-296.20000013	-0.00046320
-296.16666679	-0.00029645
-296.13333346	-0.00010964
-296.10000013	0.00011202
-296.06666679	0.00044576
-296.03333346	0.00054961
-296.00000013	0.00067614
-295.96666679	0.00093158
-295.93333346	0.00118082
-295.90000013	0.00128176
-295.86666679	0.00147891
-295.83333346	0.00163539
-295.80000013	0.00189292
-295.76666679	0.00201312
-295.73333346	0.00220812
-295.70000013	0.00230622
-295.66666679	0.00250776
-295.63333346	0.00264759
-295.60000013	0.00273515
-295.56666680	0.00291283
-295.53333346	0.00302644
-295.50000013	0.00306522
-295.46666680	0.00326204
-295.43333346	0.00327223
-295.40000013	0.00335849
-295.36666680	0.00338931
-295.33333346	0.00353272
-295.30000013	0.00349913
-295.26666680	0.00359327
-295.23333346	0.00360800
-295.20000013	0.00366676
-295.16666680	0.00367542
-295.13333346	0.00377227
-295.10000013	0.00366169
-295.06666680	0.00368616
-295.03333346	0.00370616
-295.00000013	0.00373441
-294.96666680	0.00369250
-294.93333346	0.00359985
-294.90000013	0.00363084
-294.86666680	0.00358923
-294.83333346	0.00358204
-294.80000013	0.00354889
-294.76666680	0.00347983
-294.73333347	0.00339226
-294.70000013	0.00339585
-294.66666680	0.00331796
-294.63333347	0.00323299
-294.60000013	0.00310687
-294.56666680	0.00312372
-294.53333347	0.00297803
-294.50000013	0.00285079
-294.46666680	0.00274291
-294.43333347	0.00252696
-294.40000013	0.00242850
-294.36666680	0.00238579
-294.33333347	0.00234786
-294.30000013	0.00218049
-294.26666680	0.00203936
-294.23333347	0.00195088
-294.20000013	0.00175350
-294.16666680	0.00169185
-294.13333347	0.00151491
-294.10000013	0.00143236
-294.06666680	0.00132177
-294.03333347	0.00114329
-294.00000014	0.00105018
-293.96666680	0.00087985
-293.93333347	0.00081694
-293.90000014	0.00079789
-293.86666680	0.00072522
-293.83333347	0.00064997
-293.80000014	0.00044610
-293.76666680	0.00046357
-293.73333347	0.00041545
-293.70000014	0.00029345
-293.66666680	0.00029688
-293.63333347	0.00019489
-293.60000014	0.00014170
-293.56666680	0.00008146
-293.53333347	-0.00007522
-293.50000014	-0.00005403
-293.46666680	-0.00012043
-293.43333347	-0.00015651
-293.40000014	-0.00018652
-293.36666680	-0.00019345
-293.33333347	-0.00030927
-293.30000014	-0.00030202
-293.26666680	-0.00042801
-293.23333347	-0.00042378
-293.20000014	-0.00056881
-293.16666681	-0.00063977
-293.13333347	-0.00059248
-293.10000014	-0.00065305
-293.06666681	-0.00069189
-293.03333347	-0.00067706
-293.00000014	-0.00065499
-292.96666681	-0.00073176
-292.93333347	-0.00087575
-292.90000014	-0.00082737
-292.86666681	-0.00078915
-292.83333347	-0.00080970
-292.80000014	-0.00087214
-292.76666681	-0.00098937
-292.73333347	-0.00088996
-292.70000014	-0.00103364
-292.66666681	-0.00099680
-292.63333347	-0.00091185
-292.60000014	-0.00106470
-292.56666681	-0.00101906
-292.53333347	-0.00101333
-292.50000014	-0.00096389
-292.46666681	-0.00088775
-292.43333348	-0.00088693
-292.40000014	-0.00084908
-292.36666681	-0.00083630
-292.33333348	-0.00084053
-292.30000014	-0.00077794
-292.26666681	-0.00068102
-292.23333348	-0.00063432
-292.20000014	-0.00059671
-292.16666681	-0.00055239
-292.13333348	-0.00046340
-292.10000014	-0.00042448
-292.06666681	-0.00025733
-292.03333348	-0.00025066
-292.00000014	-0.00015337
-291.96666681	-0.00004575
-291.93333348	0.00017922
-291.90000014	0.00016014
-291.86666681	0.00029073
-291.83333348	0.00040411
-291.80000014	0.00063928
-291.76666681	0.00071816
-291.73333348	0.00081873
-291.70000014	0.00097343
-291.66666681	0.00110853
-291.63333348	0.00121742
-291.60000015	0.00152490
-291.56666681	0.00175408
-291.53333348	0.00189444
-291.50000015	0.00202462
-291.46666681	0.00223348
-291.43333348	0.00244952
-291.40000015	0.00258166
-291.36666681	0.00273759
-291.33333348	0.00294462
-291.30000015	0.00303417
-291.26666681	0.00314053
-291.23333348	0.00319808
-291.20000015	0.00314382
-291.16666681	0.00301165
-291.13333348	0.00270180
-291.10000015	0.00237800
-291.06666681	0.00191759
-291.03333348	0.00133643
-291.00000015	0.00080037
-290.96666681	0.00010500
-290.93333348	-0.00061806
-290.90000015	-0.00119787
-290.86666682	-0.00168234
-290.83333348	-0.00213720
-290.80000015	-0.00235821
-290.76666682	-0.00242877
-290.73333348	-0.00234880
-290.70000015	-0.00212766
-290.66666682	-0.00190968
-290.63333348	-0.00149107
-290.60000015	-0.00096739
-290.56666682	-0.00053703
-290.53333348	-0.00001814
-290.50000015	0.00038209
-290.46666682	0.00089739
-290.43333348	0.00144336
-290.40000015	0.00191290
-290.36666682	0.00235186
-290.33333348	0.00279661
-290.30000015	0.00307918
-290.26666682	0.00344403
-290.23333348	0.00386554
-290.20000015	0.00417618
-290.16666682	0.00443703
-290.13333348	0.00466353
-290.10000015	0.00484869
-290.06666682	0.00510858
-290.03333349	0.00524972
-290.00000015	0.00536649
-289.96666682	0.00548728
-289.93333349	0.00552300
-289.90000015	0.00548305
-289.86666682	0.00544137
-289.83333349	0.00527349
-289.80000015	0.00497228
-289.76666682	0.00471860
-289.73333349	0.00423856
-289.70000015	0.00368137
-289.66666682	0.00300897
-289.63333349	0.00233729
-289.60000015	0.00158113
-289.56666682	0.00073553
-289.53333349	-0.00009005
-289.50000015	-0.00089030
-289.46666682	-0.00161937
-289.43333349	-0.00228941
-289.40000015	-0.00286619
-289.36666682	-0.00305414
-289.33333349	-0.00317281
-289.30000016	-0.00321405
-289.26666682	-0.00279384
-289.23333349	-0.00235848
-289.20000016	-0.00176400
-289.16666682	-0.00095855
-289.13333349	-0.00012268
-289.10000016	0.00057855
-289.06666682	0.00151259
-289.03333349	0.00227223
-289.00000016	0.00293334
-288.96666682	0.00359346
-288.93333349	0.00413835
-288.90000016	0.00463370
-288.86666682	0.00498234
-288.83333349	0.00523598
-288.80000016	0.00549790
-288.76666682	0.00575110
-288.73333349	0.00599095
-288.70000016	0.00615721
-288.66666682	0.00621935
-288.63333349	0.00649337
-288.60000016	0.00660676
-288.56666682	0.00675040
-288.53333349	0.00689381
-288.50000016	0.00692009
-288.46666683	0.00703092
-288.43333349	0.00702724
-288.40000016	0.00705463
-288.36666683	0.00719750
-288.33333349	0.00713306
-288.30000016	0.00718359
-288.26666683	0.00725911
-288.23333349	0.00723271
-288.20000016	0.00714520
-288.16666683	0.00704576
-288.13333349	0.00697742
-288.10000016	0.00691978
-288.06666683	0.00686233
-288.03333349	0.00673020
-288.00000016	0.00674842
-287.96666683	0.00673926
-287.93333349	0.00667722
-287.90000016	0.00668063
-287.86666683	0.00675783
-287.83333349	0.00677773
-287.80000016	0.00684586
-287.76666683	0.00686491
-287.73333350	0.00691990
-287.70000016	0.00709110
-287.66666683	0.00713968
-287.63333350	0.00722699
-287.60000016	0.00737680
-287.56666683	0.00729527
-287.53333350	0.00747708
-287.50000016	0.00753340
-287.46666683	0.00760835
-287.43333350	0.00772094
-287.40000016	0.00778871
-287.36666683	0.00782756
-287.33333350	0.00785375
-287.30000016	0.00787244
-287.26666683	0.00791213
-287.23333350	0.00786458
-287.20000016	0.00798543
-287.16666683	0.00784688
-287.13333350	0.00782062
-287.10000016	0.00776041
-287.06666683	0.00772784
-287.03333350	0.00761121
-287.00000016	0.00755411
-286.96666683	0.00756349
-286.93333350	0.00754131
-286.90000017	0.00753833
-286.86666683	0.00771284
-286.83333350	0.00790280
-286.80000017	0.00797704
-286.76666683	0.00807595
-286.73333350	0.00829417
-286.70000017	0.00833614
-286.66666683	0.00835245
-286.63333350	0.00830315
-286.60000017	0.00803752
-286.56666683	0.00775212
-286.53333350	0.00731130
-286.50000017	0.00667196
-286.46666683	0.00614102
-286.43333350	0.00544576
-286.40000017	0.00469775
-286.36666683	0.00416734
-286.33333350	0.00368286
-286.30000017	0.00342072
-286.26666683	0.00348414
-286.23333350	0.00387562
-286.20000017	0.00450763
-286.16666684	0.00541478
-286.13333350	0.00651136
-286.10000017	0.00781109
-286.06666684	0.00931573
-286.03333350	0.01069527
-286.00000017	0.01225011
-285.96666684	0.01362986
-285.93333350	0.01507210
-285.90000017	0.01633783
-285.86666684	0.01750033
-285.83333350	0.01871862
-285.80000017	0.01989450
-285.76666684	0.02094729
-285.73333350	0.02188633
-285.70000017	0.02285118
-285.66666684	0.02388321
-285.63333350	0.02485266
-285.60000017	0.02597134
-285.56666684	0.02715744
-285.53333350	0.02826970
-285.50000017	0.02948805
-285.46666684	0.03084749
-285.43333350	0.03230998
-285.40000017	0.03371429
-285.36666684	0.03533697
-285.33333351	0.03696539
-285.30000017	0.03891105
-285.26666684	0.04076586
-285.23333351	0.04277943
-285.20000017	0.04489395
-285.16666684	0.04717830
-285.13333351	0.04941705
-285.10000017	0.05181538
-285.06666684	0.05429258
-285.03333351	0.05683360
-285.00000017	0.05958528
-284.96666684	0.06260655
-284.93333351	0.06560225
-284.90000017	0.06907707
-284.86666684	0.07255381
-284.83333351	0.07641068
-284.80000017	0.08045007
-284.76666684	0.08490198
-284.73333351	0.08958591
-284.70000017	0.09443266
-284.66666684	0.09961715
-284.63333351	0.10517339
-284.60000018	0.11088651
-284.56666684	0.11687263
-284.53333351	0.12309271
-284.50000018	0.12953460
-284.46666684	0.13628241
-284.43333351	0.14336433
-284.40000018	0.15081844
-284.36666684	0.15851093
-284.33333351	0.16671287
-284.30000018	0.17517462
-284.26666684	0.18419786
-284.23333351	0.19368060
-284.20000018	0.20367174
-284.16666684	0.21407412
-284.13333351	0.22506615
-284.10000018	0.23641525
-284.06666684	0.24802802
-284.03333351	0.25977205
-284.00000018	0.27142914
-283.96666684	0.28295555
-283.93333351	0.29395507
-283.90000018	0.30413149
-283.86666684	0.31333226
-283.83333351	0.32094056
-283.80000018	0.32667528
-283.76666685	0.32998678
-283.73333351	0.32997308
-283.70000018	0.32610937
-283.66666685	0.31697793
-283.63333351	0.30096268
-283.60000018	0.27563535
-283.56666685	0.23849008
-283.53333351	0.18564845
-283.50000018	0.11282072
-283.46666685	0.01458313
-283.43333351	-0.11428755
-283.40000018	-0.27890954
-283.36666685	-0.48314491
-283.33333351	-0.72822126
-283.30000018	-1.01179195
-283.26666685	-1.32612008
-283.23333351	-1.65855801
-283.20000018	-1.99098092
-283.16666685	-2.30141329
-283.13333351	-2.56649117
-283.10000018	-2.76384219
-283.06666685	-2.87507979
-283.03333352	-2.88921295
-283.00000018	-2.80440905
-282.96666685	-2.62801082
-282.93333352	-2.37498343
-282.90000018	-2.06575994
-282.86666685	-1.72189154
-282.83333352	-1.36357418
-282.80000018	-1.00739436
-282.76666685	-0.66659170
-282.73333352	-0.35021938
-282.70000018	-0.06415071
-282.66666685	0.18773343
-282.63333352	0.40354208
-282.60000018	0.58363016
-282.56666685	0.72956740
-282.53333352	0.84502782
-282.50000018	0.93444012
-282.46666685	1.00263326
-282.43333352	1.05360565
-282.40000018	1.09026468
-282.36666685	1.11447323
-282.33333352	1.12715347
-282.30000018	1.12965150
-282.26666685	1.12380813
-282.23333352	1.11183482
-282.20000019	1.09621760
-282.16666685	1.07879408
-282.13333352	1.06049598
-282.10000019	1.04097088
-282.06666685	1.01843886
-282.03333352	0.99089898
-282.00000019	0.95684526
-281.96666685	0.91486960
-281.93333352	0.86504452
-281.90000019	0.80807284
-281.86666685	0.74514348
-281.83333352	0.67765823
-281.80000019	0.60716875
-281.76666685	0.53554936
-281.73333352	0.46489043
-281.70000019	0.39831281
-281.66666685	0.33876473
-281.63333352	0.28954512
-281.60000019	0.25339691
-281.56666685	0.23177969
-281.53333352	0.22476377
-281.50000019	0.23070915
-281.46666686	0.24614406
-281.43333352	0.26637295
-281.40000019	0.28709444
-281.36666686	0.30367809
-281.33333352	0.31289466
-281.30000019	0.31234970
-281.26666686	0.30071078
-281.23333352	0.27764215
-281.20000019	0.24359965
-281.16666686	0.20045660
-281.13333352	0.15090881
-281.10000019	0.09866776
-281.06666686	0.04842132
-281.03333352	0.00454868
-281.00000019	-0.02930474
-280.96666686	-0.05083153
-280.93333352	-0.05951455
-280.90000019	-0.05709781
-280.86666686	-0.04675849
-280.83333352	-0.03218715
-280.80000019	-0.01657037
-280.76666686	-0.00243154
-280.73333352	0.00909704
-280.70000019	0.01798615
-280.66666686	0.02460756
-280.63333353	0.02973953
-280.60000019	0.03387736
-280.56666686	0.03658123
-280.53333353	0.03787036
-280.50000019	0.03698721
-280.46666686	0.03414910
-280.43333353	0.02934595
-280.40000019	0.02305020
-280.36666686	0.01599110
-280.33333353	0.00887811
-280.30000019	0.00217609
-280.26666686	-0.00399455
-280.23333353	-0.00973122
-280.20000019	-0.01516037
-280.16666686	-0.02133148
-280.13333353	-0.02900771
-280.10000019	-0.03894099
-280.06666686	-0.05169806
-280.03333353	-0.06712062
-280.00000019	-0.08440466
-279.96666686	-0.10159602
-279.93333353	-0.11665207
-279.90000020	-0.12731543
-279.86666686	-0.13147933
-279.83333353	-0.12849710
-279.80000020	-0.11800499
-279.76666686	-0.10110970
-279.73333353	-0.07893828
-279.70000020	-0.05313442
-279.66666686	-0.02525956
-279.63333353	0.00368382
-279.60000020	0.03220139
-279.56666686	0.05857167
-279.53333353	0.08113398
-279.50000020	0.09736516
-279.46666686	0.10502618
-279.43333353	0.10243674
-279.40000020	0.08882306
-279.36666686	0.06461775
-279.33333353	0.03255682
-279.30000020	-0.00424496
-279.26666686	-0.04126296
-279.23333353	-0.07449503
-279.20000020	-0.10069989
-279.16666686	-0.11712244
-279.13333353	-0.12291738
-279.10000020	-0.11835025
-279.06666687	-0.10456014
-279.03333353	-0.08388914
-279.00000020	-0.05919918
-278.96666687	-0.03401723
-278.93333353	-0.01170529
-278.90000020	0.00514683
-278.86666687	0.01430362
-278.83333353	0.01530187
-278.80000020	0.00846561
-278.76666687	-0.00470311
-278.73333353	-0.02223629
-278.70000020	-0.04197657
-278.66666687	-0.06153399
-278.63333353	-0.07955857
-278.60000020	-0.09448413
-278.56666687	-0.10611230
-278.53333353	-0.11397000
-278.50000020	-0.11847512
-278.46666687	-0.11999524
-278.43333353	-0.11932232
-278.40000020	-0.11658499
-278.36666687	-0.11209025
-278.33333354	-0.10592590
-278.30000020	-0.09807392
-278.26666687	-0.08860230
-278.23333354	-0.07776015
-278.20000020	-0.06603238
-278.16666687	-0.05457144
-278.13333354	-0.04450864
-278.10000020	-0.03709663
-278.06666687	-0.03271156
-278.03333354	-0.03140500
-278.00000020	-0.03184654
-277.96666687	-0.03213209
-277.93333354	-0.02979813
-277.90000020	-0.02321677
-277.86666687	-0.01169597
-277.83333354	0.00411649
-277.80000020	0.02146709
-277.76666687	0.03717666
-277.73333354	0.04813390
-277.70000020	0.05224009
-277.66666687	0.04912724
-277.63333354	0.03985397
-277.60000020	0.02705750
-277.56666687	0.01311185
-277.53333354	0.00038202
-277.50000021	-0.00988331
-277.46666687	-0.01757020
-277.43333354	-0.02299536
-277.40000021	-0.02706173
-277.36666687	-0.03075408
-277.33333354	-0.03435556
-277.30000021	-0.03840636
-277.26666687	-0.04247510
-277.23333354	-0.04630383
-277.20000021	-0.04944085
-277.16666687	-0.05185645
-277.13333354	-0.05326450
-277.10000021	-0.05439952
-277.06666687	-0.05582783
-277.03333354	-0.05825375
-277.00000021	-0.06192695
-276.96666687	-0.06627523
-276.93333354	-0.06999942
-276.90000021	-0.07128031
-276.86666687	-0.06873392
-276.83333354	-0.06190294
-276.80000021	-0.05125638
-276.76666688	-0.03815753
-276.73333354	-0.02496487
-276.70000021	-0.01368683
-276.66666688	-0.00541832
-276.63333354	-0.00107644
-276.60000021	-0.00036222
-276.56666688	-0.00270767
-276.53333354	-0.00721749
-276.50000021	-0.01314063
-276.46666688	-0.01983410
-276.43333354	-0.02611272
-276.40000021	-0.03090646
-276.36666688	-0.03315832
-276.33333354	-0.03252380
-276.30000021	-0.02891329
-276.26666688	-0.02336891
-276.23333354	-0.01697166
-276.20000021	-0.01145314
-276.16666688	-0.00728374
-276.13333354	-0.00432914
-276.10000021	-0.00154593
-276.06666688	0.00214226
-276.03333354	0.00752834
-276.00000021	0.01484431
-275.96666688	0.02287531
-275.93333355	0.03005202
-275.90000021	0.03425549
-275.86666688	0.03380538
-275.83333355	0.02798803
-275.80000021	0.01715673
-275.76666688	0.00262760
-275.73333355	-0.01345759
-275.70000021	-0.02944079
-275.66666688	-0.04351949
-275.63333355	-0.05469642
-275.60000021	-0.06257961
-275.56666688	-0.06709959
-275.53333355	-0.06914093
-275.50000021	-0.06936777
-275.46666688	-0.06843388
-275.43333355	-0.06674685
-275.40000021	-0.06391958
-275.36666688	-0.05971510
-275.33333355	-0.05354185
-275.30000021	-0.04537198
-275.26666688	-0.03552389
-275.23333355	-0.02532698
-275.20000022	-0.01607696
-275.16666688	-0.00943028
-275.13333355	-0.00623544
-275.10000022	-0.00655240
-275.06666688	-0.00947672
-275.03333355	-0.01307922
-275.00000022	-0.01551894
-274.96666688	-0.01519465
-274.93333355	-0.01112649
-274.90000022	-0.00329805
-274.86666688	0.00724038
-274.83333355	0.01913032
-274.80000022	0.03077880
-274.76666688	0.04048273
-274.73333355	0.04693167
-274.70000022	0.04962080
-274.66666688	0.04842119
-274.63333355	0.04385797
-274.60000022	0.03664746
-274.56666688	0.02798847
-274.53333355	0.01879327
-274.50000022	0.00995684
-274.46666688	0.00225953
-274.43333355	-0.00426703
-274.40000022	-0.00918679
-274.36666689	-0.01252596
-274.33333355	-0.01412139
-274.30000022	-0.01365496
-274.26666689	-0.01079334
-274.23333355	-0.00527337
-274.20000022	0.00250332
-274.16666689	0.01224766
-274.13333355	0.02299894
-274.10000022	0.03394698
-274.06666689	0.04405112
-274.03333355	0.05314078
-274.00000022	0.06107249
-273.96666689	0.06780077
-273.93333355	0.07328600
-273.90000022	0.07690766
-273.86666689	0.07821799
-273.83333355	0.07641311
-273.80000022	0.07050575
-273.76666689	0.06021750
-273.73333355	0.04598399
-273.70000022	0.02880303
-273.66666689	0.01010681
-273.63333356	-0.00835189
-273.60000022	-0.02473682
-273.56666689	-0.03809029
-273.53333356	-0.04746369
-273.50000022	-0.05297042
-273.46666689	-0.05466105
-273.43333356	-0.05342158
-273.40000022	-0.05026484
-273.36666689	-0.04619183
-273.33333356	-0.04209199
-273.30000022	-0.03850557
-273.26666689	-0.03595253
-273.23333356	-0.03388526
-273.20000022	-0.03166564
-273.16666689	-0.02838669
-273.13333356	-0.02355979
-273.10000022	-0.01666302
-273.06666689	-0.00819054
-273.03333356	0.00122745
-273.00000022	0.00988287
-272.96666689	0.01671108
-272.93333356	0.02028393
-272.90000022	0.02039445
-272.86666689	0.01757968
-272.83333356	0.01272180
-272.80000023	0.00773902
-272.76666689	0.00409206
-272.73333356	0.00262917
-272.70000023	0.00391652
-272.66666689	0.00744547
-272.63333356	0.01245317
-272.60000023	0.01779228
-272.56666689	0.02256334
-272.53333356	0.02630597
-272.50000023	0.02906576
-272.46666689	0.03160328
-272.43333356	0.03425091
-272.40000023	0.03742852
-272.36666689	0.04126328
-272.33333356	0.04513870
-272.30000023	0.04859816
-272.26666689	0.05085156
-272.23333356	0.05158416
-272.20000023	0.05066431
-272.16666689	0.04853184
-272.13333356	0.04575078
-272.10000023	0.04305102
-272.06666690	0.04061168
-272.03333356	0.03826829
-272.00000023	0.03564831
-271.96666690	0.03206345
-271.93333356	0.02689953
-271.90000023	0.02042438
-271.86666690	0.01309884
-271.83333356	0.00567384
-271.80000023	-0.00090505
-271.76666690	-0.00632726
-271.73333356	-0.01072430
-271.70000023	-0.01467474
-271.66666690	-0.01940900
-271.63333356	-0.02572492
-271.60000023	-0.03405379
-271.56666690	-0.04396498
-271.53333356	-0.05420788
-271.50000023	-0.06321865
-271.46666690	-0.06933026
-271.43333356	-0.07172055
-271.40000023	-0.06951942
-271.36666690	-0.06296670
-271.33333356	-0.05317216
-271.30000023	-0.04095480
-271.26666690	-0.02712814
-271.23333357	-0.01273482
-271.20000023	0.00192070
-271.16666690	0.01625217
-271.13333357	0.03022767
-271.10000023	0.04309034
-271.06666690	0.05439735
-271.03333357	0.06292273
-271.00000023	0.06792947
-270.96666690	0.06808984
-270.93333357	0.06289428
-270.90000023	0.05240737
-270.86666690	0.03737493
-270.83333357	0.01863901
-270.80000023	-0.00139816
-270.76666690	-0.02082438
-270.73333357	-0.03753471
-270.70000023	-0.04950465
-270.66666690	-0.05588804
-270.63333357	-0.05613695
-270.60000023	-0.05081735
-270.56666690	-0.04101312
-270.53333357	-0.02809970
-270.50000024	-0.01325167
-270.46666690	0.00204469
-270.43333357	0.01689623
-270.40000024	0.03105502
-270.36666690	0.04396173
-270.33333357	0.05474933
-270.30000024	0.06272947
-270.26666690	0.06707581
-270.23333357	0.06673964
-270.20000024	0.06137143
-270.16666690	0.05119642
-270.13333357	0.03693955
-270.10000024	0.02058710
-270.06666690	0.00387656
-270.03333357	-0.01133777
-270.00000024	-0.02341839
-269.96666690	-0.03181463
-269.93333357	-0.03635187
-269.90000024	-0.03725417
-269.86666690	-0.03572196
-269.83333357	-0.03238899
-269.80000024	-0.02830765
-269.76666691	-0.02436262
-269.73333357	-0.02126667
-269.70000024	-0.01948778
-269.66666691	-0.01891216
-269.63333357	-0.01983756
-269.60000024	-0.02159138
-269.56666691	-0.02336104
-269.53333357	-0.02429166
-269.50000024	-0.02348065
-269.46666691	-0.02021654
-269.43333357	-0.01430454
-269.40000024	-0.00617163
-269.36666691	0.00366969
-269.33333357	0.01368036
-269.30000024	0.02264626
-269.26666691	0.02917702
-269.23333357	0.03199019
-269.20000024	0.03079818
-269.16666691	0.02540534
-269.13333357	0.01647760
-269.10000024	0.00492519
-269.06666691	-0.00799595
-269.03333357	-0.02122700
-269.00000024	-0.03342334
-268.96666691	-0.04352211
-268.93333358	-0.05080343
-268.90000024	-0.05415332
-268.86666691	-0.05300673
-268.83333358	-0.04698504
-268.80000024	-0.03601035
-268.76666691	-0.02019302
-268.73333358	-0.00059128
-268.70000024	0.02125511
-268.66666691	0.04308065
-268.63333358	0.06273457
-268.60000024	0.07798031
-268.56666691	0.08675306
-268.53333358	0.08848369
-268.50000024	0.08332609
-268.46666691	0.07226763
-268.43333358	0.05697948
-268.40000024	0.03983066
-268.36666691	0.02265260
-268.33333358	0.00730293
-268.30000024	-0.00532282
-268.26666691	-0.01449721
-268.23333358	-0.02058033
-268.20000025	-0.02396216
-268.16666691	-0.02589704
-268.13333358	-0.02729861
-268.10000025	-0.02964420
-268.06666691	-0.03377540
-268.03333358	-0.04006865
-268.00000025	-0.04854243
-267.96666691	-0.05847161
-267.93333358	-0.06823433
-267.90000025	-0.07669555
-267.86666691	-0.08214000
-267.83333358	-0.08339150
-267.80000025	-0.07978567
-267.76666691	-0.07136178
-267.73333358	-0.05847931
-267.70000025	-0.04175517
-267.66666691	-0.02267264
-267.63333358	-0.00210027
-267.60000025	0.01802169
-267.56666691	0.03630286
-267.53333358	0.05081708
-267.50000025	0.06020263
-267.46666691	0.06353932
-267.43333358	0.06057340
-267.40000025	0.05148673
-267.36666692	0.03749223
-267.33333358	0.01976536
-267.30000025	-0.00004338
-267.26666692	-0.02024835
-267.23333358	-0.03910897
-267.20000025	-0.05496614
-267.16666692	-0.06646413
-267.13333358	-0.07213763
-267.10000025	-0.07079298
-267.06666692	-0.06163099
-267.03333358	-0.04474746
-267.00000025	-0.02144376
-266.96666692	0.00651933
-266.93333358	0.03605504
-266.90000025	0.06403925
-266.86666692	0.08737648
-266.83333358	0.10344528
-266.80000025	0.11053582
-266.76666692	0.10846361
-266.73333358	0.09793611
-266.70000025	0.08080655
-266.66666692	0.05922660
-266.63333359	0.03579951
-266.60000025	0.01267755
-266.56666692	-0.00854799
-266.53333359	-0.02669305
-266.50000025	-0.04152609
-266.46666692	-0.05316771
-266.43333359	-0.06232528
-266.40000025	-0.06963849
-266.36666692	-0.07541563
-266.33333359	-0.08001814
-266.30000025	-0.08305070
-266.26666692	-0.08425985
-266.23333359	-0.08290825
-266.20000025	-0.07864745
-266.16666692	-0.07162923
-266.13333359	-0.06193334
-266.10000025	-0.05033682
-266.06666692	-0.03775719
-266.03333359	-0.02492189
-266.00000025	-0.01260438
-265.96666692	-0.00155445
-265.93333359	0.00767140
-265.90000025	0.01494492
-265.86666692	0.01974906
-265.83333359	0.02234844
-265.80000026	0.02254073
-265.76666692	0.02086088
-265.73333359	0.01779179
-265.70000026	0.01380020
-265.66666692	0.00971355
-265.63333359	0.00554808
-265.60000026	0.00143950
-265.56666692	-0.00319420
-265.53333359	-0.00867445
-265.50000026	-0.01547804
-265.46666692	-0.02356761
-265.43333359	-0.03261595
-265.40000026	-0.04123165
-265.36666692	-0.04832215
-265.33333359	-0.05235577
-265.30000026	-0.05209921
-265.26666692	-0.04725710
-265.23333359	-0.03778108
-265.20000026	-0.02460153
-265.16666692	-0.00903953
-265.13333359	0.00756095
-265.10000026	0.02349084
-265.06666693	0.03778370
-265.03333359	0.04892205
-265.00000026	0.05669674
-264.96666693	0.06040594
-264.93333359	0.06003434
-264.90000026	0.05577510
-264.86666693	0.04802254
-264.83333359	0.03732655
-264.80000026	0.02481863
-264.76666693	0.01150650
-264.73333359	-0.00131443
-264.70000026	-0.01250384
-264.66666693	-0.02123558
-264.63333359	-0.02697997
-264.60000026	-0.02974965
-264.56666693	-0.02988520
-264.53333359	-0.02827751
-264.50000026	-0.02576702
-264.46666693	-0.02316884
-264.43333359	-0.02121385
-264.40000026	-0.02025811
-264.36666693	-0.01982261
-264.33333359	-0.02004439
-264.30000026	-0.02033247
-264.26666693	-0.02020065
-264.23333360	-0.01931296
-264.20000026	-0.01766478
-264.16666693	-0.01483109
-264.13333360	-0.01095638
-264.10000026	-0.00598759
-264.06666693	-0.00033887
-264.03333360	0.00572509
-264.00000026	0.01151538
-263.96666693	0.01641539
-263.93333360	0.01961515
-263.90000026	0.02028051
-263.86666693	0.01793941
-263.83333360	0.01241369
-263.80000026	0.00420341
-263.76666693	-0.00599446
-263.73333360	-0.01708196
-263.70000026	-0.02801479
-263.66666693	-0.03778736
-263.63333360	-0.04539446
-263.60000026	-0.05031775
-263.56666693	-0.05159012
-263.53333360	-0.04893701
-263.50000027	-0.04186049
-263.46666693	-0.03026333
-263.43333360	-0.01470948
-263.40000027	0.00393151
-263.36666693	0.02398201
-263.33333360	0.04345162
-263.30000027	0.05975311
-263.26666693	0.07106995
-263.23333360	0.07580320
-263.20000027	0.07363389
-263.16666693	0.06509296
-263.13333360	0.05167031
-263.10000027	0.03510558
-263.06666693	0.01730343
-263.03333360	0.00020949
-263.00000027	-0.01521747
-262.96666693	-0.02766760
-262.93333360	-0.03660829
-262.90000027	-0.04196122
-262.86666693	-0.04366484
-262.83333360	-0.04229786
-262.80000027	-0.03849256
-262.76666693	-0.03351269
-262.73333360	-0.02861623
-262.70000027	-0.02459190
-262.66666694	-0.02241609
-262.63333360	-0.02191916
-262.60000027	-0.02278793
-262.56666694	-0.02421084
-262.53333360	-0.02525760
-262.50000027	-0.02551870
-262.46666694	-0.02469034
-262.43333360	-0.02321584
-262.40000027	-0.02124142
-262.36666694	-0.01926632
-262.33333360	-0.01769123
-262.30000027	-0.01658831
-262.26666694	-0.01582729
-262.23333360	-0.01532031
-262.20000027	-0.01501479
-262.16666694	-0.01470457
-262.13333360	-0.01414468
-262.10000027	-0.01346389
-262.06666694	-0.01212558
-262.03333360	-0.01042456
-262.00000027	-0.00787681
-261.96666694	-0.00474353
-261.93333361	-0.00074723
-261.90000027	0.00376157
-261.86666694	0.00841495
-261.83333361	0.01328993
-261.80000027	0.01802338
-261.76666694	0.02223327
-261.73333361	0.02591784
-261.70000027	0.02878770
-261.66666694	0.03066526
-261.63333361	0.03133768
-261.60000027	0.03085844
-261.56666694	0.02923187
-261.53333361	0.02632802
-261.50000027	0.02240734
-261.46666694	0.01762354
-261.43333361	0.01215704
-261.40000027	0.00639117
-261.36666694	0.00058948
-261.33333361	-0.00489883
-261.30000027	-0.00985068
-261.26666694	-0.01374374
-261.23333361	-0.01640774
-261.20000027	-0.01795536
-261.16666694	-0.01835782
-261.13333361	-0.01797746
-261.10000028	-0.01715762
-261.06666694	-0.01650372
-261.03333361	-0.01625823
-261.00000028	-0.01665159
-260.96666694	-0.01774376
-260.93333361	-0.01946755
-260.90000028	-0.02168020
-260.86666694	-0.02441716
-260.83333361	-0.02726027
-260.80000028	-0.02989020
-260.76666694	-0.03179893
-260.73333361	-0.03257225
-260.70000028	-0.03147142
-260.66666694	-0.02834502
-260.63333361	-0.02315912
-260.60000028	-0.01638147
-260.56666694	-0.00912360
-260.53333361	-0.00248309
-260.50000028	0.00260303
-260.46666694	0.00554310
-260.43333361	0.00611886
-260.40000028	0.00498974
-260.36666695	0.00254257
-260.33333361	-0.00024355
-260.30000028	-0.00276543
-260.26666695	-0.00486212
-260.23333361	-0.00644198
-260.20000028	-0.00755131
-260.16666695	-0.00847601
-260.13333361	-0.00912322
-260.10000028	-0.00942519
-260.06666695	-0.00905235
-260.03333361	-0.00756639
-260.00000028	-0.00461562
-259.96666695	0.00006759
-259.93333361	0.00620311
-259.90000028	0.01328341
-259.86666695	0.02090284
-259.83333361	0.02782111
-259.80000028	0.03367780
-259.76666695	0.03721596
-259.73333361	0.03846154
-259.70000028	0.03714447
-259.66666695	0.03377751
-259.63333361	0.02847235
-259.60000028	0.02189861
-259.56666695	0.01490529
-259.53333362	0.00754490
-259.50000028	0.00076041
-259.46666695	-0.00524711
-259.43333362	-0.00991638
-259.40000028	-0.01269899
-259.36666695	-0.01341282
-259.33333362	-0.01180806
-259.30000028	-0.00787377
-259.26666695	-0.00227823
-259.23333362	0.00413086
-259.20000028	0.01041953
-259.16666695	0.01551380
-259.13333362	0.01861040
-259.10000028	0.01933614
-259.06666695	0.01762924
-259.03333362	0.01409026
-259.00000028	0.00947843
-258.96666695	0.00426710
-258.93333362	-0.00067945
-258.90000028	-0.00506807
-258.86666695	-0.00880814
-258.83333362	-0.01191968
-258.80000029	-0.01465085
-258.76666695	-0.01697769
-258.73333362	-0.01877589
-258.70000029	-0.02007657
-258.66666695	-0.02034894
-258.63333362	-0.01962863
-258.60000029	-0.01797192
-258.56666695	-0.01577314
-258.53333362	-0.01337725
-258.50000029	-0.01128006
-258.46666695	-0.00989692
-258.43333362	-0.00910903
-258.40000029	-0.00872755
-258.36666695	-0.00779576
-258.33333362	-0.00581119
-258.30000029	-0.00219886
-258.26666695	0.00319087
-258.23333362	0.01022017
-258.20000029	0.01814609
-258.16666695	0.02617122
-258.13333362	0.03313457
-258.10000029	0.03823556
-258.06666695	0.04045384
-258.03333362	0.03954080
-258.00000029	0.03532490
-257.96666696	0.02812249
-257.93333362	0.01861063
-257.90000029	0.00789489
-257.86666696	-0.00268381
-257.83333362	-0.01133950
-257.80000029	-0.01709870
-257.76666696	-0.01877886
-257.73333362	-0.01617521
-257.70000029	-0.00935027
-257.66666696	0.00080244
-257.63333362	0.01261393
-257.60000029	0.02435194
-257.56666696	0.03413251
-257.53333362	0.04044420
-257.50000029	0.04206691
-257.46666696	0.03872022
-257.43333362	0.03071011
-257.40000029	0.01922572
-257.36666696	0.00578770
-257.33333362	-0.00807512
-257.30000029	-0.02064694
-257.26666696	-0.03095152
-257.23333363	-0.03825723
-257.20000029	-0.04264274
-257.16666696	-0.04427954
-257.13333363	-0.04396433
-257.10000029	-0.04219161
-257.06666696	-0.03965495
-257.03333363	-0.03652436
-257.00000029	-0.03337972
-256.96666696	-0.02970764
-256.93333363	-0.02587620
-256.90000029	-0.02142861
-256.86666696	-0.01635330
-256.83333363	-0.01075210
-256.80000029	-0.00480195
-256.76666696	0.00134968
-256.73333363	0.00679835
-256.70000029	0.01123326
-256.66666696	0.01452149
-256.63333363	0.01653986
-256.60000029	0.01795006
-256.56666696	0.01908929
-256.53333363	0.02079755
-256.50000029	0.02355996
-256.46666696	0.02730517
-256.43333363	0.03180713
-256.40000030	0.03621873
-256.36666696	0.03983910
-256.33333363	0.04173541
-256.30000030	0.04135233
-256.26666696	0.03872709
-256.23333363	0.03378949
-256.20000030	0.02707335
-256.16666696	0.01914861
-256.13333363	0.01063127
-256.10000030	0.00249215
-256.06666696	-0.00481355
-256.03333363	-0.01043784
-256.00000030	-0.01403062
-255.96666696	-0.01508857
-255.93333363	-0.01372972
-255.90000030	-0.01006113
-255.86666696	-0.00450719
-255.83333363	0.00216541
-255.80000030	0.00916726
-255.76666696	0.01585825
-255.73333363	0.02166380
-255.70000030	0.02559168
-255.66666697	0.02749075
-255.63333363	0.02709711
-255.60000030	0.02431124
-255.56666697	0.01969055
-255.53333363	0.01373423
-255.50000030	0.00717497
-255.46666697	0.00078445
-255.43333363	-0.00477921
-255.40000030	-0.00927068
-255.36666697	-0.01297369
-255.33333363	-0.01613210
-255.30000030	-0.01924680
-255.26666697	-0.02249975
-255.23333363	-0.02592883
-255.20000030	-0.02932123
-255.16666697	-0.03220238
-255.13333363	-0.03390832
-255.10000030	-0.03405669
-255.06666697	-0.03199484
-255.03333363	-0.02777539
-255.00000030	-0.02123577
-254.96666697	-0.01272298
-254.93333363	-0.00266573
-254.90000030	0.00856856
-254.86666697	0.01955808
-254.83333364	0.02971236
-254.80000030	0.03791668
-254.76666697	0.04315911
-254.73333364	0.04504946
-254.70000030	0.04332478
-254.66666697	0.03854177
-254.63333364	0.03159273
-254.60000030	0.02298121
-254.56666697	0.01396306
-254.53333364	0.00517689
-254.50000030	-0.00283648
-254.46666697	-0.00993503
-254.43333364	-0.01585885
-254.40000030	-0.02060276
-254.36666697	-0.02395772
-254.33333364	-0.02596499
-254.30000030	-0.02638162
-254.26666697	-0.02499350
-254.23333364	-0.02165390
-254.20000030	-0.01644542
-254.16666697	-0.00968563
-254.13333364	-0.00150842
-254.10000031	0.00722003
-254.06666697	0.01595173
-254.03333364	0.02366701
-254.00000031	0.02992746
-253.96666697	0.03406590
-253.93333364	0.03567767
-253.90000031	0.03471221
-253.86666697	0.03134012
-253.83333364	0.02588359
-253.80000031	0.01894747
-253.76666697	0.01088420
-253.73333364	0.00229224
-253.70000031	-0.00614124
-253.66666697	-0.01402732
-253.63333364	-0.02105222
-253.60000031	-0.02681159
-253.56666697	-0.03106236
-253.53333364	-0.03414084
-253.50000031	-0.03617385
-253.46666697	-0.03766102
-253.43333364	-0.03897422
-253.40000031	-0.04014942
-253.36666697	-0.04121581
-253.33333364	-0.04186066
-253.30000031	-0.04147156
-253.26666698	-0.03925405
-253.23333364	-0.03503863
-253.20000031	-0.02867551
-253.16666698	-0.02058910
-253.13333364	-0.01171703
-253.10000031	-0.00335609
-253.06666698	0.00349647
-253.03333364	0.00796360
-253.00000031	0.00958813
-252.96666698	0.00880301
-252.93333364	0.00624854
-252.90000031	0.00295437
-252.86666698	0.00001179
-252.83333364	-0.00198104
-252.80000031	-0.00241184
-252.76666698	-0.00118302
-252.73333364	0.00138800
-252.70000031	0.00457849
-252.66666698	0.00781920
-252.63333364	0.01041086
-252.60000031	0.01177636
-252.56666698	0.01157154
-252.53333365	0.00975020
-252.50000031	0.00666698
-252.46666698	0.00302361
-252.43333365	-0.00072780
-252.40000031	-0.00339161
-252.36666698	-0.00466326
-252.33333365	-0.00415826
-252.30000031	-0.00222394
-252.26666698	0.00043422
-252.23333365	0.00308519
-252.20000031	0.00492071
-252.16666698	0.00542081
-252.13333365	0.00460324
-252.10000031	0.00253224
-252.06666698	-0.00039950
-252.03333365	-0.00341535
-252.00000031	-0.00635262
-251.96666698	-0.00892538
-251.93333365	-0.01140503
-251.90000031	-0.01374607
-251.86666698	-0.01633967
-251.83333365	-0.01923723
-251.80000031	-0.02217707
-251.76666698	-0.02522532
-251.73333365	-0.02792704
-251.70000032	-0.03010325
-251.66666698	-0.03134871
-251.63333365	-0.03169584
-251.60000032	-0.03072889
-251.56666698	-0.02837304
-251.53333365	-0.02446922
-251.50000032	-0.01909086
-251.46666698	-0.01219777
-251.43333365	-0.00412683
-251.40000032	0.00468695
-251.36666698	0.01388006
-251.33333365	0.02293569
-251.30000032	0.03126062
-251.26666698	0.03830633
-251.23333365	0.04343419
-251.20000032	0.04631719
-251.16666698	0.04685661
-251.13333365	0.04523958
-251.10000032	0.04174868
-251.06666698	0.03700468
-251.03333365	0.03179939
-251.00000032	0.02705272
-250.96666699	0.02303518
-250.93333365	0.02022745
-250.90000032	0.01868897
-250.86666699	0.01794120
-250.83333365	0.01793156
-250.80000032	0.01807104
-250.76666699	0.01836947
-250.73333365	0.01856018
-250.70000032	0.01848398
-250.66666699	0.01838754
-250.63333365	0.01835549
-250.60000032	0.01840339
-250.56666699	0.01878409
-250.53333365	0.01949870
-250.50000032	0.02068243
-250.46666699	0.02190470
-250.43333365	0.02259997
-250.40000032	0.02246444
-250.36666699	0.02076619
-250.33333365	0.01737343
-250.30000032	0.01209361
-250.26666699	0.00515464
-250.23333365	-0.00287524
-250.20000032	-0.01124127
-250.16666699	-0.01881768
-250.13333366	-0.02518213
-250.10000032	-0.02967997
-250.06666699	-0.03167460
-250.03333366	-0.03120532
-250.00000032	-0.02821420
-249.96666699	-0.02292885
-249.93333366	-0.01618135
-249.90000032	-0.00897598
-249.86666699	-0.00210279
-249.83333366	0.00316919
-249.80000032	0.00608412
-249.76666699	0.00622710
-249.73333366	0.00349313
-249.70000032	-0.00134980
-249.66666699	-0.00739964
-249.63333366	-0.01352745
-249.60000032	-0.01843990
-249.56666699	-0.02135393
-249.53333366	-0.02174191
-249.50000032	-0.01972427
-249.46666699	-0.01562158
-249.43333366	-0.01009827
-249.40000033	-0.00423874
-249.36666699	0.00113526
-249.33333366	0.00557712
-249.30000033	0.00833360
-249.26666699	0.00963537
-249.23333366	0.00968573
-249.20000033	0.00887401
-249.16666699	0.00773037
-249.13333366	0.00660839
-249.10000033	0.00578019
-249.06666699	0.00528891
-249.03333366	0.00518243
-249.00000033	0.00574530
-248.96666699	0.00662177
-248.93333366	0.00810089
-248.90000033	0.00970952
-248.86666699	0.01112431
-248.83333366	0.01241702
-248.80000033	0.01291971
-248.76666699	0.01261694
-248.73333366	0.01177715
-248.70000033	0.01026842
-248.66666699	0.00882740
-248.63333366	0.00775004
-248.60000033	0.00731405
-248.56666700	0.00762377
-248.53333366	0.00831122
-248.50000033	0.00911648
-248.46666700	0.00919417
-248.43333366	0.00821017
-248.40000033	0.00608555
-248.36666700	0.00271236
-248.33333366	-0.00179685
-248.30000033	-0.00684369
-248.26666700	-0.01202438
-248.23333366	-0.01678858
-248.20000033	-0.02100237
-248.16666700	-0.02476344
-248.13333366	-0.02792028
-248.10000033	-0.03076270
-248.06666700	-0.03328038
-248.03333366	-0.03608862
-248.00000033	-0.03890114
-247.96666700	-0.04128725
-247.93333366	-0.04315906
-247.90000033	-0.04387799
-247.86666700	-0.04319038
-247.83333367	-0.04070670
-247.80000033	-0.03652854
-247.76666700	-0.03091878
-247.73333367	-0.02426321
-247.70000033	-0.01705367
-247.66666700	-0.00998948
-247.63333367	-0.00334039
-247.60000033	0.00246090
-247.56666700	0.00737106
-247.53333367	0.01104262
-247.50000033	0.01351324
-247.46666700	0.01464655
-247.43333367	0.01463985
-247.40000033	0.01352500
-247.36666700	0.01130365
-247.33333367	0.00846342
-247.30000033	0.00547800
-247.26666700	0.00257514
-247.23333367	0.00014919
-247.20000033	-0.00145216
-247.16666700	-0.00244963
-247.13333367	-0.00271753
-247.10000033	-0.00252984
-247.06666700	-0.00179444
-247.03333367	-0.00079288
-247.00000034	0.00050528
-246.96666700	0.00193844
-246.93333367	0.00345961
-246.90000034	0.00487645
-246.86666700	0.00589899
-246.83333367	0.00630887
-246.80000034	0.00594233
-246.76666700	0.00437857
-246.73333367	0.00191330
-246.70000034	-0.00143226
-246.66666700	-0.00515313
-246.63333367	-0.00928300
-246.60000034	-0.01331512
-246.56666700	-0.01695652
-246.53333367	-0.01989365
-246.50000034	-0.02207013
-246.46666700	-0.02300953
-246.43333367	-0.02265821
-246.40000034	-0.02101338
-246.36666700	-0.01809132
-246.33333367	-0.01409440
-246.30000034	-0.00978364
-246.26666701	-0.00545544
-246.23333367	-0.00167160
-246.20000034	0.00118343
-246.16666701	0.00283441
-246.13333367	0.00338593
-246.10000034	0.00309922
-246.06666701	0.00229353
-246.03333367	0.00178045
-246.00000034	0.00191147
-245.96666701	0.00336703
-245.93333367	0.00650902
-245.90000034	0.01144776
-245.86666701	0.01809195
-245.83333367	0.02565563
-245.80000034	0.03383634
-245.76666701	0.04169885
-245.73333367	0.04886323
-245.70000034	0.05451900
-245.66666701	0.05867277
-245.63333367	0.06098029
-245.60000034	0.06154889
-245.56666701	0.06055444
-245.53333367	0.05794264
-245.50000034	0.05380288
-245.46666701	0.04836725
-245.43333368	0.04192844
-245.40000034	0.03498641
-245.36666701	0.02828489
-245.33333368	0.02214544
-245.30000034	0.01725949
-245.26666701	0.01378850
-245.23333368	0.01188988
-245.20000034	0.01121129
-245.16666701	0.01127171
-245.13333368	0.01158436
-245.10000034	0.01172378
-245.06666701	0.01157257
-245.03333368	0.01114789
-245.00000034	0.01014607
-244.96666701	0.00910331
-244.93333368	0.00779035
-244.90000034	0.00630859
-244.86666701	0.00456291
-244.83333368	0.00255899
-244.80000034	0.00006417
-244.76666701	-0.00291262
-244.73333368	-0.00648650
-244.70000035	-0.01037158
-244.66666701	-0.01451220
-244.63333368	-0.01897518
-244.60000035	-0.02338019
-244.56666701	-0.02754693
-244.53333368	-0.03150302
-244.50000035	-0.03495041
-244.46666701	-0.03799421
-244.43333368	-0.04066140
-244.40000035	-0.04305393
-244.36666701	-0.04514824
-244.33333368	-0.04701964
-244.30000035	-0.04860144
-244.26666701	-0.04999846
-244.23333368	-0.05085684
-244.20000035	-0.05173525
-244.16666701	-0.05225376
-244.13333368	-0.05269010
-244.10000035	-0.05279356
-244.06666701	-0.05291098
-244.03333368	-0.05281026
-244.00000035	-0.05249336
-243.96666701	-0.05211085
-243.93333368	-0.05140563
-243.90000035	-0.05069384
-243.86666702	-0.05018136
-243.83333368	-0.04970297
-243.80000035	-0.04953683
-243.76666702	-0.04914395
-243.73333368	-0.04872505
-243.70000035	-0.04748309
-243.66666702	-0.04528598
-243.63333368	-0.04215091
-243.60000035	-0.03828246
-243.56666702	-0.03403495
-243.53333368	-0.03032473
-243.50000035	-0.02764562
-243.46666702	-0.02671735
-243.43333368	-0.02759845
-243.40000035	-0.03051847
-243.36666702	-0.03474296
-243.33333368	-0.04001191
-243.30000035	-0.04538051
-243.26666702	-0.05027534
-243.23333368	-0.05430351
-243.20000035	-0.05684295
-243.16666702	-0.05784499
-243.13333369	-0.05737791
-243.10000035	-0.05575526
-243.06666702	-0.05311611
-243.03333369	-0.05050152
-243.00000035	-0.04828139
-242.96666702	-0.04686367
-242.93333369	-0.04679211
-242.90000035	-0.04759286
-242.86666702	-0.04899270
-242.83333369	-0.05046541
-242.80000035	-0.05107508
-242.76666702	-0.05043782
-242.73333369	-0.04809572
-242.70000035	-0.04421698
-242.66666702	-0.03902740
-242.63333369	-0.03316444
-242.60000035	-0.02749615
-242.56666702	-0.02283327
-242.53333369	-0.01991265
-242.50000035	-0.01926208
-242.46666702	-0.02080321
-242.43333369	-0.02417899
-242.40000035	-0.02843490
-242.36666702	-0.03258495
-242.33333369	-0.03556849
-242.30000036	-0.03664673
-242.26666702	-0.03519019
-242.23333369	-0.03089593
-242.20000036	-0.02410596
-242.16666702	-0.01536338
-242.13333369	-0.00540259
-242.10000036	0.00522032
-242.06666702	0.01564203
-242.03333369	0.02570537
-242.00000036	0.03466746
-241.96666702	0.04235842
-241.93333369	0.04858557
-241.90000036	0.05292758
-241.86666702	0.05531194
-241.83333369	0.05550693
-241.80000036	0.05366142
-241.76666702	0.04978293
-241.73333369	0.04449371
-241.70000036	0.03828894
-241.66666702	0.03167623
-241.63333369	0.02558731
-241.60000036	0.02043432
-241.56666703	0.01650288
-241.53333369	0.01394939
-241.50000036	0.01244111
-241.46666703	0.01211497
-241.43333369	0.01258398
-241.40000036	0.01342873
-241.36666703	0.01452402
-241.33333369	0.01576857
-241.30000036	0.01669956
-241.26666703	0.01746629
-241.23333369	0.01782627
-241.20000036	0.01760956
-241.16666703	0.01676361
-241.13333369	0.01571416
-241.10000036	0.01444939
-241.06666703	0.01356730
-241.03333369	0.01339791
-241.00000036	0.01437832
-240.96666703	0.01650539
-240.93333369	0.01995344
-240.90000036	0.02386585
-240.86666703	0.02784508
-240.83333369	0.03085911
-240.80000036	0.03234453
-240.76666703	0.03194877
-240.73333370	0.02971290
-240.70000036	0.02619006
-240.66666703	0.02202665
-240.63333370	0.01816272
-240.60000036	0.01528631
-240.56666703	0.01364996
-240.53333370	0.01346690
-240.50000036	0.01430460
-240.46666703	0.01598240
-240.43333370	0.01803221
-240.40000036	0.02014906
-240.36666703	0.02227835
-240.33333370	0.02434407
-240.30000036	0.02652449
-240.26666703	0.02912202
-240.23333370	0.03184051
-240.20000036	0.03457598
-240.16666703	0.03690477
-240.13333370	0.03863779
-240.10000036	0.03918382
-240.06666703	0.03859473
-240.03333370	0.03676898
-240.00000037	0.03401303
-239.96666703	0.03050808
-239.93333370	0.02632047
-239.90000037	0.02167016
-239.86666703	0.01695315
-239.83333370	0.01208049
-239.80000037	0.00743601
-239.76666703	0.00315016
-239.73333370	-0.00023839
-239.70000037	-0.00231312
-239.66666703	-0.00294346
-239.63333370	-0.00179919
-239.60000037	0.00094380
-239.56666703	0.00550619
-239.53333370	0.01113140
-239.50000037	0.01774335
-239.46666703	0.02478944
-239.43333370	0.03183865
-239.40000037	0.03859673
-239.36666703	0.04469989
-239.33333370	0.05000380
-239.30000037	0.05416941
-239.26666703	0.05679166
-239.23333370	0.05771059
-239.20000037	0.05660712
-239.16666704	0.05358252
-239.13333370	0.04897312
-239.10000037	0.04284334
-239.06666704	0.03602234
-239.03333370	0.02881804
-239.00000037	0.02179431
-238.96666704	0.01522174
-238.93333370	0.00924307
-238.90000037	0.00417110
-238.86666704	0.00000582
-238.83333370	-0.00301280
-238.80000037	-0.00452626
-238.76666704	-0.00418679
-238.73333370	-0.00185709
-238.70000037	0.00244344
-238.66666704	0.00854627
-238.63333370	0.01603715
-238.60000037	0.02439591
-238.56666704	0.03296607
-238.53333370	0.04134221
-238.50000037	0.04899365
-238.46666704	0.05539733
-238.43333371	0.06035326
-238.40000037	0.06377696
-238.36666704	0.06564154
-238.33333371	0.06602012
-238.30000037	0.06475529
-238.26666704	0.06209439
-238.23333371	0.05815726
-238.20000037	0.05300032
-238.16666704	0.04707237
-238.13333371	0.04080147
-238.10000037	0.03480631
-238.06666704	0.02952147
-238.03333371	0.02554186
-238.00000037	0.02325774
-237.96666704	0.02258952
-237.93333371	0.02367269
-237.90000037	0.02625645
-237.86666704	0.03007666
-237.83333371	0.03485692
-237.80000037	0.04008884
-237.76666704	0.04554845
-237.73333371	0.05078063
-237.70000037	0.05540889
-237.66666704	0.05886057
-237.63333371	0.06075536
-237.60000038	0.06092257
-237.56666704	0.05908339
-237.53333371	0.05527971
-237.50000038	0.04981423
-237.46666704	0.04296219
-237.43333371	0.03538314
-237.40000038	0.02743589
-237.36666704	0.01950194
-237.33333371	0.01215068
-237.30000038	0.00554854
-237.26666704	-0.00009874
-237.23333371	-0.00472518
-237.20000038	-0.00828037
-237.16666704	-0.01092317
-237.13333371	-0.01254026
-237.10000038	-0.01339503
-237.06666704	-0.01352919
-237.03333371	-0.01300047
-237.00000038	-0.01183801
-236.96666704	-0.01013486
-236.93333371	-0.00746475
-236.90000038	-0.00431190
-236.86666705	-0.00034886
-236.83333371	0.00395970
-236.80000038	0.00858369
-236.76666705	0.01317888
-236.73333371	0.01728108
-236.70000038	0.02077201
-236.66666705	0.02316378
-236.63333371	0.02451174
-236.60000038	0.02480691
-236.56666705	0.02403405
-236.53333371	0.02251581
-236.50000038	0.02022366
-236.46666705	0.01744984
-236.43333371	0.01431468
-236.40000038	0.01055455
-236.36666705	0.00665220
-236.33333371	0.00244312
-236.30000038	-0.00183932
-236.26666705	-0.00587032
-236.23333371	-0.00958067
-236.20000038	-0.01260031
-236.16666705	-0.01527228
-236.13333371	-0.01705272
-236.10000038	-0.01828779
-236.06666705	-0.01868826
-236.03333372	-0.01840888
-236.00000038	-0.01733659
-235.96666705	-0.01562572
-235.93333372	-0.01334985
-235.90000038	-0.01085605
-235.86666705	-0.00863190
-235.83333372	-0.00671434
-235.80000038	-0.00545015
-235.76666705	-0.00516658
-235.73333372	-0.00534157
-235.70000038	-0.00609122
-235.66666705	-0.00692119
-235.63333372	-0.00779526
-235.60000038	-0.00857880
-235.56666705	-0.00913855
-235.53333372	-0.00964245
-235.50000038	-0.01026031
-235.46666705	-0.01108786
-235.43333372	-0.01217708
-235.40000038	-0.01350775
-235.36666705	-0.01513481
-235.33333372	-0.01643847
-235.30000039	-0.01750713
-235.26666705	-0.01793488
-235.23333372	-0.01750038
-235.20000039	-0.01617450
-235.16666705	-0.01394590
-235.13333372	-0.01089990
-235.10000039	-0.00728242
-235.06666705	-0.00347213
-235.03333372	0.00058485
-235.00000039	0.00431762
-234.96666705	0.00751795
-234.93333372	0.00965971
-234.90000039	0.01068055
-234.86666705	0.01020539
-234.83333372	0.00838588
-234.80000039	0.00556287
-234.76666705	0.00182183
-234.73333372	-0.00199487
-234.70000039	-0.00575605
-234.66666705	-0.00897639
-234.63333372	-0.01158336
-234.60000039	-0.01326689
-234.56666705	-0.01405381
-234.53333372	-0.01411932
-234.50000039	-0.01357451
-234.46666706	-0.01261039
-234.43333372	-0.01143742
-234.40000039	-0.00995921
-234.36666706	-0.00837570
-234.33333372	-0.00647851
-234.30000039	-0.00444786
-234.26666706	-0.00214258
-234.23333372	0.00037820
-234.20000039	0.00250373
-234.16666706	0.00432760
-234.13333372	0.00543349
-234.10000039	0.00578895
-234.06666706	0.00510994
-234.03333372	0.00372527
-234.00000039	0.00186188
-233.96666706	-0.00004492
-233.93333372	-0.00178254
-233.90000039	-0.00289329
-233.86666706	-0.00311157
-233.83333372	-0.00231129
-233.80000039	-0.00038140
-233.76666706	0.00247185
-233.73333373	0.00604997
-233.70000039	0.00987362
-233.66666706	0.01332973
-233.63333373	0.01576606
-233.60000039	0.01685060
-233.56666706	0.01604756
-233.53333373	0.01361571
-233.50000039	0.00961399
-233.46666706	0.00474106
-233.43333373	-0.00034027
-233.40000039	-0.00538995
-233.36666706	-0.00983668
-233.33333373	-0.01371243
-233.30000039	-0.01689791
-233.26666706	-0.01965316
-233.23333373	-0.02191644
-233.20000039	-0.02415473
-233.16666706	-0.02618441
-233.13333373	-0.02817671
-233.10000039	-0.02991960
-233.06666706	-0.03133777
-233.03333373	-0.03216077
-233.00000039	-0.03269098
-232.96666706	-0.03268150
-232.93333373	-0.03218941
-232.90000040	-0.03131204
-232.86666706	-0.02981529
-232.83333373	-0.02802607
-232.80000040	-0.02583317
-232.76666706	-0.02354687
-232.73333373	-0.02108833
-232.70000040	-0.01879367
-232.66666706	-0.01665891
-232.63333373	-0.01476390
-232.60000040	-0.01314430
-232.56666706	-0.01187010
-232.53333373	-0.01105495
-232.50000040	-0.01034757
-232.46666706	-0.00994864
-232.43333373	-0.00970537
-232.40000040	-0.00950035
-232.36666706	-0.00928880
-232.33333373	-0.00878464
-232.30000040	-0.00824637
-232.26666706	-0.00716967
-232.23333373	-0.00579484
-232.20000040	-0.00404725
-232.16666707	-0.00219264
-232.13333373	-0.00036091
-232.10000040	0.00131339
-232.06666707	0.00244766
-232.03333373	0.00320078
-232.00000040	0.00339295
-231.96666707	0.00303715
-231.93333373	0.00207604
-231.90000040	0.00039724
-231.86666707	-0.00181739
-231.83333373	-0.00456437
-231.80000040	-0.00795018
-231.76666707	-0.01165947
-231.73333373	-0.01571248
-231.70000040	-0.01982407
-231.66666707	-0.02371081
-231.63333373	-0.02727801
-231.60000040	-0.03034221
-231.56666707	-0.03248981
-231.53333373	-0.03368070
-231.50000040	-0.03367704
-231.46666707	-0.03240442
-231.43333373	-0.02992699
-231.40000040	-0.02656135
-231.36666707	-0.02247715
-231.33333374	-0.01814460
-231.30000040	-0.01345459
-231.26666707	-0.00875851
-231.23333374	-0.00430637
-231.20000040	0.00014444
-231.16666707	0.00396682
-231.13333374	0.00727891
-231.10000040	0.00959247
-231.06666707	0.01105080
-231.03333374	0.01163189
-231.00000040	0.01129410
-230.96666707	0.01049288
-230.93333374	0.00970103
-230.90000040	0.00917797
-230.86666707	0.00928291
-230.83333374	0.01016425
-230.80000040	0.01177208
-230.76666707	0.01403969
-230.73333374	0.01634090
-230.70000040	0.01860167
-230.66666707	0.02062881
-230.63333374	0.02220855
-230.60000041	0.02349247
-230.56666707	0.02422261
-230.53333374	0.02494191
-230.50000041	0.02554668
-230.46666707	0.02605609
-230.43333374	0.02670168
-230.40000041	0.02730805
-230.36666707	0.02809395
-230.33333374	0.02857128
-230.30000041	0.02883959
-230.26666707	0.02859037
-230.23333374	0.02788769
-230.20000041	0.02674163
-230.16666707	0.02478441
-230.13333374	0.02219032
-230.10000041	0.01864896
-230.06666707	0.01414250
-230.03333374	0.00855168
-230.00000041	0.00183677
-229.96666707	-0.00569320
-229.93333374	-0.01393372
-229.90000041	-0.02241642
-229.86666707	-0.03043755
-229.83333374	-0.03744364
-229.80000041	-0.04256759
-229.76666708	-0.04550193
-229.73333374	-0.04586780
-229.70000041	-0.04366586
-229.66666708	-0.03905977
-229.63333374	-0.03229785
-229.60000041	-0.02381799
-229.56666708	-0.01400310
-229.53333374	-0.00332485
-229.50000041	0.00775428
-229.46666708	0.01854384
-229.43333374	0.02873383
-229.40000041	0.03777884
-229.36666708	0.04479749
-229.33333374	0.04995720
-229.30000041	0.05249600
-229.26666708	0.05238981
-229.23333374	0.05008052
-229.20000041	0.04566227
-229.16666708	0.03953678
-229.13333374	0.03217629
-229.10000041	0.02411295
-229.06666708	0.01577032
-229.03333375	0.00783094
-229.00000041	0.00061047
-228.96666708	-0.00563333
-228.93333375	-0.01019196
-228.90000041	-0.01300978
-228.86666708	-0.01402559
-228.83333375	-0.01302143
-228.80000041	-0.01031697
-228.76666708	-0.00651842
-228.73333375	-0.00174403
-228.70000041	0.00326165
-228.66666708	0.00807476
-228.63333375	0.01203393
-228.60000041	0.01513001
-228.56666708	0.01704352
-228.53333375	0.01788313
-228.50000041	0.01788268
-228.46666708	0.01704225
-228.43333375	0.01549223
-228.40000041	0.01351735
-228.36666708	0.01139917
-228.33333375	0.00935668
-228.30000041	0.00732988
-228.26666708	0.00586373
-228.23333375	0.00487205
-228.20000042	0.00445880
-228.16666708	0.00449959
-228.13333375	0.00483881
-228.10000042	0.00512899
-228.06666708	0.00502567
-228.03333375	0.00449265
-228.00000042	0.00363882
-227.96666708	0.00251780
-227.93333375	0.00153635
-227.90000042	0.00082281
-227.86666708	0.00082339
-227.83333375	0.00158497
-227.80000042	0.00312353
-227.76666708	0.00524703
-227.73333375	0.00757144
-227.70000042	0.01015991
-227.66666708	0.01241544
-227.63333375	0.01425323
-227.60000042	0.01559676
-227.56666708	0.01635843
-227.53333375	0.01627156
-227.50000042	0.01567345
-227.46666709	0.01434330
-227.43333375	0.01222075
-227.40000042	0.00921532
-227.36666709	0.00555680
-227.33333375	0.00119003
-227.30000042	-0.00347466
-227.26666709	-0.00791748
-227.23333375	-0.01193256
-227.20000042	-0.01471653
-227.16666709	-0.01623150
-227.13333375	-0.01633218
-227.10000042	-0.01510098
-227.06666709	-0.01266474
-227.03333375	-0.00925643
-227.00000042	-0.00533841
-226.96666709	-0.00082290
-226.93333375	0.00389458
