# Menlo Systems GmbH ScanControl
# Program Version 1.3.3
# Start: -327.00000000 ps, Average over 50 waveforms. Timestamp: 2026-05-07T11:43:29
# Window type: Tukey, parameters: alpha = 0.1
# User time axis shift: 0 ps
# Time [ps]	THz Signal [a.u.]
-326.90000000	0.00000000
-326.86666666	0.00000001
-326.83333333	0.00000001
-326.80000000	-0.00000020
-326.76666666	-0.00000010
-326.73333333	-0.00000072
-326.70000000	-0.00000129
-326.66666666	0.00000015
-326.63333333	-0.00000080
-326.60000000	-0.00000057
-326.56666666	-0.00000259
-326.53333333	0.00000307
-326.50000000	0.00000184
-326.46666666	0.00000161
-326.43333333	-0.00000126
-326.40000000	0.00000186
-326.36666666	0.00000539
-326.33333333	0.00000456
-326.30000000	0.00000889
-326.26666666	0.00000436
-326.23333333	0.00000617
-326.20000000	-0.00000213
-326.16666666	0.00000165
-326.13333333	-0.00001089
-326.10000000	-0.00000646
-326.06666667	0.00001805
-326.03333333	0.00000869
-326.00000000	-0.00001248
-325.96666667	-0.00000379
-325.93333333	-0.00000558
-325.90000000	0.00000081
-325.86666667	0.00000642
-325.83333333	-0.00001765
-325.80000000	-0.00000929
-325.76666667	0.00003479
-325.73333333	-0.00001649
-325.70000000	0.00002221
-325.66666667	0.00000047
-325.63333333	0.00002461
-325.60000000	0.00007505
-325.56666667	0.00000079
-325.53333333	0.00000987
-325.50000000	0.00002108
-325.46666667	0.00001067
-325.43333333	0.00005366
-325.40000000	-0.00005881
-325.36666667	-0.00000888
-325.33333334	0.00001841
-325.30000000	-0.00003312
-325.26666667	-0.00006621
-325.23333334	-0.00002898
-325.20000000	-0.00003270
-325.16666667	0.00007375
-325.13333334	-0.00000895
-325.10000000	0.00001092
-325.06666667	-0.00011350
-325.03333334	0.00000107
-325.00000000	-0.00010413
-324.96666667	-0.00004092
-324.93333334	0.00005811
-324.90000000	0.00010060
-324.86666667	-0.00005625
-324.83333334	0.00005409
-324.80000000	-0.00008419
-324.76666667	-0.00011061
-324.73333334	-0.00000123
-324.70000000	0.00005185
-324.66666667	0.00002040
-324.63333334	-0.00019523
-324.60000000	-0.00012009
-324.56666667	-0.00011224
-324.53333334	-0.00007725
-324.50000001	-0.00018801
-324.46666667	-0.00006480
-324.43333334	-0.00013429
-324.40000001	-0.00009045
-324.36666667	-0.00018747
-324.33333334	-0.00022404
-324.30000001	-0.00020644
-324.26666667	0.00000471
-324.23333334	-0.00019217
-324.20000001	-0.00008720
-324.16666667	-0.00038269
-324.13333334	-0.00023850
-324.10000001	-0.00034542
-324.06666667	-0.00026500
-324.03333334	-0.00030271
-324.00000001	-0.00053529
-323.96666667	0.00013999
-323.93333334	-0.00020043
-323.90000001	-0.00001914
-323.86666667	-0.00014907
-323.83333334	-0.00026839
-323.80000001	-0.00006462
-323.76666668	-0.00024270
-323.73333334	-0.00022900
-323.70000001	-0.00016537
-323.66666668	-0.00013134
-323.63333334	-0.00003951
-323.60000001	-0.00011675
-323.56666668	-0.00011529
-323.53333334	-0.00003080
-323.50000001	0.00003156
-323.46666668	-0.00025524
-323.43333334	-0.00015571
-323.40000001	-0.00019094
-323.36666668	-0.00020767
-323.33333334	-0.00009579
-323.30000001	-0.00005332
-323.26666668	-0.00012442
-323.23333334	-0.00017870
-323.20000001	-0.00029423
-323.16666668	-0.00029644
-323.13333334	-0.00026869
-323.10000001	-0.00013181
-323.06666668	-0.00020865
-323.03333334	-0.00042087
-323.00000001	-0.00023288
-322.96666668	-0.00031956
-322.93333335	0.00022733
-322.90000001	-0.00010038
-322.86666668	-0.00017128
-322.83333335	-0.00027788
-322.80000001	0.00001552
-322.76666668	-0.00018962
-322.73333335	-0.00028075
-322.70000001	-0.00011351
-322.66666668	-0.00070608
-322.63333335	-0.00012688
-322.60000001	0.00010073
-322.56666668	-0.00010134
-322.53333335	0.00030639
-322.50000001	0.00001528
-322.46666668	0.00020556
-322.43333335	0.00063578
-322.40000001	0.00025902
-322.36666668	-0.00027224
-322.33333335	-0.00005751
-322.30000001	0.00007869
-322.26666668	0.00056314
-322.23333335	0.00036709
-322.20000002	0.00026774
-322.16666668	0.00035494
-322.13333335	0.00017367
-322.10000002	0.00024414
-322.06666668	0.00013501
-322.03333335	0.00006182
-322.00000002	0.00028315
-321.96666668	0.00040573
-321.93333335	0.00016223
-321.90000002	0.00006297
-321.86666668	0.00024137
-321.83333335	0.00007612
-321.80000002	-0.00012563
-321.76666668	-0.00009560
-321.73333335	0.00013033
-321.70000002	0.00069788
-321.66666668	0.00027149
-321.63333335	0.00034071
-321.60000002	-0.00021181
-321.56666668	0.00014660
-321.53333335	0.00013236
-321.50000002	-0.00033869
-321.46666668	-0.00019992
-321.43333335	-0.00017617
-321.40000002	0.00004722
-321.36666669	-0.00032945
-321.33333335	-0.00052200
-321.30000002	-0.00020142
-321.26666669	0.00006285
-321.23333335	-0.00007299
-321.20000002	-0.00034606
-321.16666669	-0.00014355
-321.13333335	0.00027747
-321.10000002	-0.00025278
-321.06666669	-0.00017105
-321.03333335	-0.00004980
-321.00000002	-0.00032993
-320.96666669	-0.00051348
-320.93333335	-0.00017097
-320.90000002	-0.00035217
-320.86666669	-0.00003728
-320.83333335	-0.00010127
-320.80000002	-0.00013174
-320.76666669	0.00022887
-320.73333335	-0.00002850
-320.70000002	0.00039928
-320.66666669	0.00018045
-320.63333336	0.00036994
-320.60000002	0.00016521
-320.56666669	-0.00004577
-320.53333336	-0.00022062
-320.50000002	0.00008859
-320.46666669	0.00009469
-320.43333336	0.00022648
-320.40000002	-0.00002359
-320.36666669	0.00020306
-320.33333336	-0.00019717
-320.30000002	-0.00033009
-320.26666669	0.00040770
-320.23333336	0.00025033
-320.20000002	0.00030104
-320.16666669	-0.00002459
-320.13333336	0.00026882
-320.10000002	0.00025295
-320.06666669	0.00023760
-320.03333336	-0.00016998
-320.00000002	0.00016135
-319.96666669	0.00019445
-319.93333336	0.00054956
-319.90000002	0.00046663
-319.86666669	0.00020991
-319.83333336	0.00028651
-319.80000003	0.00003813
-319.76666669	0.00015070
-319.73333336	0.00022458
-319.70000003	0.00049139
-319.66666669	0.00021102
-319.63333336	0.00033810
-319.60000003	0.00031233
-319.56666669	0.00028901
-319.53333336	0.00052706
-319.50000003	0.00059176
-319.46666669	0.00025953
-319.43333336	0.00026651
-319.40000003	0.00020842
-319.36666669	0.00054509
-319.33333336	0.00070046
-319.30000003	0.00067522
-319.26666669	0.00037573
-319.23333336	0.00047259
-319.20000003	0.00071490
-319.16666669	0.00070818
-319.13333336	0.00046809
-319.10000003	0.00057297
-319.06666670	0.00038081
-319.03333336	0.00032178
-319.00000003	0.00075503
-318.96666670	0.00077651
-318.93333336	0.00089741
-318.90000003	0.00074856
-318.86666670	0.00041416
-318.83333336	0.00073617
-318.80000003	0.00048423
-318.76666670	0.00033745
-318.73333336	0.00064080
-318.70000003	0.00058003
-318.66666670	0.00059938
-318.63333336	0.00041034
-318.60000003	0.00104734
-318.56666670	0.00082924
-318.53333336	0.00103028
-318.50000003	0.00040444
-318.46666670	0.00051048
-318.43333336	0.00069303
-318.40000003	0.00081044
-318.36666670	0.00024430
-318.33333336	0.00056960
-318.30000003	0.00053784
-318.26666670	0.00092612
-318.23333337	0.00074432
-318.20000003	0.00103048
-318.16666670	0.00046464
-318.13333337	0.00021197
-318.10000003	0.00059131
-318.06666670	0.00048882
-318.03333337	0.00053044
-318.00000003	0.00030659
-317.96666670	0.00037459
-317.93333337	0.00077219
-317.90000003	0.00033796
-317.86666670	0.00048868
-317.83333337	0.00045095
-317.80000003	0.00052788
-317.76666670	0.00069322
-317.73333337	0.00078096
-317.70000003	0.00053798
-317.66666670	0.00063052
-317.63333337	0.00066423
-317.60000003	0.00071265
-317.56666670	0.00120980
-317.53333337	0.00120035
-317.50000004	0.00017547
-317.46666670	0.00050435
-317.43333337	0.00050063
-317.40000004	0.00050949
-317.36666670	0.00078831
-317.33333337	0.00032462
-317.30000004	0.00064040
-317.26666670	0.00064237
-317.23333337	0.00054800
-317.20000004	0.00028659
-317.16666670	0.00064061
-317.13333337	0.00057876
-317.10000004	0.00039746
-317.06666670	0.00068826
-317.03333337	0.00031413
-317.00000004	0.00041906
-316.96666670	0.00057484
-316.93333337	0.00013940
-316.90000004	0.00040627
-316.86666670	0.00006306
-316.83333337	0.00033852
-316.80000004	0.00039968
-316.76666670	0.00035257
-316.73333337	0.00033321
-316.70000004	0.00009450
-316.66666671	0.00018037
-316.63333337	0.00026024
-316.60000004	-0.00007343
-316.56666671	0.00013293
-316.53333337	0.00064578
-316.50000004	0.00032388
-316.46666671	0.00057178
-316.43333337	0.00008547
-316.40000004	0.00048674
-316.36666671	0.00021990
-316.33333337	0.00035023
-316.30000004	0.00031972
-316.26666671	0.00014317
-316.23333337	0.00041490
-316.20000004	0.00004024
-316.16666671	0.00083127
-316.13333337	0.00015455
-316.10000004	0.00028729
-316.06666671	0.00038553
-316.03333337	0.00058814
-316.00000004	0.00037973
-315.96666671	0.00027393
-315.93333338	0.00000144
-315.90000004	0.00031186
-315.86666671	0.00031128
-315.83333338	0.00000383
-315.80000004	0.00024497
-315.76666671	0.00030998
-315.73333338	0.00001302
-315.70000004	-0.00006083
-315.66666671	0.00005820
-315.63333338	0.00019143
-315.60000004	0.00028994
-315.56666671	0.00027823
-315.53333338	0.00045356
-315.50000004	0.00035520
-315.46666671	0.00019310
-315.43333338	0.00013262
-315.40000004	0.00038739
-315.36666671	0.00001132
-315.33333338	-0.00017139
-315.30000004	0.00012676
-315.26666671	0.00034864
-315.23333338	-0.00026125
-315.20000004	0.00007367
-315.16666671	-0.00021703
-315.13333338	0.00014222
-315.10000005	0.00031139
-315.06666671	0.00004327
-315.03333338	0.00040811
-315.00000005	-0.00013707
-314.96666671	0.00010157
-314.93333338	-0.00017535
-314.90000005	0.00001695
-314.86666671	0.00035329
-314.83333338	0.00007947
-314.80000005	0.00001323
-314.76666671	-0.00025431
-314.73333338	0.00017580
-314.70000005	0.00038036
-314.66666671	-0.00004890
-314.63333338	-0.00022332
-314.60000005	-0.00034383
-314.56666671	0.00011297
-314.53333338	-0.00012141
-314.50000005	0.00034072
-314.46666671	0.00021766
-314.43333338	0.00001801
-314.40000005	0.00025205
-314.36666672	0.00015177
-314.33333338	0.00023631
-314.30000005	-0.00008048
-314.26666672	0.00019101
-314.23333338	0.00049730
-314.20000005	0.00001340
-314.16666672	0.00012848
-314.13333338	0.00041405
-314.10000005	0.00027823
-314.06666672	-0.00009002
-314.03333338	0.00002697
-314.00000005	-0.00017944
-313.96666672	-0.00026215
-313.93333338	-0.00019255
-313.90000005	0.00002167
-313.86666672	-0.00026522
-313.83333338	0.00010176
-313.80000005	-0.00012522
-313.76666672	-0.00026943
-313.73333338	0.00007561
-313.70000005	-0.00011557
-313.66666672	0.00016257
-313.63333338	0.00000570
-313.60000005	0.00007142
-313.56666672	0.00035298
-313.53333339	0.00013700
-313.50000005	0.00042448
-313.46666672	0.00028389
-313.43333339	0.00028508
-313.40000005	0.00061114
-313.36666672	-0.00007734
-313.33333339	0.00057727
-313.30000005	-0.00002352
-313.26666672	0.00016777
-313.23333339	0.00027406
-313.20000005	0.00036815
-313.16666672	0.00010670
-313.13333339	0.00046836
-313.10000005	0.00032267
-313.06666672	0.00015823
-313.03333339	0.00022548
-313.00000005	-0.00004406
-312.96666672	-0.00006503
-312.93333339	0.00024408
-312.90000005	-0.00003049
-312.86666672	0.00009515
-312.83333339	-0.00000821
-312.80000006	-0.00010719
-312.76666672	-0.00005995
-312.73333339	0.00021239
-312.70000006	0.00010700
-312.66666672	0.00019074
-312.63333339	0.00007655
-312.60000006	-0.00001803
-312.56666672	0.00016056
-312.53333339	0.00003974
-312.50000006	0.00018200
-312.46666672	-0.00004400
-312.43333339	-0.00025633
-312.40000006	-0.00029338
-312.36666672	0.00010141
-312.33333339	0.00002718
-312.30000006	-0.00010948
-312.26666672	0.00014853
-312.23333339	0.00043719
-312.20000006	-0.00002715
-312.16666672	0.00050756
-312.13333339	-0.00006302
-312.10000006	-0.00000155
-312.06666672	-0.00006125
-312.03333339	-0.00027460
-312.00000006	0.00001807
-311.96666673	0.00006732
-311.93333339	-0.00008923
-311.90000006	-0.00006577
-311.86666673	-0.00010723
-311.83333339	-0.00007930
-311.80000006	-0.00013969
-311.76666673	0.00044960
-311.73333339	0.00034165
-311.70000006	0.00048952
-311.66666673	0.00021710
-311.63333339	-0.00008313
-311.60000006	0.00006930
-311.56666673	0.00003430
-311.53333339	-0.00026662
-311.50000006	0.00008259
-311.46666673	-0.00028491
-311.43333339	-0.00006978
-311.40000006	0.00014457
-311.36666673	0.00031705
-311.33333339	0.00001054
-311.30000006	0.00018512
-311.26666673	0.00019465
-311.23333340	-0.00005875
-311.20000006	0.00040937
-311.16666673	0.00040404
-311.13333340	0.00002026
-311.10000006	0.00034330
-311.06666673	-0.00003271
-311.03333340	0.00004714
-311.00000006	0.00017573
-310.96666673	0.00036607
-310.93333340	0.00041638
-310.90000006	-0.00011037
-310.86666673	0.00019672
-310.83333340	0.00059383
-310.80000006	-0.00012170
-310.76666673	-0.00014147
-310.73333340	0.00031651
-310.70000006	0.00001130
-310.66666673	0.00011019
-310.63333340	0.00002156
-310.60000006	-0.00014929
-310.56666673	0.00008104
-310.53333340	0.00003348
-310.50000006	-0.00016582
-310.46666673	0.00023051
-310.43333340	0.00041264
-310.40000007	0.00004311
-310.36666673	0.00000960
-310.33333340	-0.00002064
-310.30000007	0.00004024
-310.26666673	-0.00002283
-310.23333340	0.00032867
-310.20000007	0.00056450
-310.16666673	0.00016786
-310.13333340	0.00008784
-310.10000007	-0.00029844
-310.06666673	0.00017096
-310.03333340	0.00017439
-310.00000007	0.00040117
-309.96666673	0.00011301
-309.93333340	-0.00006019
-309.90000007	-0.00016799
-309.86666673	0.00042340
-309.83333340	0.00028345
-309.80000007	0.00038772
-309.76666673	0.00028993
-309.73333340	0.00021304
-309.70000007	-0.00012289
-309.66666674	0.00001797
-309.63333340	-0.00014376
-309.60000007	-0.00001011
-309.56666674	0.00026949
-309.53333340	0.00008566
-309.50000007	0.00014707
-309.46666674	0.00005680
-309.43333340	0.00037884
-309.40000007	-0.00002562
-309.36666674	0.00013458
-309.33333340	0.00018123
-309.30000007	-0.00009511
-309.26666674	-0.00021622
-309.23333340	-0.00002204
-309.20000007	0.00004424
-309.16666674	-0.00009709
-309.13333340	0.00009985
-309.10000007	-0.00005865
-309.06666674	-0.00038163
-309.03333340	0.00014947
-309.00000007	0.00016700
-308.96666674	0.00030533
-308.93333340	0.00009348
-308.90000007	-0.00028167
-308.86666674	-0.00043886
-308.83333341	-0.00054470
-308.80000007	0.00015165
-308.76666674	0.00012253
-308.73333341	0.00007364
-308.70000007	0.00009398
-308.66666674	0.00009144
-308.63333341	0.00032043
-308.60000007	-0.00019384
-308.56666674	0.00008782
-308.53333341	-0.00010427
-308.50000007	0.00015358
-308.46666674	0.00004150
-308.43333341	-0.00005427
-308.40000007	-0.00017413
-308.36666674	-0.00000784
-308.33333341	0.00018353
-308.30000007	0.00010527
-308.26666674	-0.00016551
-308.23333341	0.00005857
-308.20000007	-0.00014868
-308.16666674	-0.00031340
-308.13333341	-0.00031031
-308.10000008	-0.00005106
-308.06666674	0.00006900
-308.03333341	-0.00027784
-308.00000008	-0.00050144
-307.96666674	-0.00015031
-307.93333341	-0.00004282
-307.90000008	-0.00028834
-307.86666674	-0.00029887
-307.83333341	-0.00017812
-307.80000008	-0.00024110
-307.76666674	-0.00016167
-307.73333341	-0.00005565
-307.70000008	-0.00043486
-307.66666674	-0.00022956
-307.63333341	-0.00020820
-307.60000008	-0.00000658
-307.56666674	-0.00045682
-307.53333341	-0.00007493
-307.50000008	-0.00018526
-307.46666674	-0.00004442
-307.43333341	-0.00020189
-307.40000008	-0.00026312
-307.36666674	-0.00002433
-307.33333341	-0.00007731
-307.30000008	-0.00030515
-307.26666675	0.00017307
-307.23333341	-0.00013539
-307.20000008	-0.00029912
-307.16666675	-0.00012609
-307.13333341	-0.00028976
-307.10000008	-0.00039650
-307.06666675	-0.00034558
-307.03333341	-0.00004668
-307.00000008	-0.00048097
-306.96666675	-0.00015910
-306.93333341	-0.00017076
-306.90000008	-0.00049831
-306.86666675	-0.00050332
-306.83333341	-0.00027141
-306.80000008	-0.00064534
-306.76666675	-0.00047056
-306.73333341	-0.00035238
-306.70000008	-0.00046134
-306.66666675	-0.00062531
-306.63333341	-0.00020846
-306.60000008	-0.00032426
-306.56666675	-0.00033670
-306.53333342	-0.00080246
-306.50000008	-0.00072845
-306.46666675	-0.00066972
-306.43333342	-0.00024555
-306.40000008	-0.00026085
-306.36666675	-0.00011749
-306.33333342	-0.00076912
-306.30000008	-0.00039148
-306.26666675	-0.00032718
-306.23333342	-0.00025486
-306.20000008	-0.00057290
-306.16666675	-0.00043347
-306.13333342	-0.00047593
-306.10000008	-0.00067417
-306.06666675	-0.00091762
-306.03333342	-0.00080090
-306.00000008	-0.00090408
-305.96666675	-0.00046930
-305.93333342	-0.00034150
-305.90000008	-0.00057108
-305.86666675	-0.00077609
-305.83333342	-0.00054972
-305.80000008	-0.00066570
-305.76666675	-0.00050135
-305.73333342	-0.00077839
-305.70000009	-0.00042321
-305.66666675	-0.00058574
-305.63333342	-0.00074029
-305.60000009	-0.00093486
-305.56666675	-0.00053470
-305.53333342	-0.00080701
-305.50000009	-0.00127622
-305.46666675	-0.00105571
-305.43333342	-0.00062641
-305.40000009	-0.00074122
-305.36666675	-0.00073874
-305.33333342	-0.00079454
-305.30000009	-0.00085265
-305.26666675	-0.00071163
-305.23333342	-0.00114368
-305.20000009	-0.00071467
-305.16666675	-0.00082695
-305.13333342	-0.00057689
-305.10000009	-0.00061271
-305.06666675	-0.00064900
-305.03333342	-0.00085455
-305.00000009	-0.00078403
-304.96666676	-0.00049556
-304.93333342	-0.00043251
-304.90000009	-0.00025440
-304.86666676	-0.00038434
-304.83333342	-0.00057230
-304.80000009	-0.00080442
-304.76666676	-0.00073548
-304.73333342	-0.00057535
-304.70000009	-0.00071903
-304.66666676	-0.00038890
-304.63333342	-0.00032410
-304.60000009	-0.00036550
-304.56666676	-0.00061882
-304.53333342	-0.00032186
-304.50000009	-0.00054007
-304.46666676	-0.00040332
-304.43333342	-0.00015907
-304.40000009	-0.00043595
-304.36666676	-0.00022306
-304.33333342	-0.00061891
-304.30000009	-0.00000041
-304.26666676	-0.00011978
-304.23333342	-0.00017918
-304.20000009	-0.00019526
-304.16666676	-0.00020240
-304.13333343	-0.00028373
-304.10000009	-0.00016865
-304.06666676	0.00007662
-304.03333343	-0.00001987
-304.00000009	0.00002867
-303.96666676	0.00003174
-303.93333343	-0.00020403
-303.90000009	-0.00025590
-303.86666676	0.00000213
-303.83333343	-0.00018153
-303.80000009	-0.00040834
-303.76666676	-0.00015705
-303.73333343	-0.00026927
-303.70000009	-0.00036975
-303.66666676	0.00009753
-303.63333343	-0.00025730
-303.60000009	-0.00055709
-303.56666676	-0.00034826
-303.53333343	-0.00048617
-303.50000009	-0.00018763
-303.46666676	0.00000095
-303.43333343	0.00006745
-303.40000010	-0.00024227
-303.36666676	-0.00028599
-303.33333343	-0.00011955
-303.30000010	-0.00038125
-303.26666676	-0.00014264
-303.23333343	-0.00035702
-303.20000010	-0.00013258
-303.16666676	-0.00050057
-303.13333343	-0.00039613
-303.10000010	-0.00051966
-303.06666676	-0.00040938
-303.03333343	-0.00051962
-303.00000010	-0.00053541
-302.96666676	-0.00077492
-302.93333343	-0.00066811
-302.90000010	-0.00024809
-302.86666676	-0.00058071
-302.83333343	-0.00078114
-302.80000010	-0.00096367
-302.76666676	-0.00077549
-302.73333343	-0.00092748
-302.70000010	-0.00065563
-302.66666676	-0.00093131
-302.63333343	-0.00117693
-302.60000010	-0.00107022
-302.56666677	-0.00073366
-302.53333343	-0.00088785
-302.50000010	-0.00121031
-302.46666677	-0.00080724
-302.43333343	-0.00104155
-302.40000010	-0.00121161
-302.36666677	-0.00094921
-302.33333343	-0.00126865
-302.30000010	-0.00128197
-302.26666677	-0.00110482
-302.23333343	-0.00134590
-302.20000010	-0.00120552
-302.16666677	-0.00138762
-302.13333343	-0.00103116
-302.10000010	-0.00097416
-302.06666677	-0.00118357
-302.03333343	-0.00126134
-302.00000010	-0.00097845
-301.96666677	-0.00080464
-301.93333343	-0.00077837
-301.90000010	-0.00132013
-301.86666677	-0.00080210
-301.83333344	-0.00081232
-301.80000010	-0.00081958
-301.76666677	-0.00049493
-301.73333344	-0.00037438
-301.70000010	-0.00026715
-301.66666677	-0.00018756
-301.63333344	-0.00019789
-301.60000010	-0.00030792
-301.56666677	-0.00039588
-301.53333344	0.00016692
-301.50000010	-0.00030604
-301.46666677	-0.00008169
-301.43333344	0.00007617
-301.40000010	0.00022094
-301.36666677	0.00034713
-301.33333344	0.00013385
-301.30000010	0.00082401
-301.26666677	0.00094975
-301.23333344	0.00076412
-301.20000010	0.00098018
-301.16666677	0.00101781
-301.13333344	0.00080424
-301.10000010	0.00099850
-301.06666677	0.00113798
-301.03333344	0.00143040
-301.00000011	0.00126490
-300.96666677	0.00155496
-300.93333344	0.00150388
-300.90000011	0.00182273
-300.86666677	0.00191592
-300.83333344	0.00199536
-300.80000011	0.00217818
-300.76666677	0.00225132
-300.73333344	0.00204551
-300.70000011	0.00240279
-300.66666677	0.00258764
-300.63333344	0.00243997
-300.60000011	0.00252715
-300.56666677	0.00251815
-300.53333344	0.00286077
-300.50000011	0.00285815
-300.46666677	0.00309425
-300.43333344	0.00286562
-300.40000011	0.00317136
-300.36666677	0.00309058
-300.33333344	0.00324633
-300.30000011	0.00332294
-300.26666678	0.00338943
-300.23333344	0.00332649
-300.20000011	0.00367261
-300.16666678	0.00344848
-300.13333344	0.00380936
-300.10000011	0.00373333
-300.06666678	0.00343919
-300.03333344	0.00375816
-300.00000011	0.00367440
-299.96666678	0.00400396
-299.93333344	0.00348854
-299.90000011	0.00367451
-299.86666678	0.00400202
-299.83333344	0.00415405
-299.80000011	0.00378871
-299.76666678	0.00437532
-299.73333344	0.00415453
-299.70000011	0.00405761
-299.66666678	0.00407716
-299.63333344	0.00385350
-299.60000011	0.00419762
-299.56666678	0.00420450
-299.53333344	0.00464791
-299.50000011	0.00439311
-299.46666678	0.00443919
-299.43333345	0.00447787
-299.40000011	0.00454994
-299.36666678	0.00451348
-299.33333345	0.00460405
-299.30000011	0.00422258
-299.26666678	0.00453799
-299.23333345	0.00447460
-299.20000011	0.00447418
-299.16666678	0.00431737
-299.13333345	0.00448990
-299.10000011	0.00397424
-299.06666678	0.00467961
-299.03333345	0.00409018
-299.00000011	0.00422400
-298.96666678	0.00395837
-298.93333345	0.00385938
-298.90000011	0.00370199
-298.86666678	0.00363695
-298.83333345	0.00362070
-298.80000011	0.00306836
-298.76666678	0.00372167
-298.73333345	0.00321506
-298.70000012	0.00330857
-298.66666678	0.00324083
-298.63333345	0.00307461
-298.60000012	0.00305833
-298.56666678	0.00308624
-298.53333345	0.00320532
-298.50000012	0.00275709
-298.46666678	0.00230482
-298.43333345	0.00246697
-298.40000012	0.00238687
-298.36666678	0.00236920
-298.33333345	0.00200252
-298.30000012	0.00241125
-298.26666678	0.00187617
-298.23333345	0.00202282
-298.20000012	0.00157081
-298.16666678	0.00137390
-298.13333345	0.00072255
-298.10000012	0.00067666
-298.06666678	0.00042756
-298.03333345	0.00020761
-298.00000012	-0.00042776
-297.96666678	-0.00059526
-297.93333345	-0.00032149
-297.90000012	-0.00069022
-297.86666679	-0.00101110
-297.83333345	-0.00124136
-297.80000012	-0.00129178
-297.76666679	-0.00163577
-297.73333345	-0.00164300
-297.70000012	-0.00161628
-297.66666679	-0.00223135
-297.63333345	-0.00254512
-297.60000012	-0.00280288
-297.56666679	-0.00296262
-297.53333345	-0.00293866
-297.50000012	-0.00307012
-297.46666679	-0.00353903
-297.43333345	-0.00359019
-297.40000012	-0.00333666
-297.36666679	-0.00387844
-297.33333345	-0.00399670
-297.30000012	-0.00412083
-297.26666679	-0.00438386
-297.23333345	-0.00426084
-297.20000012	-0.00395799
-297.16666679	-0.00407996
-297.13333346	-0.00412955
-297.10000012	-0.00432998
-297.06666679	-0.00427288
-297.03333346	-0.00417007
-297.00000012	-0.00403505
-296.96666679	-0.00382425
-296.93333346	-0.00396946
-296.90000012	-0.00402389
-296.86666679	-0.00333040
-296.83333346	-0.00323044
-296.80000012	-0.00300141
-296.76666679	-0.00264176
-296.73333346	-0.00284931
-296.70000012	-0.00272291
-296.66666679	-0.00269019
-296.63333346	-0.00251620
-296.60000012	-0.00197223
-296.56666679	-0.00212149
-296.53333346	-0.00208267
-296.50000012	-0.00188369
-296.46666679	-0.00137595
-296.43333346	-0.00185123
-296.40000012	-0.00166674
-296.36666679	-0.00081855
-296.33333346	-0.00096670
-296.30000013	-0.00086817
-296.26666679	-0.00087772
-296.23333346	-0.00040831
-296.20000013	-0.00033393
-296.16666679	0.00027179
-296.13333346	0.00010436
-296.10000013	0.00033325
-296.06666679	0.00062977
-296.03333346	0.00093715
-296.00000013	0.00089232
-295.96666679	0.00113562
-295.93333346	0.00123912
-295.90000013	0.00140479
-295.86666679	0.00188782
-295.83333346	0.00193231
-295.80000013	0.00216412
-295.76666679	0.00251446
-295.73333346	0.00271121
-295.70000013	0.00281136
-295.66666679	0.00293128
-295.63333346	0.00334712
-295.60000013	0.00309926
-295.56666680	0.00317384
-295.53333346	0.00337392
-295.50000013	0.00330612
-295.46666680	0.00309573
-295.43333346	0.00384833
-295.40000013	0.00411464
-295.36666680	0.00423811
-295.33333346	0.00393336
-295.30000013	0.00378883
-295.26666680	0.00411899
-295.23333346	0.00405018
-295.20000013	0.00417102
-295.16666680	0.00412513
-295.13333346	0.00367779
-295.10000013	0.00435918
-295.06666680	0.00405636
-295.03333346	0.00401024
-295.00000013	0.00393924
-294.96666680	0.00393423
-294.93333346	0.00370024
-294.90000013	0.00365921
-294.86666680	0.00369339
-294.83333346	0.00375688
-294.80000013	0.00353692
-294.76666680	0.00357136
-294.73333347	0.00376042
-294.70000013	0.00376255
-294.66666680	0.00359812
-294.63333347	0.00365816
-294.60000013	0.00341591
-294.56666680	0.00342350
-294.53333347	0.00321143
-294.50000013	0.00316201
-294.46666680	0.00293434
-294.43333347	0.00308459
-294.40000013	0.00295654
-294.36666680	0.00304911
-294.33333347	0.00291174
-294.30000013	0.00307108
-294.26666680	0.00246205
-294.23333347	0.00253445
-294.20000013	0.00212880
-294.16666680	0.00217318
-294.13333347	0.00207431
-294.10000013	0.00152353
-294.06666680	0.00156581
-294.03333347	0.00142869
-294.00000014	0.00127734
-293.96666680	0.00081476
-293.93333347	0.00100537
-293.90000014	0.00122825
-293.86666680	0.00126418
-293.83333347	0.00055016
-293.80000014	0.00078297
-293.76666680	0.00078749
-293.73333347	0.00055871
-293.70000014	0.00055178
-293.66666680	0.00075452
-293.63333347	0.00040156
-293.60000014	0.00007921
-293.56666680	0.00006036
-293.53333347	0.00016315
-293.50000014	0.00040497
-293.46666680	0.00016741
-293.43333347	0.00017947
-293.40000014	0.00014533
-293.36666680	0.00003654
-293.33333347	0.00016984
-293.30000014	-0.00010094
-293.26666680	0.00012917
-293.23333347	-0.00006161
-293.20000014	-0.00024117
-293.16666681	-0.00005551
-293.13333347	0.00004518
-293.10000014	0.00005832
-293.06666681	-0.00033176
-293.03333347	-0.00033447
-293.00000014	-0.00017788
-292.96666681	-0.00076827
-292.93333347	-0.00093425
-292.90000014	-0.00074004
-292.86666681	-0.00011538
-292.83333347	-0.00061194
-292.80000014	-0.00047457
-292.76666681	-0.00057590
-292.73333347	-0.00095488
-292.70000014	-0.00054514
-292.66666681	-0.00081720
-292.63333347	-0.00084426
-292.60000014	-0.00050110
-292.56666681	-0.00024602
-292.53333347	-0.00081761
-292.50000014	-0.00072182
-292.46666681	-0.00048948
-292.43333348	-0.00094117
-292.40000014	-0.00062975
-292.36666681	-0.00030290
-292.33333348	-0.00038542
-292.30000014	-0.00041610
-292.26666681	-0.00022271
-292.23333348	-0.00030174
-292.20000014	-0.00023996
-292.16666681	-0.00023293
-292.13333348	-0.00055361
-292.10000014	-0.00007273
-292.06666681	0.00017833
-292.03333348	0.00033865
-292.00000014	0.00017280
-291.96666681	0.00038357
-291.93333348	0.00033361
-291.90000014	0.00085391
-291.86666681	0.00097033
-291.83333348	0.00081974
-291.80000014	0.00113598
-291.76666681	0.00128481
-291.73333348	0.00145731
-291.70000014	0.00103408
-291.66666681	0.00090592
-291.63333348	0.00171676
-291.60000015	0.00160931
-291.56666681	0.00186253
-291.53333348	0.00213123
-291.50000015	0.00216207
-291.46666681	0.00263131
-291.43333348	0.00281479
-291.40000015	0.00313057
-291.36666681	0.00318886
-291.33333348	0.00355259
-291.30000015	0.00349794
-291.26666681	0.00383043
-291.23333348	0.00329782
-291.20000015	0.00293324
-291.16666681	0.00300374
-291.13333348	0.00235229
-291.10000015	0.00246250
-291.06666681	0.00221273
-291.03333348	0.00164069
-291.00000015	0.00114215
-290.96666681	-0.00011195
-290.93333348	-0.00101651
-290.90000015	-0.00125377
-290.86666682	-0.00166672
-290.83333348	-0.00227970
-290.80000015	-0.00197683
-290.76666682	-0.00231069
-290.73333348	-0.00182223
-290.70000015	-0.00220016
-290.66666682	-0.00153510
-290.63333348	-0.00095457
-290.60000015	-0.00078804
-290.56666682	-0.00038540
-290.53333348	0.00004657
-290.50000015	0.00035503
-290.46666682	0.00119711
-290.43333348	0.00157895
-290.40000015	0.00216212
-290.36666682	0.00233261
-290.33333348	0.00279900
-290.30000015	0.00308960
-290.26666682	0.00338664
-290.23333348	0.00419612
-290.20000015	0.00425017
-290.16666682	0.00491242
-290.13333348	0.00481988
-290.10000015	0.00502861
-290.06666682	0.00557334
-290.03333349	0.00556463
-290.00000015	0.00561173
-289.96666682	0.00535101
-289.93333349	0.00603626
-289.90000015	0.00577311
-289.86666682	0.00550432
-289.83333349	0.00552980
-289.80000015	0.00512064
-289.76666682	0.00467871
-289.73333349	0.00434773
-289.70000015	0.00356729
-289.66666682	0.00299402
-289.63333349	0.00234787
-289.60000015	0.00143186
-289.56666682	0.00075090
-289.53333349	-0.00010870
-289.50000015	-0.00085728
-289.46666682	-0.00198523
-289.43333349	-0.00216020
-289.40000015	-0.00242435
-289.36666682	-0.00256902
-289.33333349	-0.00322719
-289.30000016	-0.00318594
-289.26666682	-0.00253784
-289.23333349	-0.00206339
-289.20000016	-0.00141253
-289.16666682	-0.00075491
-289.13333349	0.00003312
-289.10000016	0.00079529
-289.06666682	0.00216388
-289.03333349	0.00243523
-289.00000016	0.00335930
-288.96666682	0.00345949
-288.93333349	0.00463546
-288.90000016	0.00491183
-288.86666682	0.00518830
-288.83333349	0.00519264
-288.80000016	0.00556513
-288.76666682	0.00589615
-288.73333349	0.00609777
-288.70000016	0.00614704
-288.66666682	0.00648372
-288.63333349	0.00698298
-288.60000016	0.00671942
-288.56666682	0.00678837
-288.53333349	0.00679053
-288.50000016	0.00709299
-288.46666683	0.00730106
-288.43333349	0.00749619
-288.40000016	0.00729241
-288.36666683	0.00725082
-288.33333349	0.00728469
-288.30000016	0.00750629
-288.26666683	0.00739097
-288.23333349	0.00756194
-288.20000016	0.00750906
-288.16666683	0.00673203
-288.13333349	0.00727072
-288.10000016	0.00682736
-288.06666683	0.00706475
-288.03333349	0.00696415
-288.00000016	0.00670860
-287.96666683	0.00661814
-287.93333349	0.00698158
-287.90000016	0.00695557
-287.86666683	0.00720665
-287.83333349	0.00718865
-287.80000016	0.00692895
-287.76666683	0.00724614
-287.73333350	0.00690146
-287.70000016	0.00721310
-287.66666683	0.00737098
-287.63333350	0.00735795
-287.60000016	0.00725481
-287.56666683	0.00806149
-287.53333350	0.00742038
-287.50000016	0.00748553
-287.46666683	0.00786349
-287.43333350	0.00808319
-287.40000016	0.00789574
-287.36666683	0.00834747
-287.33333350	0.00810902
-287.30000016	0.00812227
-287.26666683	0.00783912
-287.23333350	0.00785595
-287.20000016	0.00847519
-287.16666683	0.00806975
-287.13333350	0.00796687
-287.10000016	0.00804473
-287.06666683	0.00798908
-287.03333350	0.00782313
-287.00000016	0.00747332
-286.96666683	0.00783899
-286.93333350	0.00773766
-286.90000017	0.00798508
-286.86666683	0.00790992
-286.83333350	0.00794268
-286.80000017	0.00835463
-286.76666683	0.00836757
-286.73333350	0.00831161
-286.70000017	0.00860600
-286.66666683	0.00847836
-286.63333350	0.00834574
-286.60000017	0.00810982
-286.56666683	0.00863672
-286.53333350	0.00747965
-286.50000017	0.00695588
-286.46666683	0.00610402
-286.43333350	0.00499266
-286.40000017	0.00475338
-286.36666683	0.00415294
-286.33333350	0.00390739
-286.30000017	0.00343191
-286.26666683	0.00377420
-286.23333350	0.00438175
-286.20000017	0.00481844
-286.16666684	0.00559915
-286.13333350	0.00712403
-286.10000017	0.00832680
-286.06666684	0.00964024
-286.03333350	0.01113228
-286.00000017	0.01241285
-285.96666684	0.01415145
-285.93333350	0.01526524
-285.90000017	0.01660339
-285.86666684	0.01792887
-285.83333350	0.01865191
-285.80000017	0.01994412
-285.76666684	0.02109479
-285.73333350	0.02202024
-285.70000017	0.02308801
-285.66666684	0.02434010
-285.63333350	0.02522214
-285.60000017	0.02619026
-285.56666684	0.02732021
-285.53333350	0.02838186
-285.50000017	0.02989484
-285.46666684	0.03117288
-285.43333350	0.03263551
-285.40000017	0.03397392
-285.36666684	0.03575871
-285.33333351	0.03708959
-285.30000017	0.03920547
-285.26666684	0.04118242
-285.23333351	0.04317706
-285.20000017	0.04521886
-285.16666684	0.04770172
-285.13333351	0.04977652
-285.10000017	0.05252421
-285.06666684	0.05522893
-285.03333351	0.05788262
-285.00000017	0.05995382
-284.96666684	0.06288709
-284.93333351	0.06598553
-284.90000017	0.06955848
-284.86666684	0.07366346
-284.83333351	0.07755575
-284.80000017	0.08097465
-284.76666684	0.08560869
-284.73333351	0.09044599
-284.70000017	0.09528561
-284.66666684	0.10048635
-284.63333351	0.10621901
-284.60000018	0.11224128
-284.56666684	0.11812016
-284.53333351	0.12475363
-284.50000018	0.13127497
-284.46666684	0.13774852
-284.43333351	0.14526156
-284.40000018	0.15225490
-284.36666684	0.16027560
-284.33333351	0.16854913
-284.30000018	0.17692652
-284.26666684	0.18607477
-284.23333351	0.19575111
-284.20000018	0.20619305
-284.16666684	0.21637153
-284.13333351	0.22790489
-284.10000018	0.23864341
-284.06666684	0.25048745
-284.03333351	0.26208369
-284.00000018	0.27401063
-283.96666684	0.28542658
-283.93333351	0.29641705
-283.90000018	0.30634395
-283.86666684	0.31525219
-283.83333351	0.32230828
-283.80000018	0.32770075
-283.76666685	0.33035131
-283.73333351	0.33001772
-283.70000018	0.32491274
-283.66666685	0.31430704
-283.63333351	0.29631254
-283.60000018	0.26874021
-283.56666685	0.22862067
-283.53333351	0.17133026
-283.50000018	0.09329558
-283.46666685	-0.01123249
-283.43333351	-0.14739656
-283.40000018	-0.32038242
-283.36666685	-0.53411651
-283.33333351	-0.78797470
-283.30000018	-1.07948395
-283.26666685	-1.39871016
-283.23333351	-1.73337030
-283.20000018	-2.06326483
-283.16666685	-2.36571135
-283.13333351	-2.61774313
-283.10000018	-2.79755444
-283.06666685	-2.88842825
-283.03333352	-2.88077140
-283.00000018	-2.77449037
-282.96666685	-2.57968656
-282.93333352	-2.31227599
-282.90000018	-1.99297248
-282.86666685	-1.64399089
-282.83333352	-1.28499501
-282.80000018	-0.93120706
-282.76666685	-0.59445186
-282.73333352	-0.28419384
-282.70000018	-0.00550558
-282.66666685	0.23845118
-282.63333352	0.44659189
-282.60000018	0.61897934
-282.56666685	0.75777157
-282.53333352	0.86692436
-282.50000018	0.95174258
-282.46666685	1.01595092
-282.43333352	1.06292663
-282.40000018	1.09694855
-282.36666685	1.11882299
-282.33333352	1.12898050
-282.30000018	1.12957974
-282.26666685	1.12204831
-282.23333352	1.10927502
-282.20000019	1.09284347
-282.16666685	1.07532823
-282.13333352	1.05720004
-282.10000019	1.03710387
-282.06666685	1.01349455
-282.03333352	0.98489808
-282.00000019	0.94887658
-281.96666685	0.90513119
-281.93333352	0.85405938
-281.90000019	0.79547292
-281.86666685	0.73118502
-281.83333352	0.66320794
-281.80000019	0.59246266
-281.76666685	0.52079133
-281.73333352	0.45075202
-281.70000019	0.38528053
-281.66666685	0.32764553
-281.63333352	0.28106929
-281.60000019	0.24812341
-281.56666685	0.22993826
-281.53333352	0.22546307
-281.50000019	0.23382268
-281.46666686	0.25051128
-281.43333352	0.27120451
-281.40000019	0.29102357
-281.36666686	0.30615053
-281.33333352	0.31302019
-281.30000019	0.31053854
-281.26666686	0.29593758
-281.23333352	0.27040918
-281.20000019	0.23456976
-281.16666686	0.18955754
-281.13333352	0.13941786
-281.10000019	0.08713448
-281.06666686	0.03787349
-281.03333352	-0.00378761
-281.00000019	-0.03504806
-280.96666686	-0.05364870
-280.93333352	-0.05969486
-280.90000019	-0.05527636
-280.86666686	-0.04347169
-280.83333352	-0.02842731
-280.80000019	-0.01280062
-280.76666686	0.00032412
-280.73333352	0.01133503
-280.70000019	0.01951810
-280.66666686	0.02580764
-280.63333353	0.03052192
-280.60000019	0.03453101
-280.56666686	0.03693093
-280.53333353	0.03787246
-280.50000019	0.03622646
-280.46666686	0.03256504
-280.43333353	0.02800997
-280.40000019	0.02141920
-280.36666686	0.01464888
-280.33333353	0.00746589
-280.30000019	0.00070168
-280.26666686	-0.00561256
-280.23333353	-0.01079757
-280.20000019	-0.01648165
-280.16666686	-0.02310397
-280.13333353	-0.03040060
-280.10000019	-0.04121080
-280.06666686	-0.05475346
-280.03333353	-0.07065765
-280.00000019	-0.08822781
-279.96666686	-0.10507104
-279.93333353	-0.11910924
-279.90000020	-0.12798554
-279.86666686	-0.13115671
-279.83333353	-0.12631580
-279.80000020	-0.11421003
-279.76666686	-0.09641889
-279.73333353	-0.07343029
-279.70000020	-0.04726781
-279.66666686	-0.01864203
-279.63333353	0.00964994
-279.60000020	0.03778806
-279.56666686	0.06383733
-279.53333353	0.08505747
-279.50000020	0.09937781
-279.46666686	0.10450421
-279.43333353	0.09998913
-279.40000020	0.08392918
-279.36666686	0.05775603
-279.33333353	0.02411407
-279.30000020	-0.01273307
-279.26666686	-0.04893724
-279.23333353	-0.08104142
-279.20000020	-0.10529256
-279.16666686	-0.11932481
-279.13333353	-0.12273498
-279.10000020	-0.11612150
-279.06666687	-0.10068498
-279.03333353	-0.07833187
-279.00000020	-0.05356310
-278.96666687	-0.02883509
-278.93333353	-0.00722499
-278.90000020	0.00797182
-278.86666687	0.01519110
-278.83333353	0.01426863
-278.80000020	0.00615426
-278.76666687	-0.00820929
-278.73333353	-0.02640357
-278.70000020	-0.04657045
-278.66666687	-0.06581678
-278.63333353	-0.08336322
-278.60000020	-0.09724291
-278.56666687	-0.10780270
-278.53333353	-0.11499677
-278.50000020	-0.11878250
-278.46666687	-0.11967658
-278.43333353	-0.11840806
-278.40000020	-0.11572081
-278.36666687	-0.11070493
-278.33333354	-0.10418042
-278.30000020	-0.09628434
-278.26666687	-0.08627948
-278.23333354	-0.07532089
-278.20000020	-0.06326418
-278.16666687	-0.05211602
-278.13333354	-0.04275160
-278.10000020	-0.03579196
-278.06666687	-0.03218429
-278.03333354	-0.03160785
-278.00000020	-0.03205733
-277.96666687	-0.03205637
-277.93333354	-0.02894324
-277.90000020	-0.02165056
-277.86666687	-0.00860255
-277.83333354	0.00802333
-277.80000020	0.02527215
-277.76666687	0.03997488
-277.73333354	0.04970092
-277.70000020	0.05183160
-277.66666687	0.04731403
-277.63333354	0.03699959
-277.60000020	0.02370811
-277.56666687	0.00970169
-277.53333354	-0.00250242
-277.50000021	-0.01194036
-277.46666687	-0.01886757
-277.43333354	-0.02403981
-277.40000021	-0.02814822
-277.36666687	-0.03144844
-277.33333354	-0.03549394
-277.30000021	-0.03912164
-277.26666687	-0.04348757
-277.23333354	-0.04713357
-277.20000021	-0.04993107
-277.16666687	-0.05171982
-277.13333354	-0.05306972
-277.10000021	-0.05406725
-277.06666687	-0.05561529
-277.03333354	-0.05872808
-277.00000021	-0.06240624
-276.96666687	-0.06686499
-276.93333354	-0.06997120
-276.90000021	-0.07087334
-276.86666687	-0.06734587
-276.83333354	-0.05953711
-276.80000021	-0.04833087
-276.76666688	-0.03544421
-276.73333354	-0.02216202
-276.70000021	-0.01137176
-276.66666688	-0.00459614
-276.63333354	-0.00076585
-276.60000021	-0.00092350
-276.56666688	-0.00321390
-276.53333354	-0.00834997
-276.50000021	-0.01465702
-276.46666688	-0.02099765
-276.43333354	-0.02727922
-276.40000021	-0.03183671
-276.36666688	-0.03331480
-276.33333354	-0.03212637
-276.30000021	-0.02777623
-276.26666688	-0.02191578
-276.23333354	-0.01565178
-276.20000021	-0.01070490
-276.16666688	-0.00637307
-276.13333354	-0.00399669
-276.10000021	-0.00095896
-276.06666688	0.00309843
-276.03333354	0.00868991
-276.00000021	0.01668195
-275.96666688	0.02423668
-275.93333355	0.03101904
-275.90000021	0.03450291
-275.86666688	0.03295759
-275.83333355	0.02609105
-275.80000021	0.01411770
-275.76666688	-0.00117384
-275.73333355	-0.01756626
-275.70000021	-0.03305269
-275.66666688	-0.04646164
-275.63333355	-0.05706441
-275.60000021	-0.06405684
-275.56666688	-0.06765748
-275.53333355	-0.06935626
-275.50000021	-0.06944467
-275.46666688	-0.06798240
-275.43333355	-0.06604684
-275.40000021	-0.06268792
-275.36666688	-0.05835249
-275.33333355	-0.05198613
-275.30000021	-0.04310989
-275.26666688	-0.03311768
-275.23333355	-0.02296674
-275.20000022	-0.01427968
-275.16666688	-0.00815699
-275.13333355	-0.00584999
-275.10000022	-0.00695470
-275.06666688	-0.00991830
-275.03333355	-0.01309983
-275.00000022	-0.01552466
-274.96666688	-0.01431909
-274.93333355	-0.00969917
-274.90000022	-0.00095866
-274.86666688	0.00969158
-274.83333355	0.02187553
-274.80000022	0.03268679
-274.76666688	0.04223697
-274.73333355	0.04797620
-274.70000022	0.04970460
-274.66666688	0.04794052
-274.63333355	0.04285986
-274.60000022	0.03560086
-274.56666688	0.02606912
-274.53333355	0.01687716
-274.50000022	0.00806762
-274.46666688	0.00054531
-274.43333355	-0.00537185
-274.40000022	-0.00987059
-274.36666689	-0.01275806
-274.33333355	-0.01398468
-274.30000022	-0.01325752
-274.26666689	-0.00962315
-274.23333355	-0.00349584
-274.20000022	0.00473467
-274.16666689	0.01490175
-274.13333355	0.02562571
-274.10000022	0.03610226
-274.06666689	0.04578574
-274.03333355	0.05503721
-274.00000022	0.06224818
-273.96666689	0.06893622
-273.93333355	0.07398611
-273.90000022	0.07720817
-273.86666689	0.07777287
-273.83333355	0.07520063
-273.80000022	0.06833669
-273.76666689	0.05721708
-273.73333355	0.04229675
-273.70000022	0.02503681
-273.66666689	0.00654141
-273.63333356	-0.01166438
-273.60000022	-0.02764184
-273.56666689	-0.04045966
-273.53333356	-0.04911537
-273.50000022	-0.05321190
-273.46666689	-0.05472884
-273.43333356	-0.05317796
-273.40000022	-0.04958476
-273.36666689	-0.04543651
-273.33333356	-0.04121550
-273.30000022	-0.03777885
-273.26666689	-0.03574016
-273.23333356	-0.03341984
-273.20000022	-0.03120626
-273.16666689	-0.02773125
-273.13333356	-0.02219794
-273.10000022	-0.01484625
-273.06666689	-0.00626017
-273.03333356	0.00312825
-273.00000022	0.01154474
-272.96666689	0.01793909
-272.93333356	0.02033571
-272.90000022	0.01994400
-272.86666689	0.01636697
-272.83333356	0.01161492
-272.80000023	0.00686644
-272.76666689	0.00348862
-272.73333356	0.00267824
-272.70000023	0.00442768
-272.66666689	0.00843971
-272.63333356	0.01333124
-272.60000023	0.01847031
-272.56666689	0.02327089
-272.53333356	0.02701115
-272.50000023	0.02923588
-272.46666689	0.03138473
-272.43333356	0.03426482
-272.40000023	0.03811409
-272.36666689	0.04171416
-272.33333356	0.04602522
-272.30000023	0.04877831
-272.26666689	0.05100283
-272.23333356	0.05127015
-272.20000023	0.05039331
-272.16666689	0.04797923
-272.13333356	0.04501093
-272.10000023	0.04236852
-272.06666690	0.03999087
-272.03333356	0.03765476
-272.00000023	0.03474222
-271.96666690	0.03092303
-271.93333356	0.02528000
-271.90000023	0.01888757
-271.86666690	0.01128977
-271.83333356	0.00436947
-271.80000023	-0.00212818
-271.76666690	-0.00733963
-271.73333356	-0.01165948
-271.70000023	-0.01537371
-271.66666690	-0.02066180
-271.63333356	-0.02733331
-271.60000023	-0.03633275
-271.56666690	-0.04629555
-271.53333356	-0.05609600
-271.50000023	-0.06490087
-271.46666690	-0.07059202
-271.43333356	-0.07141400
-271.40000023	-0.06847729
-271.36666690	-0.06109181
-271.33333356	-0.05072619
-271.30000023	-0.03779329
-271.26666690	-0.02397650
-271.23333357	-0.00953560
-271.20000023	0.00471764
-271.16666690	0.01940166
-271.13333357	0.03300506
-271.10000023	0.04533647
-271.06666690	0.05637905
-271.03333357	0.06417520
-271.00000023	0.06800216
-270.96666690	0.06722409
-270.93333357	0.06052108
-270.90000023	0.04878066
-270.86666690	0.03297980
-270.83333357	0.01425684
-270.80000023	-0.00554648
-270.76666690	-0.02472091
-270.73333357	-0.04034540
-270.70000023	-0.05105692
-270.66666690	-0.05622069
-270.63333357	-0.05549671
-270.60000023	-0.04864993
-270.56666690	-0.03816966
-270.53333357	-0.02470670
-270.50000024	-0.00998420
-270.46666690	0.00551403
-270.43333357	0.02013868
-270.40000024	0.03408711
-270.36666690	0.04663969
-270.33333357	0.05647082
-270.30000024	0.06391120
-270.26666690	0.06732100
-270.23333357	0.06576055
-270.20000024	0.05904813
-270.16666690	0.04815612
-270.13333357	0.03329860
-270.10000024	0.01691653
-270.06666690	0.00041214
-270.03333357	-0.01438416
-270.00000024	-0.02576609
-269.96666690	-0.03308826
-269.93333357	-0.03642824
-269.90000024	-0.03703005
-269.86666690	-0.03475068
-269.83333357	-0.03139457
-269.80000024	-0.02740206
-269.76666691	-0.02375719
-269.73333357	-0.02087583
-269.70000024	-0.01910515
-269.66666691	-0.01902117
-269.63333357	-0.01998600
-269.60000024	-0.02170897
-269.56666691	-0.02366006
-269.53333357	-0.02415084
-269.50000024	-0.02249813
-269.46666691	-0.01888314
-269.43333357	-0.01233646
-269.40000024	-0.00354200
-269.36666691	0.00629584
-269.33333357	0.01616805
-269.30000024	0.02456412
-269.26666691	0.03010701
-269.23333357	0.03210382
-269.20000024	0.03052546
-269.16666691	0.02368728
-269.13333357	0.01420638
-269.10000024	0.00224325
-269.06666691	-0.01075974
-269.03333357	-0.02377720
-269.00000024	-0.03599444
-268.96666691	-0.04519972
-268.93333358	-0.05191754
-268.90000024	-0.05409798
-268.86666691	-0.05161801
-268.83333358	-0.04456739
-268.80000024	-0.03274450
-268.76666691	-0.01606680
-268.73333358	0.00421998
-268.70000024	0.02587504
-268.66666691	0.04770209
-268.63333358	0.06643848
-268.60000024	0.08054743
-268.56666691	0.08771490
-268.53333358	0.08758509
-268.50000024	0.08104457
-268.46666691	0.06896196
-268.43333358	0.05339380
-268.40000024	0.03602666
-268.36666691	0.01910364
-268.33333358	0.00407630
-268.30000024	-0.00737881
-268.26666691	-0.01642386
-268.23333358	-0.02178232
-268.20000025	-0.02465774
-268.16666691	-0.02609248
-268.13333358	-0.02771777
-268.10000025	-0.03025645
-268.06666691	-0.03462510
-268.03333358	-0.04178695
-268.00000025	-0.05007581
-267.96666691	-0.06042891
-267.93333358	-0.07003004
-267.90000025	-0.07787539
-267.86666691	-0.08248113
-267.83333358	-0.08275051
-267.80000025	-0.07814023
-267.76666691	-0.06878422
-267.73333358	-0.05484609
-267.70000025	-0.03743351
-267.66666691	-0.01786340
-267.63333358	0.00239161
-267.60000025	0.02205026
-267.56666691	0.03991095
-267.53333358	0.05315543
-267.50000025	0.06091247
-267.46666691	0.06288397
-267.43333358	0.05874821
-267.40000025	0.04825098
-267.36666692	0.03312305
-267.33333358	0.01497089
-267.30000025	-0.00508857
-267.26666692	-0.02462513
-267.23333358	-0.04317291
-267.20000025	-0.05804869
-267.16666692	-0.06816940
-267.13333358	-0.07253430
-267.10000025	-0.06957023
-267.06666692	-0.05893342
-267.03333358	-0.04021863
-267.00000025	-0.01580442
-266.96666692	0.01256696
-266.93333358	0.04221435
-266.90000025	0.06931522
-266.86666692	0.09124731
-266.83333358	0.10540782
-266.80000025	0.11028311
-266.76666692	0.10615769
-266.73333358	0.09406465
-266.70000025	0.07556730
-266.66666692	0.05340588
-266.63333359	0.03005003
-266.60000025	0.00681137
-266.56666692	-0.01333711
-266.53333359	-0.03054393
-266.50000025	-0.04447755
-266.46666692	-0.05541126
-266.43333359	-0.06412340
-266.40000025	-0.07076471
-266.36666692	-0.07647197
-266.33333359	-0.08057527
-266.30000025	-0.08358960
-266.26666692	-0.08380411
-266.23333359	-0.08194027
-266.20000025	-0.07681790
-266.16666692	-0.06963234
-266.13333359	-0.05920115
-266.10000025	-0.04745824
-266.06666692	-0.03460727
-266.03333359	-0.02245872
-266.00000025	-0.01004625
-265.96666692	0.00060057
-265.93333359	0.00937128
-265.90000025	0.01613439
-265.86666692	0.02040849
-265.83333359	0.02257625
-265.80000026	0.02196503
-265.76666692	0.02033966
-265.73333359	0.01710862
-265.70000026	0.01252636
-265.66666692	0.00837151
-265.63333359	0.00461938
-265.60000026	0.00007177
-265.56666692	-0.00450611
-265.53333359	-0.01030827
-265.50000026	-0.01761536
-265.46666692	-0.02582431
-265.43333359	-0.03460918
-265.40000026	-0.04295170
-265.36666692	-0.04984880
-265.33333359	-0.05314111
-265.30000026	-0.05154915
-265.26666692	-0.04562936
-265.23333359	-0.03522929
-265.20000026	-0.02113416
-265.16666692	-0.00517076
-265.13333359	0.01127520
-265.10000026	0.02670044
-265.06666693	0.04014857
-265.03333359	0.05056974
-265.00000026	0.05713628
-264.96666693	0.06028014
-264.93333359	0.05921107
-264.90000026	0.05429711
-264.86666693	0.04545785
-264.83333359	0.03433611
-264.80000026	0.02173125
-264.76666693	0.00866250
-264.73333359	-0.00408787
-264.70000026	-0.01476156
-264.66666693	-0.02289367
-264.63333359	-0.02841474
-264.60000026	-0.03071623
-264.56666693	-0.02995760
-264.53333359	-0.02786982
-264.50000026	-0.02552214
-264.46666693	-0.02311735
-264.43333359	-0.02087860
-264.40000026	-0.02057560
-264.36666693	-0.02015414
-264.33333359	-0.02037279
-264.30000026	-0.02046840
-264.26666693	-0.02021477
-264.23333360	-0.01924213
-264.20000026	-0.01727524
-264.16666693	-0.01442108
-264.13333360	-0.00980337
-264.10000026	-0.00481243
-264.06666693	0.00097114
-264.03333360	0.00705717
-264.00000026	0.01247228
-263.96666693	0.01737089
-263.93333360	0.02030470
-263.90000026	0.01979648
-263.86666693	0.01704926
-263.83333360	0.01105738
-263.80000026	0.00207992
-263.76666693	-0.00845869
-263.73333360	-0.01959863
-263.70000026	-0.03045645
-263.66666693	-0.03983732
-263.63333360	-0.04647416
-263.60000026	-0.05076166
-263.56666693	-0.05130971
-263.53333360	-0.04781365
-263.50000027	-0.03994400
-263.46666693	-0.02728486
-263.43333360	-0.01080419
-263.40000027	0.00826955
-263.36666693	0.02865924
-263.33333360	0.04717238
-263.30000027	0.06265313
-263.26666693	0.07260122
-263.23333360	0.07579557
-263.20000027	0.07197645
-263.16666693	0.06226617
-263.13333360	0.04797688
-263.10000027	0.03109965
-263.06666693	0.01281512
-263.03333360	-0.00384696
-263.00000027	-0.01847029
-262.96666693	-0.03015440
-262.93333360	-0.03832634
-262.90000027	-0.04314090
-262.86666693	-0.04403584
-262.83333360	-0.04176052
-262.80000027	-0.03749818
-262.76666693	-0.03255492
-262.73333360	-0.02770459
-262.70000027	-0.02420811
-262.66666694	-0.02202360
-262.63333360	-0.02186060
-262.60000027	-0.02280545
-262.56666694	-0.02415554
-262.53333360	-0.02532956
-262.50000027	-0.02547637
-262.46666694	-0.02425401
-262.43333360	-0.02256974
-262.40000027	-0.02057039
-262.36666694	-0.01877673
-262.33333360	-0.01742986
-262.30000027	-0.01654761
-262.26666694	-0.01597016
-262.23333360	-0.01529513
-262.20000027	-0.01476922
-262.16666694	-0.01448246
-262.13333360	-0.01393967
-262.10000027	-0.01302143
-262.06666694	-0.01171222
-262.03333360	-0.00953358
-262.00000027	-0.00731651
-261.96666694	-0.00398870
-261.93333361	0.00017987
-261.90000027	0.00456824
-261.86666694	0.00911434
-261.83333361	0.01426083
-261.80000027	0.01855619
-261.76666694	0.02284619
-261.73333361	0.02645356
-261.70000027	0.02930486
-261.66666694	0.03043744
-261.63333361	0.03154929
-261.60000027	0.03081997
-261.56666694	0.02890333
-261.53333361	0.02569137
-261.50000027	0.02114996
-261.46666694	0.01642874
-261.43333361	0.01083914
-261.40000027	0.00499456
-261.36666694	-0.00060590
-261.33333361	-0.00613357
-261.30000027	-0.01058693
-261.26666694	-0.01466898
-261.23333361	-0.01719008
-261.20000027	-0.01814385
-261.16666694	-0.01842646
-261.13333361	-0.01739329
-261.10000028	-0.01711698
-261.06666694	-0.01602225
-261.03333361	-0.01616283
-261.00000028	-0.01666932
-260.96666694	-0.01820012
-260.93333361	-0.02021493
-260.90000028	-0.02225650
-260.86666694	-0.02505766
-260.83333361	-0.02770521
-260.80000028	-0.02990546
-260.76666694	-0.03207418
-260.73333361	-0.03281887
-260.70000028	-0.03109751
-260.66666694	-0.02725278
-260.63333361	-0.02223743
-260.60000028	-0.01525246
-260.56666694	-0.00799342
-260.53333361	-0.00143136
-260.50000028	0.00297571
-260.46666694	0.00554777
-260.43333361	0.00516316
-260.40000028	0.00434639
-260.36666695	0.00208726
-260.33333361	-0.00062496
-260.30000028	-0.00332741
-260.26666695	-0.00553634
-260.23333361	-0.00672481
-260.20000028	-0.00811802
-260.16666695	-0.00893440
-260.13333361	-0.00940174
-260.10000028	-0.00965434
-260.06666695	-0.00927137
-260.03333361	-0.00749100
-260.00000028	-0.00415172
-259.96666695	0.00090884
-259.93333361	0.00763000
-259.90000028	0.01449969
-259.86666695	0.02196187
-259.83333361	0.02904121
-259.80000028	0.03439132
-259.76666695	0.03694308
-259.73333361	0.03791605
-259.70000028	0.03640273
-259.66666695	0.03244363
-259.63333361	0.02680935
-259.60000028	0.02052830
-259.56666695	0.01289246
-259.53333362	0.00576906
-259.50000028	-0.00068908
-259.46666695	-0.00699408
-259.43333362	-0.01118144
-259.40000028	-0.01316799
-259.36666695	-0.01374630
-259.33333362	-0.01132160
-259.30000028	-0.00660570
-259.26666695	-0.00100464
-259.23333362	0.00553684
-259.20000028	0.01129041
-259.16666695	0.01668271
-259.13333362	0.01900286
-259.10000028	0.01904637
-259.06666695	0.01677542
-259.03333362	0.01308103
-259.00000028	0.00829593
-258.96666695	0.00318588
-258.93333362	-0.00145828
-258.90000028	-0.00565187
-258.86666695	-0.00967092
-258.83333362	-0.01257795
-258.80000029	-0.01549080
-258.76666695	-0.01744557
-258.73333362	-0.01911973
-258.70000029	-0.01994624
-258.66666695	-0.02056627
-258.63333362	-0.01914413
-258.60000029	-0.01761857
-258.56666695	-0.01526567
-258.53333362	-0.01270850
-258.50000029	-0.01087412
-258.46666695	-0.00976253
-258.43333362	-0.00859534
-258.40000029	-0.00849140
-258.36666695	-0.00756791
-258.33333362	-0.00484003
-258.30000029	-0.00139702
-258.26666695	0.00428539
-258.23333362	0.01196930
-258.20000029	0.01992607
-258.16666695	0.02768301
-258.13333362	0.03449004
-258.10000029	0.03876864
-258.06666695	0.04018075
-258.03333362	0.03881423
-258.00000029	0.03417339
-257.96666696	0.02644790
-257.93333362	0.01618023
-257.90000029	0.00576169
-257.86666696	-0.00472062
-257.83333362	-0.01313562
-257.80000029	-0.01795432
-257.76666696	-0.01911987
-257.73333362	-0.01521523
-257.70000029	-0.00735669
-257.66666696	0.00301146
-257.63333362	0.01525917
-257.60000029	0.02656990
-257.56666696	0.03554597
-257.53333362	0.04120292
-257.50000029	0.04135102
-257.46666696	0.03727822
-257.43333362	0.02829065
-257.40000029	0.01599055
-257.36666696	0.00238189
-257.33333362	-0.01086328
-257.30000029	-0.02326713
-257.26666696	-0.03279061
-257.23333363	-0.03948834
-257.20000029	-0.04265470
-257.16666696	-0.04434347
-257.13333363	-0.04324312
-257.10000029	-0.04158952
-257.06666696	-0.03872003
-257.03333363	-0.03545049
-257.00000029	-0.03261595
-256.96666696	-0.02834038
-256.93333363	-0.02440440
-256.90000029	-0.01994402
-256.86666696	-0.01488396
-256.83333363	-0.00919057
-256.80000029	-0.00333014
-256.76666696	0.00290139
-256.73333363	0.00785502
-256.70000029	0.01164416
-256.66666696	0.01516298
-256.63333363	0.01668512
-256.60000029	0.01814457
-256.56666696	0.01944684
-256.53333363	0.02133999
-256.50000029	0.02437693
-256.46666696	0.02858278
-256.43333363	0.03257065
-256.40000030	0.03722152
-256.36666696	0.04016199
-256.33333363	0.04162469
-256.30000030	0.04092762
-256.26666696	0.03747620
-256.23333363	0.03235228
-256.20000030	0.02476868
-256.16666696	0.01719636
-256.13333363	0.00873294
-256.10000030	0.00062716
-256.06666696	-0.00651670
-256.03333363	-0.01130416
-256.00000030	-0.01435642
-255.96666696	-0.01484924
-255.93333363	-0.01286102
-255.90000030	-0.00909143
-255.86666696	-0.00313551
-255.83333363	0.00394471
-255.80000030	0.01102526
-255.76666696	0.01749559
-255.73333363	0.02284627
-255.70000030	0.02660913
-255.66666697	0.02764054
-255.63333363	0.02665315
-255.60000030	0.02366297
-255.56666697	0.01867537
-255.53333363	0.01237093
-255.50000030	0.00626681
-255.46666697	-0.00017527
-255.43333363	-0.00537987
-255.40000030	-0.01011103
-255.36666697	-0.01361393
-255.33333363	-0.01666409
-255.30000030	-0.01981291
-255.26666697	-0.02324883
-255.23333363	-0.02651352
-255.20000030	-0.03031091
-255.16666697	-0.03261382
-255.13333363	-0.03365590
-255.10000030	-0.03360610
-255.06666697	-0.03094507
-255.03333363	-0.02647859
-255.00000030	-0.01953062
-254.96666697	-0.01047172
-254.93333363	-0.00029004
-254.90000030	0.01060031
-254.86666697	0.02181239
-254.83333364	0.03168350
-254.80000030	0.03935860
-254.76666697	0.04357306
-254.73333364	0.04499042
-254.70000030	0.04235325
-254.66666697	0.03714110
-254.63333364	0.02976810
-254.60000030	0.02125949
-254.56666697	0.01204327
-254.53333364	0.00302099
-254.50000030	-0.00439043
-254.46666697	-0.01169558
-254.43333364	-0.01702273
-254.40000030	-0.02188459
-254.36666697	-0.02475730
-254.33333364	-0.02640988
-254.30000030	-0.02628501
-254.26666697	-0.02432414
-254.23333364	-0.02095887
-254.20000030	-0.01527787
-254.16666697	-0.00808538
-254.13333364	0.00020544
-254.10000031	0.00901497
-254.06666697	0.01737353
-254.03333364	0.02490718
-254.00000031	0.03085401
-253.96666697	0.03437019
-253.93333364	0.03571015
-253.90000031	0.03427762
-253.86666697	0.03028176
-253.83333364	0.02430414
-253.80000031	0.01694790
-253.76666697	0.00895473
-253.73333364	-0.00013611
-253.70000031	-0.00834783
-253.66666697	-0.01586259
-253.63333364	-0.02269311
-253.60000031	-0.02776953
-253.56666697	-0.03177253
-253.53333364	-0.03496992
-253.50000031	-0.03654836
-253.46666697	-0.03779020
-253.43333364	-0.03940067
-253.40000031	-0.04018059
-253.36666697	-0.04153395
-253.33333364	-0.04199709
-253.30000031	-0.04109362
-253.26666698	-0.03847886
-253.23333364	-0.03377456
-253.20000031	-0.02711467
-253.16666698	-0.01884095
-253.13333364	-0.00962672
-253.10000031	-0.00217761
-253.06666698	0.00414942
-253.03333364	0.00830338
-253.00000031	0.00932559
-252.96666698	0.00787867
-252.93333364	0.00544678
-252.90000031	0.00205008
-252.86666698	-0.00051129
-252.83333364	-0.00256653
-252.80000031	-0.00254114
-252.76666698	-0.00089040
-252.73333364	0.00188697
-252.70000031	0.00504951
-252.66666698	0.00799515
-252.63333364	0.01071917
-252.60000031	0.01180616
-252.56666698	0.01149753
-252.53333365	0.00882985
-252.50000031	0.00560919
-252.46666698	0.00159251
-252.43333365	-0.00165361
-252.40000031	-0.00455544
-252.36666698	-0.00498902
-252.33333365	-0.00388087
-252.30000031	-0.00140091
-252.26666698	0.00107500
-252.23333365	0.00388666
-252.20000031	0.00537759
-252.16666698	0.00546888
-252.13333365	0.00427195
-252.10000031	0.00179340
-252.06666698	-0.00093083
-252.03333365	-0.00366615
-252.00000031	-0.00677721
-251.96666698	-0.00964739
-251.93333365	-0.01206010
-251.90000031	-0.01437146
-251.86666698	-0.01693182
-251.83333365	-0.02026854
-251.80000031	-0.02322709
-251.76666698	-0.02597498
-251.73333365	-0.02869913
-251.70000032	-0.03046609
-251.66666698	-0.03116110
-251.63333365	-0.03164109
-251.60000032	-0.03022536
-251.56666698	-0.02777053
-251.53333365	-0.02376309
-251.50000032	-0.01805768
-251.46666698	-0.01072107
-251.43333365	-0.00198978
-251.40000032	0.00656945
-251.36666698	0.01626916
-251.33333365	0.02503528
-251.30000032	0.03296185
-251.26666698	0.03980343
-251.23333365	0.04442065
-251.20000032	0.04700117
-251.16666698	0.04680248
-251.13333365	0.04483378
-251.10000032	0.04092523
-251.06666698	0.03553870
-251.03333365	0.03025849
-251.00000032	0.02593582
-250.96666699	0.02220870
-250.93333365	0.01994729
-250.90000032	0.01810910
-250.86666699	0.01767224
-250.83333365	0.01808825
-250.80000032	0.01830869
-250.76666699	0.01860943
-250.73333365	0.01846192
-250.70000032	0.01861281
-250.66666699	0.01850944
-250.63333365	0.01822887
-250.60000032	0.01842881
-250.56666699	0.01902250
-250.53333365	0.02035940
-250.50000032	0.02042704
-250.46666699	0.02183190
-250.43333365	0.02276984
-250.40000032	0.02246378
-250.36666699	0.02044890
-250.33333365	0.01666880
-250.30000032	0.01078487
-250.26666699	0.00358184
-250.23333365	-0.00500744
-250.20000032	-0.01313303
-250.16666699	-0.02061745
-250.13333366	-0.02654702
-250.10000032	-0.03017572
-250.06666699	-0.03189278
-250.03333366	-0.03080524
-250.00000032	-0.02700969
-249.96666699	-0.02180761
-249.93333366	-0.01475580
-249.90000032	-0.00754811
-249.86666699	-0.00059929
-249.83333366	0.00396718
-249.80000032	0.00584952
-249.76666699	0.00586402
-249.73333366	0.00235275
-249.70000032	-0.00306010
-249.66666699	-0.00874402
-249.63333366	-0.01502936
-249.60000032	-0.01972611
-249.56666699	-0.02191146
-249.53333366	-0.02150255
-249.50000032	-0.01908588
-249.46666699	-0.01434785
-249.43333366	-0.00883285
-249.40000033	-0.00286924
-249.36666699	0.00210093
-249.33333366	0.00615738
-249.30000033	0.00869047
-249.26666699	0.00961006
-249.23333366	0.00935961
-249.20000033	0.00865989
-249.16666699	0.00764188
-249.13333366	0.00591783
-249.10000033	0.00537203
-249.06666699	0.00525771
-249.03333366	0.00539426
-249.00000033	0.00619234
-248.96666699	0.00698522
-248.93333366	0.00836637
-248.90000033	0.00990107
-248.86666699	0.01134629
-248.83333366	0.01255921
-248.80000033	0.01297966
-248.76666699	0.01264821
-248.73333366	0.01177207
-248.70000033	0.01014699
-248.66666699	0.00812247
-248.63333366	0.00745236
-248.60000033	0.00732523
-248.56666700	0.00811325
-248.53333366	0.00867923
-248.50000033	0.00946107
-248.46666700	0.00899764
-248.43333366	0.00768029
-248.40000033	0.00538948
-248.36666700	0.00169066
-248.33333366	-0.00256322
-248.30000033	-0.00765499
-248.26666700	-0.01309653
-248.23333366	-0.01729716
-248.20000033	-0.02166369
-248.16666700	-0.02521811
-248.13333366	-0.02834564
-248.10000033	-0.03138543
-248.06666700	-0.03401579
-248.03333366	-0.03684267
-248.00000033	-0.03959395
-247.96666700	-0.04172323
-247.93333366	-0.04373994
-247.90000033	-0.04383735
-247.86666700	-0.04292905
-247.83333367	-0.03997476
-247.80000033	-0.03566391
-247.76666700	-0.02925838
-247.73333367	-0.02268327
-247.70000033	-0.01565179
-247.66666700	-0.00888480
-247.63333367	-0.00236524
-247.60000033	0.00359285
-247.56666700	0.00821357
-247.53333367	0.01172403
-247.50000033	0.01345030
-247.46666700	0.01436672
-247.43333367	0.01432924
-247.40000033	0.01290646
-247.36666700	0.01058835
-247.33333367	0.00753119
-247.30000033	0.00432240
-247.26666700	0.00130354
-247.23333367	-0.00041962
-247.20000033	-0.00210322
-247.16666700	-0.00281984
-247.13333367	-0.00293385
-247.10000033	-0.00234604
-247.06666700	-0.00174103
-247.03333367	-0.00057177
-247.00000034	0.00090065
-246.96666700	0.00248779
-246.93333367	0.00415235
-246.90000034	0.00532392
-246.86666700	0.00623070
-246.83333367	0.00631219
-246.80000034	0.00564738
-246.76666700	0.00380211
-246.73333367	0.00155131
-246.70000034	-0.00191562
-246.66666700	-0.00634863
-246.63333367	-0.01014456
-246.60000034	-0.01390442
-246.56666700	-0.01746288
-246.53333367	-0.02045111
-246.50000034	-0.02188218
-246.46666700	-0.02272940
-246.43333367	-0.02201332
-246.40000034	-0.02022467
-246.36666700	-0.01717950
-246.33333367	-0.01312629
-246.30000034	-0.00890827
-246.26666701	-0.00463456
-246.23333367	-0.00087145
-246.20000034	0.00140244
-246.16666701	0.00345958
-246.13333367	0.00359932
-246.10000034	0.00306310
-246.06666701	0.00222759
-246.03333367	0.00190989
-246.00000034	0.00187278
-245.96666701	0.00368622
-245.93333367	0.00781637
-245.90000034	0.01314618
-245.86666701	0.01985879
-245.83333367	0.02771795
-245.80000034	0.03564100
-245.76666701	0.04337136
-245.73333367	0.05028852
-245.70000034	0.05550168
-245.66666701	0.05948365
-245.63333367	0.06136975
-245.60000034	0.06159484
-245.56666701	0.06016536
-245.53333367	0.05734667
-245.50000034	0.05273939
-245.46666701	0.04674608
-245.43333368	0.04032334
-245.40000034	0.03377813
-245.36666701	0.02698150
-245.33333368	0.02093175
-245.30000034	0.01616262
-245.26666701	0.01322793
-245.23333368	0.01156651
-245.20000034	0.01158312
-245.16666701	0.01120486
-245.13333368	0.01167964
-245.10000034	0.01143398
-245.06666701	0.01112720
-245.03333368	0.01085186
-245.00000034	0.00995303
-244.96666701	0.00845742
-244.93333368	0.00735570
-244.90000034	0.00608308
-244.86666701	0.00402083
-244.83333368	0.00187397
-244.80000034	-0.00080548
-244.76666701	-0.00393539
-244.73333368	-0.00733282
-244.70000035	-0.01126620
-244.66666701	-0.01524832
-244.63333368	-0.01971366
-244.60000035	-0.02439986
-244.56666701	-0.02835308
-244.53333368	-0.03175767
-244.50000035	-0.03571500
-244.46666701	-0.03856671
-244.43333368	-0.04100346
-244.40000035	-0.04341568
-244.36666701	-0.04534878
-244.33333368	-0.04759333
-244.30000035	-0.04907127
-244.26666701	-0.05013524
-244.23333368	-0.05126127
-244.20000035	-0.05197646
-244.16666701	-0.05189468
-244.13333368	-0.05275967
-244.10000035	-0.05310206
-244.06666701	-0.05290203
-244.03333368	-0.05263476
-244.00000035	-0.05200558
-243.96666701	-0.05208380
-243.93333368	-0.05126776
-243.90000035	-0.05064785
-243.86666702	-0.05049865
-243.83333368	-0.05026615
-243.80000035	-0.04956680
-243.76666702	-0.04956550
-243.73333368	-0.04884804
-243.70000035	-0.04758279
-243.66666702	-0.04482254
-243.63333368	-0.04185878
-243.60000035	-0.03745414
-243.56666702	-0.03366862
-243.53333368	-0.03003366
-243.50000035	-0.02760342
-243.46666702	-0.02696454
-243.43333368	-0.02881590
-243.40000035	-0.03143495
-243.36666702	-0.03618377
-243.33333368	-0.04137359
-243.30000035	-0.04654615
-243.26666702	-0.05166162
-243.23333368	-0.05530411
-243.20000035	-0.05706074
-243.16666702	-0.05835064
-243.13333369	-0.05735437
-243.10000035	-0.05547985
-243.06666702	-0.05287895
-243.03333369	-0.04994507
-243.00000035	-0.04788776
-242.96666702	-0.04711069
-242.93333369	-0.04675150
-242.90000035	-0.04804515
-242.86666702	-0.04952743
-242.83333369	-0.05063003
-242.80000035	-0.05138743
-242.76666702	-0.05069046
-242.73333369	-0.04763604
-242.70000035	-0.04288784
-242.66666702	-0.03784358
-242.63333369	-0.03206231
-242.60000035	-0.02690866
-242.56666702	-0.02242139
-242.53333369	-0.01976598
-242.50000035	-0.01958801
-242.46666702	-0.02147905
-242.43333369	-0.02553029
-242.40000035	-0.02970445
-242.36666702	-0.03385873
-242.33333369	-0.03631227
-242.30000036	-0.03672274
-242.26666702	-0.03480756
-242.23333369	-0.02971860
-242.20000036	-0.02245187
-242.16666702	-0.01262979
-242.13333369	-0.00315731
-242.10000036	0.00743372
-242.06666702	0.01767404
-242.03333369	0.02722212
-242.00000036	0.03658683
-241.96666702	0.04358824
-241.93333369	0.04921963
-241.90000036	0.05326625
-241.86666702	0.05518746
-241.83333369	0.05474968
-241.80000036	0.05227510
-241.76666702	0.04821875
-241.73333369	0.04304620
-241.70000036	0.03670429
-241.66666702	0.03040885
-241.63333369	0.02427171
-241.60000036	0.01928161
-241.56666703	0.01539005
-241.53333369	0.01316174
-241.50000036	0.01206837
-241.46666703	0.01166992
-241.43333369	0.01304113
-241.40000036	0.01331388
-241.36666703	0.01469168
-241.33333369	0.01607496
-241.30000036	0.01673278
-241.26666703	0.01724958
-241.23333369	0.01755399
-241.20000036	0.01762832
-241.16666703	0.01654585
-241.13333369	0.01530987
-241.10000036	0.01426277
-241.06666703	0.01336238
-241.03333369	0.01368460
-241.00000036	0.01462336
-240.96666703	0.01703023
-240.93333369	0.02052426
-240.90000036	0.02477094
-240.86666703	0.02849789
-240.83333369	0.03145985
-240.80000036	0.03220682
-240.76666703	0.03158576
-240.73333370	0.02870216
-240.70000036	0.02486320
-240.66666703	0.02091977
-240.63333370	0.01735214
-240.60000036	0.01491228
-240.56666703	0.01348589
-240.53333370	0.01328024
-240.50000036	0.01460396
-240.46666703	0.01603708
-240.43333370	0.01795001
-240.40000036	0.02002700
-240.36666703	0.02260997
-240.33333370	0.02448442
-240.30000036	0.02671890
-240.26666703	0.02951801
-240.23333370	0.03234930
-240.20000036	0.03513914
-240.16666703	0.03733443
-240.13333370	0.03856550
-240.10000036	0.03935545
-240.06666703	0.03806003
-240.03333370	0.03641628
-240.00000037	0.03343470
-239.96666703	0.02950000
-239.93333370	0.02530670
-239.90000037	0.02071455
-239.86666703	0.01574358
-239.83333370	0.01111874
-239.80000037	0.00659285
-239.76666703	0.00258797
-239.73333370	-0.00072145
-239.70000037	-0.00223119
-239.66666703	-0.00288709
-239.63333370	-0.00097971
-239.60000037	0.00193844
-239.56666703	0.00672849
-239.53333370	0.01262816
-239.50000037	0.01925293
-239.46666703	0.02664656
-239.43333370	0.03334580
-239.40000037	0.03993237
-239.36666703	0.04585599
-239.33333370	0.05133524
-239.30000037	0.05480783
-239.26666703	0.05680420
-239.23333370	0.05769388
-239.20000037	0.05630511
-239.16666704	0.05269259
-239.13333370	0.04747505
-239.10000037	0.04127994
-239.06666704	0.03407544
-239.03333370	0.02666070
-239.00000037	0.01989103
-238.96666704	0.01351681
-238.93333370	0.00838824
-238.90000037	0.00333954
-238.86666704	-0.00065904
-238.83333370	-0.00342336
-238.80000037	-0.00474141
-238.76666704	-0.00360682
-238.73333370	-0.00117310
-238.70000037	0.00386456
-238.66666704	0.01004028
-238.63333370	0.01776946
-238.60000037	0.02624111
-238.56666704	0.03506953
-238.53333370	0.04330604
-238.50000037	0.05053504
-238.46666704	0.05645288
-238.43333371	0.06105673
-238.40000037	0.06436603
-238.36666704	0.06606588
-238.33333371	0.06554280
-238.30000037	0.06447862
-238.26666704	0.06073935
-238.23333371	0.05705114
-238.20000037	0.05174558
-238.16666704	0.04548621
-238.13333371	0.03956505
-238.10000037	0.03415870
-238.06666704	0.02851090
-238.03333371	0.02508425
-238.00000037	0.02301108
-237.96666704	0.02265588
-237.93333371	0.02443468
-237.90000037	0.02710872
-237.86666704	0.03113941
-237.83333371	0.03554244
-237.80000037	0.04134359
-237.76666704	0.04681087
-237.73333371	0.05167281
-237.70000037	0.05650688
-237.66666704	0.05940502
-237.63333371	0.06122193
-237.60000038	0.06075116
-237.56666704	0.05864361
-237.53333371	0.05454209
-237.50000038	0.04859206
-237.46666704	0.04135225
-237.43333371	0.03343263
-237.40000038	0.02540917
-237.36666704	0.01787413
-237.33333371	0.01079931
-237.30000038	0.00463310
-237.26666704	-0.00101208
-237.23333371	-0.00534669
-237.20000038	-0.00905905
-237.16666704	-0.01148075
-237.13333371	-0.01256716
-237.10000038	-0.01355024
-237.06666704	-0.01331720
-237.03333371	-0.01281943
-237.00000038	-0.01104513
-236.96666704	-0.00930780
-236.93333371	-0.00666081
-236.90000038	-0.00332356
-236.86666705	0.00049952
-236.83333371	0.00509818
-236.80000038	0.01005810
-236.76666705	0.01401533
-236.73333371	0.01831746
-236.70000038	0.02162750
-236.66666705	0.02380838
-236.63333371	0.02476688
-236.60000038	0.02448561
-236.56666705	0.02392947
-236.53333371	0.02218113
-236.50000038	0.02010458
-236.46666705	0.01712739
-236.43333371	0.01374529
-236.40000038	0.00956636
-236.36666705	0.00531365
-236.33333371	0.00131275
-236.30000038	-0.00264386
-236.26666705	-0.00670284
-236.23333371	-0.01035134
-236.20000038	-0.01329623
-236.16666705	-0.01590293
-236.13333371	-0.01753821
-236.10000038	-0.01859490
-236.06666705	-0.01867597
-236.03333372	-0.01802429
-236.00000038	-0.01659230
-235.96666705	-0.01509427
-235.93333372	-0.01270417
-235.90000038	-0.01018435
-235.86666705	-0.00803355
-235.83333372	-0.00653060
-235.80000038	-0.00507822
-235.76666705	-0.00485124
-235.73333372	-0.00559439
-235.70000038	-0.00598879
-235.66666705	-0.00728263
-235.63333372	-0.00792935
-235.60000038	-0.00882086
-235.56666705	-0.00914553
-235.53333372	-0.00928775
-235.50000038	-0.01030134
-235.46666705	-0.01152076
-235.43333372	-0.01213686
-235.40000038	-0.01384538
-235.36666705	-0.01533155
-235.33333372	-0.01664914
-235.30000039	-0.01731108
-235.26666705	-0.01764849
-235.23333372	-0.01732820
-235.20000039	-0.01541612
-235.16666705	-0.01311567
-235.13333372	-0.01002998
-235.10000039	-0.00624275
-235.06666705	-0.00257544
-235.03333372	0.00160588
-235.00000039	0.00566829
-234.96666705	0.00833252
-234.93333372	0.01064957
-234.90000039	0.01100561
-234.86666705	0.01043138
-234.83333372	0.00825043
-234.80000039	0.00521507
-234.76666705	0.00129664
-234.73333372	-0.00259407
-234.70000039	-0.00609264
-234.66666705	-0.00980611
-234.63333372	-0.01173404
-234.60000039	-0.01291586
-234.56666705	-0.01405809
-234.53333372	-0.01363906
-234.50000039	-0.01328222
-234.46666706	-0.01233261
-234.43333372	-0.01087763
-234.40000039	-0.00954669
-234.36666706	-0.00813251
-234.33333372	-0.00586418
-234.30000039	-0.00359712
-234.26666706	-0.00162229
-234.23333372	0.00096406
-234.20000039	0.00290239
-234.16666706	0.00523685
-234.13333372	0.00564840
-234.10000039	0.00594414
-234.06666706	0.00521022
-234.03333372	0.00350195
-234.00000039	0.00151891
-233.96666706	-0.00026439
-233.93333372	-0.00179939
-233.90000039	-0.00297209
-233.86666706	-0.00288806
-233.83333372	-0.00178421
-233.80000039	0.00001547
-233.76666706	0.00352758
-233.73333373	0.00690356
-233.70000039	0.01076940
-233.66666706	0.01402020
-233.63333373	0.01644668
-233.60000039	0.01663790
-233.56666706	0.01590234
-233.53333373	0.01285112
-233.50000039	0.00870859
-233.46666706	0.00403133
-233.43333373	-0.00070245
-233.40000039	-0.00615435
-233.36666706	-0.01074850
-233.33333373	-0.01440836
-233.30000039	-0.01699479
-233.26666706	-0.01938246
-233.23333373	-0.02213051
-233.20000039	-0.02417258
-233.16666706	-0.02652172
-233.13333373	-0.02867444
-233.10000039	-0.02992452
-233.06666706	-0.03127649
-233.03333373	-0.03207630
-233.00000039	-0.03180858
-232.96666706	-0.03275987
-232.93333373	-0.03215315
-232.90000040	-0.03077982
-232.86666706	-0.02916851
-232.83333373	-0.02764901
-232.80000040	-0.02522221
-232.76666706	-0.02271055
-232.73333373	-0.02078323
-232.70000040	-0.01820376
-232.66666706	-0.01597717
-232.63333373	-0.01436158
-232.60000040	-0.01226519
-232.56666706	-0.01135993
-232.53333373	-0.01066802
-232.50000040	-0.01003783
-232.46666706	-0.00964608
-232.43333373	-0.00900179
-232.40000040	-0.00941198
-232.36666706	-0.00899999
-232.33333373	-0.00856432
-232.30000040	-0.00758586
-232.26666706	-0.00663744
-232.23333373	-0.00506863
-232.20000040	-0.00331227
-232.16666707	-0.00120219
-232.13333373	0.00014688
-232.10000040	0.00186377
-232.06666707	0.00314452
-232.03333373	0.00343083
-232.00000040	0.00356259
-231.96666707	0.00304735
-231.93333373	0.00214311
-231.90000040	0.00029280
-231.86666707	-0.00231363
-231.83333373	-0.00531699
-231.80000040	-0.00858608
-231.76666707	-0.01236010
-231.73333373	-0.01661650
-231.70000040	-0.02006622
-231.66666707	-0.02436984
-231.63333373	-0.02748280
-231.60000040	-0.03018677
-231.56666707	-0.03214901
-231.53333373	-0.03304292
-231.50000040	-0.03276784
-231.46666707	-0.03129053
-231.43333373	-0.02834372
-231.40000040	-0.02495184
-231.36666707	-0.02120259
-231.33333374	-0.01627300
-231.30000040	-0.01177003
-231.26666707	-0.00758238
-231.23333374	-0.00325297
-231.20000040	0.00080299
-231.16666707	0.00457982
-231.13333374	0.00735820
-231.10000040	0.00909314
-231.06666707	0.01038685
-231.03333374	0.01073950
-231.00000040	0.01020470
-230.96666707	0.00948903
-230.93333374	0.00889207
-230.90000040	0.00853951
-230.86666707	0.00851839
-230.83333374	0.00910329
-230.80000040	0.01090274
-230.76666707	0.01269171
-230.73333374	0.01508923
-230.70000040	0.01658097
-230.66666707	0.01818325
-230.63333374	0.01911112
-230.60000041	0.02006194
-230.56666707	0.02041187
-230.53333374	0.02063835
-230.50000041	0.02096403
-230.46666707	0.02132050
-230.43333374	0.02160798
-230.40000041	0.02178032
-230.36666707	0.02235810
-230.33333374	0.02208956
-230.30000041	0.02206539
-230.26666707	0.02144756
-230.23333374	0.02080946
-230.20000041	0.01938712
-230.16666707	0.01788437
-230.13333374	0.01521470
-230.10000041	0.01254567
-230.06666707	0.00883229
-230.03333374	0.00510060
-230.00000041	0.00060061
-229.96666707	-0.00452613
-229.93333374	-0.01028850
-229.90000041	-0.01575023
-229.86666707	-0.02015867
-229.83333374	-0.02392173
-229.80000041	-0.02646626
-229.76666708	-0.02768038
-229.73333374	-0.02724555
-229.70000041	-0.02486486
-229.66666708	-0.02129049
-229.63333374	-0.01717037
-229.60000041	-0.01181697
-229.56666708	-0.00635507
-229.53333374	-0.00050167
-229.50000041	0.00531198
-229.46666708	0.01053393
-229.43333374	0.01550074
-229.40000041	0.01927844
-229.36666708	0.02206443
-229.33333374	0.02376119
-229.30000041	0.02425042
-229.26666708	0.02344102
-229.23333374	0.02153012
-229.20000041	0.01914068
-229.16666708	0.01582184
-229.13333374	0.01234824
-229.10000041	0.00887900
-229.06666708	0.00548437
-229.03333375	0.00237362
-229.00000041	-0.00025378
-228.96666708	-0.00236802
-228.93333375	-0.00368622
-228.90000041	-0.00434585
-228.86666708	-0.00447711
-228.83333375	-0.00392357
-228.80000041	-0.00293037
-228.76666708	-0.00143275
-228.73333375	-0.00003045
-228.70000041	0.00137303
-228.66666708	0.00246820
-228.63333375	0.00342225
-228.60000041	0.00403189
-228.56666708	0.00431056
-228.53333375	0.00431298
-228.50000041	0.00402403
-228.46666708	0.00358921
-228.43333375	0.00318680
-228.40000041	0.00267512
-228.36666708	0.00216604
-228.33333375	0.00165645
-228.30000041	0.00122618
-228.26666708	0.00101323
-228.23333375	0.00080211
-228.20000042	0.00077952
-228.16666708	0.00072469
-228.13333375	0.00070682
-228.10000042	0.00070159
-228.06666708	0.00063337
-228.03333375	0.00057391
-228.00000042	0.00042488
-227.96666708	0.00028592
-227.93333375	0.00012712
-227.90000042	0.00011109
-227.86666708	0.00011624
-227.83333375	0.00016877
-227.80000042	0.00025773
-227.76666708	0.00037938
-227.73333375	0.00051635
-227.70000042	0.00062295
-227.66666708	0.00069977
-227.63333375	0.00070036
-227.60000042	0.00070006
-227.56666708	0.00063491
-227.53333375	0.00057408
-227.50000042	0.00048853
-227.46666709	0.00038894
-227.43333375	0.00029407
-227.40000042	0.00018132
-227.36666709	0.00008366
-227.33333375	0.00000447
-227.30000042	-0.00005679
-227.26666709	-0.00009770
-227.23333375	-0.00011072
-227.20000042	-0.00010680
-227.16666709	-0.00008705
-227.13333375	-0.00006551
-227.10000042	-0.00004129
-227.06666709	-0.00002128
-227.03333375	-0.00000857
-227.00000042	-0.00000193
-226.96666709	0.00000009
-226.93333375	0.00000000
