# Menlo Systems GmbH ScanControl
# Program Version 1.3.3
# Start: -327.00000000 ps, Average over 50 waveforms. Timestamp: 2026-05-07T11:43:29
# Window type: Tukey, parameters: alpha = 0.1
# User time axis shift: 0 ps
# Frequency [THz]	THz Signal [a.u.]
0.00000000	-39.34449821
0.00732601	-36.49426016
0.01465201	-25.95387922
0.02197802	-25.70440458
0.02930403	-33.02912380
0.03663004	-34.32346737
0.04395604	-24.01099028
0.05128205	-20.32442719
0.05860806	-25.00173337
0.06593407	-21.28453877
0.07326007	-16.75919785
0.08058608	-22.32957859
0.08791209	-17.73351090
0.09523810	-10.71090803
0.10256410	-12.43492402
0.10989011	-15.81915071
0.11721612	-9.05532105
0.12454213	-8.70471740
0.13186813	-10.75786533
0.13919414	-8.11934102
0.14652015	-6.87075062
0.15384615	-7.81960628
0.16117216	-7.47310606
0.16849817	-5.56740502
0.17582418	-5.45902479
0.18315018	-6.92997352
0.19047619	-5.58584725
0.19780220	-4.07594189
0.20512821	-4.66952250
0.21245421	-5.10470010
0.21978022	-3.79676454
0.22710623	-2.66623174
0.23443224	-3.16252150
0.24175824	-3.89192362
0.24908425	-2.34848406
0.25641026	-2.13516811
0.26373626	-3.18454337
0.27106227	-1.80777376
0.27838828	-1.27308408
0.28571429	-2.31980248
0.29304029	-1.66180483
0.30036630	-0.99063507
0.30769231	-1.47682810
0.31501832	-1.56703242
0.32234432	-1.21580082
0.32967033	-0.97919169
0.33699634	-1.11739749
0.34432235	-1.17207073
0.35164835	-0.64480421
0.35897436	-0.55124478
0.36630037	-0.84782391
0.37362638	-0.81202962
0.38095238	-0.52905336
0.38827839	-0.16452541
0.39560440	-0.13412727
0.40293040	-0.18605334
0.41025641	-0.00023996
0.41758242	-0.07297416
0.42490843	-0.21908776
0.43223443	-0.29652268
0.43956044	-0.39214915
0.44688645	-0.33450023
0.45421246	-0.38312322
0.46153846	-0.46172472
0.46886447	-0.53992486
0.47619048	-0.60521675
0.48351649	-0.48365549
0.49084249	-0.46298211
0.49816850	-0.40473403
0.50549451	-0.44080892
0.51282052	-0.36552339
0.52014652	-0.09958922
0.52747253	-0.64660739
0.53479854	-0.65983728
0.54212454	-0.09965558
0.54945055	-1.57955619
0.55677656	-3.57353194
0.56410257	-2.35141238
0.57142857	-1.20478509
0.57875458	-0.94310532
0.58608059	-1.35382258
0.59340660	-1.20452954
0.60073260	-0.88688918
0.60805861	-1.45274310
0.61538462	-1.30965441
0.62271063	-1.17470243
0.63003663	-1.45475420
0.63736264	-1.15819084
0.64468865	-1.42070308
0.65201465	-1.40022094
0.65934066	-1.30918096
0.66666667	-1.92231401
0.67399268	-1.59557921
0.68131868	-1.85115609
0.68864469	-2.45630460
0.69597070	-1.95119381
0.70329671	-2.56588632
0.71062271	-2.82343502
0.71794872	-2.37413904
0.72527473	-3.22149973
0.73260074	-3.16505785
0.73992674	-3.02886242
0.74725275	-4.56278600
0.75457876	-5.12872981
0.76190477	-4.03856764
0.76923077	-3.48576286
0.77655678	-3.70612519
0.78388279	-3.78902439
0.79120879	-3.65088672
0.79853480	-3.93053726
0.80586081	-4.03128897
0.81318682	-4.19341470
0.82051282	-4.51461521
0.82783883	-4.49899231
0.83516484	-4.61810144
0.84249085	-4.74870665
0.84981685	-4.93499854
0.85714286	-5.08757463
0.86446887	-5.15049447
0.87179488	-5.37444061
0.87912088	-5.24868683
0.88644689	-5.36985717
0.89377290	-5.54567473
0.90109890	-5.38548621
0.90842491	-5.68606241
0.91575092	-5.68738787
0.92307693	-5.68809021
0.93040293	-5.91011357
0.93772894	-5.81694210
0.94505495	-6.17783669
0.95238096	-6.16453869
0.95970696	-6.27056120
0.96703297	-6.85472728
0.97435898	-6.58438697
0.98168499	-7.40334875
0.98901099	-8.45963556
0.99633700	-7.47196749
1.00366301	-7.17652799
1.01098902	-7.23350016
1.01831502	-7.31382115
1.02564103	-7.45675553
1.03296704	-7.39858103
1.04029304	-7.56417212
1.04761905	-7.54843857
1.05494506	-7.85136854
1.06227107	-7.94982778
1.06959707	-8.02341438
1.07692308	-8.56433087
1.08424909	-8.37478776
1.09157510	-11.04811192
1.09890110	-20.65290951
1.10622711	-12.51943582
1.11355312	-11.66137861
1.12087913	-11.18709097
1.12820513	-8.92560996
1.13553114	-9.31199985
1.14285715	-9.80691881
1.15018316	-10.09586434
1.15750916	-14.00417233
1.16483517	-22.36802460
1.17216118	-12.57027477
1.17948718	-9.69548917
1.18681319	-10.06099737
1.19413920	-9.75953644
1.20146521	-10.42557742
1.20879121	-13.69007134
1.21611722	-11.22687850
1.22344323	-10.89905487
1.23076924	-13.51945949
1.23809524	-11.01966033
1.24542125	-10.20028039
1.25274726	-10.63349014
1.26007327	-10.18838811
1.26739927	-10.57123510
1.27472528	-10.59049696
1.28205129	-10.61217302
1.28937729	-10.93985690
1.29670330	-10.81213878
1.30402931	-11.10732365
1.31135532	-11.22997990
1.31868132	-11.47637060
1.32600733	-11.86782338
1.33333334	-11.55558658
1.34065935	-11.63964304
1.34798535	-11.91032576
1.35531136	-11.87141414
1.36263737	-12.07576581
1.36996338	-12.28547699
1.37728938	-12.23757777
1.38461539	-12.58187436
1.39194140	-12.80933475
1.39926741	-12.79811814
1.40659341	-16.12472246
1.41391942	-22.88909890
1.42124543	-14.75814525
1.42857143	-13.23814624
1.43589744	-13.80370338
1.44322345	-13.35001174
1.45054946	-13.62818280
1.45787546	-13.72073063
1.46520147	-13.59872807
1.47252748	-13.97058200
1.47985349	-13.87928124
1.48717949	-14.11757821
1.49450550	-14.26489775
1.50183151	-14.27697554
1.50915752	-14.58743796
1.51648352	-14.58136852
1.52380953	-14.83497690
1.53113554	-14.93269679
1.53846155	-15.04307115
1.54578755	-15.32158796
1.55311356	-15.18129267
1.56043957	-15.52678662
1.56776557	-15.54657722
1.57509158	-15.63132835
1.58241759	-16.06470463
1.58974360	-15.72965270
1.59706960	-17.49586126
1.60439561	-20.71363648
1.61172162	-17.99682831
1.61904763	-16.81474498
1.62637363	-17.16442050
1.63369964	-17.50649398
1.64102565	-17.75580148
1.64835166	-18.36794228
1.65567766	-21.95025084
1.66300367	-31.90525557
1.67032968	-43.43424199
1.67765568	-29.54159847
1.68498169	-21.35441469
1.69230770	-19.41942931
1.69963371	-19.98847356
1.70695971	-21.53904327
1.71428572	-27.23685597
1.72161173	-31.65296071
1.72893774	-23.03971947
1.73626374	-20.68960867
1.74358975	-19.90815841
1.75091576	-20.08312385
1.75824177	-21.13508932
1.76556777	-21.96034584
1.77289378	-21.34222787
1.78021979	-20.41011516
1.78754580	-21.25073604
1.79487180	-24.79285759
1.80219781	-25.24661203
1.80952382	-21.83185842
1.81684982	-21.24602341
1.82417583	-21.91091466
1.83150184	-21.48973412
1.83882785	-21.72340441
1.84615385	-22.44473582
1.85347986	-21.93485649
1.86080587	-23.52255785
1.86813188	-31.62635886
1.87545788	-27.46863173
1.88278389	-23.04950903
1.89010990	-23.02013905
1.89743591	-23.50752454
1.90476191	-22.85350147
1.91208792	-24.15901827
1.91941393	-30.02744605
1.92673993	-27.61791916
1.93406594	-23.78788927
1.94139195	-23.86469538
1.94871796	-24.07046868
1.95604396	-23.83299637
1.96336997	-24.32344608
1.97069598	-24.29123446
1.97802199	-24.50567875
1.98534799	-24.73625236
1.99267400	-24.72796519
2.00000001	-25.16220500
2.00732602	-24.98273397
2.01465202	-25.54452552
2.02197803	-25.96119036
2.02930404	-25.21936680
2.03663005	-27.29702637
2.04395605	-30.22249691
2.05128206	-26.91488781
2.05860807	-25.66020264
2.06593407	-26.23258653
2.07326008	-28.09707583
2.08058609	-28.66102694
2.08791210	-26.50024219
2.09523810	-26.32552518
2.10256411	-27.04566289
2.10989012	-26.70629258
2.11721613	-27.04335878
2.12454213	-27.34306384
2.13186814	-27.14403631
2.13919415	-27.77039249
2.14652016	-27.94443540
2.15384616	-28.51024714
2.16117217	-33.30351716
2.16849818	-47.14145714
2.17582419	-31.61861736
2.18315019	-29.00708485
2.19047620	-30.90961671
2.19780221	-43.25480468
2.20512821	-34.05257336
2.21245422	-30.19448558
2.21978023	-35.10605664
2.22710624	-40.77657994
2.23443224	-31.41865788
2.24175825	-30.58660325
2.24908426	-30.80719826
2.25641027	-31.75747103
2.26373627	-39.23400130
2.27106228	-39.32033178
2.27838829	-32.21460643
2.28571430	-31.12019699
2.29304030	-30.87333839
2.30036631	-30.91985978
2.30769232	-31.26274670
2.31501832	-31.56480088
2.32234433	-32.61923533
2.32967034	-32.53889589
2.33699635	-32.81362552
2.34432235	-37.20411671
2.35164836	-36.47697385
2.35897437	-34.06159436
2.36630038	-37.90527729
2.37362638	-37.23520275
2.38095239	-34.35041936
2.38827840	-38.34240149
2.39560441	-52.73651485
2.40293041	-37.56700363
2.41025642	-34.63221472
2.41758243	-34.10692256
2.42490844	-34.66377828
2.43223444	-34.80030123
2.43956045	-34.76956913
2.44688646	-34.93774903
2.45421246	-35.74730062
2.46153847	-41.34261118
2.46886448	-47.21821900
2.47619049	-36.92349602
2.48351649	-35.30253957
2.49084250	-35.40728466
2.49816851	-35.12503496
2.50549452	-35.45914468
2.51282052	-35.74008968
2.52014653	-35.60696884
2.52747254	-35.65802686
2.53479855	-35.67375653
2.54212455	-35.77259656
2.54945056	-35.87770196
2.55677657	-35.96827200
2.56410258	-36.48424624
2.57142858	-37.14164376
2.57875459	-37.11243068
2.58608060	-36.87146058
2.59340660	-37.16349670
2.60073261	-37.54488071
2.60805862	-37.83899722
2.61538463	-38.42413520
2.62271063	-39.93621688
2.63003664	-44.24818861
2.63736265	-53.64219161
2.64468866	-58.83118083
2.65201466	-50.41511971
2.65934067	-45.18825964
2.66666668	-42.76890074
2.67399269	-40.30759592
2.68131869	-40.50709555
2.68864470	-44.48704817
2.69597071	-41.20263685
2.70329671	-38.67940007
2.71062272	-39.21125240
2.71794873	-39.06832897
2.72527474	-38.78033613
2.73260074	-39.36046993
2.73992675	-39.54131626
2.74725276	-39.97639551
2.75457877	-40.74339001
2.76190477	-42.91674059
2.76923078	-49.71528143
2.77655679	-64.15482271
2.78388280	-53.74489942
2.79120880	-44.50176524
2.79853481	-41.42155855
2.80586082	-40.89625814
2.81318683	-40.48762916
2.82051283	-40.31465219
2.82783884	-40.15660897
2.83516485	-40.09143665
2.84249085	-40.84752074
2.84981686	-40.83080164
2.85714287	-40.86042079
2.86446888	-41.33541422
2.87179488	-41.64144129
2.87912089	-45.61335244
2.88644690	-63.38918070
2.89377291	-45.23313872
2.90109891	-42.59100937
2.90842492	-41.75887398
2.91575093	-41.80436140
2.92307694	-42.03905508
2.93040294	-41.66839179
2.93772895	-41.99984853
2.94505496	-42.15637443
2.95238096	-42.79459024
2.95970697	-46.27799895
2.96703298	-54.42095570
2.97435899	-65.70447661
2.98168499	-52.67449543
2.98901100	-47.45925358
2.99633701	-46.37673779
3.00366302	-49.80590279
3.01098902	-56.70765388
3.01831503	-61.63547142
3.02564104	-53.53809644
3.03296705	-48.50109580
3.04029305	-48.42489411
3.04761906	-58.70949484
3.05494507	-47.88861685
3.06227108	-44.18887999
3.06959708	-44.81657700
3.07692309	-44.56529704
3.08424910	-44.11906013
3.09157510	-44.86191151
3.09890111	-44.67417087
3.10622712	-44.76612318
3.11355313	-45.43630416
3.12087913	-46.77386202
3.12820514	-50.75542069
3.13553115	-58.93999589
3.14285716	-60.41628583
3.15018316	-49.90220301
3.15750917	-47.77979369
3.16483518	-50.95757776
3.17216119	-61.52682812
3.17948719	-53.22819164
3.18681320	-52.35142368
3.19413921	-47.91745691
3.20146522	-45.86402217
3.20879122	-48.42760887
3.21611723	-49.42212355
3.22344324	-47.68110733
3.23076924	-52.22647793
3.23809525	-54.12376810
3.24542126	-47.92870114
3.25274727	-47.33492313
3.26007327	-47.59149356
3.26739928	-47.22961468
3.27472529	-48.01755142
3.28205130	-48.34022386
3.28937730	-48.06723037
3.29670331	-48.22643309
3.30402932	-48.21494464
3.31135533	-48.31471982
3.31868133	-49.39774801
3.32600734	-52.38353298
3.33333335	-63.44835398
3.34065935	-56.97202771
3.34798536	-51.81511555
3.35531137	-50.38925019
3.36263738	-50.13277918
3.36996338	-49.58655260
3.37728939	-49.30514609
3.38461540	-50.19151103
3.39194141	-50.49758484
3.39926741	-50.34365655
3.40659342	-50.63661091
3.41391943	-50.78707754
3.42124544	-50.67953619
3.42857144	-50.31798930
3.43589745	-50.56847362
3.44322346	-51.10864559
3.45054947	-50.90382565
3.45787547	-50.94164580
3.46520148	-51.42025045
3.47252749	-52.47468656
3.47985349	-52.33467456
3.48717950	-51.23695562
3.49450551	-52.92508428
3.50183152	-54.59464814
3.50915752	-52.73483548
3.51648353	-53.14793795
3.52380954	-52.54522123
3.53113555	-52.23976734
3.53846155	-58.75805357
3.54578756	-57.94190878
3.55311357	-53.41703417
3.56043958	-53.05242170
3.56776558	-52.53690374
3.57509159	-53.13321917
3.58241760	-54.85686752
3.58974361	-55.29588183
3.59706961	-58.28461426
3.60439562	-72.59213190
3.61172163	-59.86375524
3.61904763	-58.94476800
3.62637364	-57.18179410
3.63369965	-55.34159760
3.64102566	-58.55847795
3.64835166	-65.58468990
3.65567767	-69.01180712
3.66300368	-67.85664912
3.67032969	-61.77722543
3.67765569	-59.27580795
3.68498170	-58.11730386
3.69230771	-62.15356747
3.69963372	-60.78049888
3.70695972	-56.07333655
3.71428573	-56.03825900
3.72161174	-57.49860714
3.72893774	-56.95935255
3.73626375	-58.66756333
3.74358976	-61.42997545
3.75091577	-58.68795270
3.75824177	-57.54486720
3.76556778	-58.89865423
3.77289379	-58.62820649
3.78021980	-57.35735588
3.78754580	-59.93296030
3.79487181	-64.21305990
3.80219782	-73.10707498
3.80952383	-69.45341019
3.81684983	-68.84466946
3.82417584	-65.70010145
3.83150185	-60.31770968
3.83882786	-57.57956037
3.84615386	-59.60744753
3.85347987	-62.81735656
3.86080588	-61.82750246
3.86813188	-60.93116201
3.87545789	-62.51329098
3.88278390	-62.93353063
3.89010991	-60.93925985
3.89743591	-60.24026978
3.90476192	-58.96140847
3.91208793	-58.74120032
3.91941394	-63.45605436
3.92673994	-65.65993010
3.93406595	-62.99334077
3.94139196	-63.82059164
3.94871797	-72.34326614
3.95604397	-74.84850992
3.96336998	-71.40231767
3.97069599	-70.59604228
3.97802199	-74.73649845
3.98534800	-73.42138935
3.99267401	-73.88618921
4.00000002	-67.55557236
4.00732602	-71.12307957
4.01465203	-69.06275607
4.02197804	-66.38665244
4.02930405	-65.60752355
4.03663005	-68.38573877
4.04395606	-68.06907097
4.05128207	-66.62304135
4.05860808	-71.56235940
4.06593408	-72.38424198
4.07326009	-71.52239811
4.08058610	-69.47236831
4.08791211	-66.72426394
4.09523811	-66.78024778
4.10256412	-74.33379918
4.10989013	-72.53277122
4.11721613	-69.68499827
4.12454214	-68.96849102
4.13186815	-66.71883231
4.13919416	-68.05853400
4.14652016	-66.91989068
4.15384617	-70.51757563
4.16117218	-73.14870044
4.16849819	-79.93685756
4.17582419	-73.88376868
4.18315020	-71.88473763
4.19047621	-71.48869256
4.19780222	-68.47977621
4.20512822	-70.36832958
4.21245423	-72.09732745
4.21978024	-81.98097711
4.22710625	-78.09640793
4.23443225	-84.35727928
4.24175826	-72.87871931
4.24908427	-67.59704399
4.25641027	-69.64561883
4.26373628	-78.78812891
4.27106229	-70.99456082
4.27838830	-80.29220067
4.28571430	-79.53055348
4.29304031	-74.27505872
4.30036632	-81.26406083
4.30769233	-77.55460694
4.31501833	-73.68521325
4.32234434	-81.79509952
4.32967035	-73.88449636
4.33699636	-73.60902822
4.34432236	-72.60435904
4.35164837	-71.13212328
4.35897438	-78.34314078
4.36630038	-79.94503238
4.37362639	-73.10994052
4.38095240	-75.77306159
4.38827841	-77.83999573
4.39560441	-71.55466902
4.40293042	-74.55028066
4.41025643	-84.78122359
4.41758244	-90.32633832
4.42490844	-80.55478575
4.43223445	-73.07576725
4.43956046	-69.69396480
4.44688647	-75.04486442
4.45421247	-69.94903350
4.46153848	-75.52253227
4.46886449	-81.73058169
4.47619050	-75.05343216
4.48351650	-78.57363560
4.49084251	-69.11531733
4.49816852	-76.61966278
4.50549452	-70.85916359
4.51282053	-76.20816392
4.52014654	-74.95360225
4.52747255	-81.52235606
4.53479855	-69.41256602
4.54212456	-71.86428378
4.54945057	-80.25905743
4.55677658	-81.81701690
4.56410258	-74.00082314
4.57142859	-78.83588870
4.57875460	-75.69779362
4.58608061	-73.49182185
4.59340661	-74.08480624
4.60073262	-77.51954451
4.60805863	-74.50876712
4.61538464	-71.66347159
4.62271064	-87.42705609
4.63003665	-73.36701395
4.63736266	-66.78023446
4.64468866	-74.53563250
4.65201467	-69.74320507
4.65934068	-73.81371069
4.66666669	-70.46615945
4.67399269	-64.85803757
4.68131870	-68.21523381
4.68864471	-65.78978639
4.69597072	-68.87900711
4.70329672	-77.89636991
4.71062273	-78.84661549
4.71794874	-72.01251945
4.72527475	-68.89113790
4.73260075	-67.78714363
4.73992676	-75.93046739
4.74725277	-71.12284817
4.75457877	-73.63827350
4.76190478	-80.54640620
4.76923079	-67.96757535
4.77655680	-71.55426190
4.78388280	-80.28475874
4.79120881	-82.69709404
4.79853482	-81.15798878
4.80586083	-84.51704235
4.81318683	-82.57477352
4.82051284	-72.32945543
4.82783885	-70.18102784
4.83516486	-76.94440260
4.84249086	-77.66225359
4.84981687	-77.73434799
4.85714288	-74.45524955
4.86446889	-74.20092063
4.87179489	-76.26049787
4.87912090	-80.39291750
4.88644691	-72.74432254
4.89377291	-72.33200052
4.90109892	-69.06444154
4.90842493	-72.96180872
4.91575094	-69.64249011
4.92307694	-80.99868479
4.93040295	-79.20257190
4.93772896	-82.15314631
4.94505497	-75.72954585
4.95238097	-72.46597639
4.95970698	-81.48012806
4.96703299	-78.64715505
4.97435900	-82.19895374
4.98168500	-78.00598175
4.98901101	-71.94208671
4.99633702	-72.78540962
5.00366302	-72.07454773
5.01098903	-83.31434968
5.01831504	-74.50316029
5.02564105	-77.75831984
5.03296705	-73.22866283
5.04029306	-80.51017862
5.04761907	-74.26201362
5.05494508	-72.88527105
5.06227108	-68.75706681
5.06959709	-72.27740154
5.07692310	-75.45610135
5.08424911	-71.93862157
5.09157511	-84.09713418
5.09890112	-73.26675053
5.10622713	-74.20550543
5.11355314	-69.70306835
5.12087914	-79.86562419
5.12820515	-75.27005102
5.13553116	-75.68461501
5.14285716	-76.56308437
5.15018317	-71.99834279
5.15750918	-72.49251383
5.16483519	-83.41512094
5.17216119	-70.53727713
5.17948720	-77.76387405
5.18681321	-71.29815699
5.19413922	-70.83144633
5.20146522	-71.45397098
5.20879123	-71.80922970
5.21611724	-71.94922120
5.22344325	-86.17316256
5.23076925	-80.30670351
5.23809526	-76.77212354
5.24542127	-82.29662056
5.25274728	-76.48648935
5.26007328	-82.28062984
5.26739929	-72.95177179
5.27472530	-70.97621467
5.28205130	-74.90183159
5.28937731	-70.94313002
5.29670332	-70.72019559
5.30402933	-79.21104348
5.31135533	-71.23171203
5.31868134	-76.91338415
5.32600735	-79.45313863
5.33333336	-73.49889453
5.34065936	-74.02816640
5.34798537	-75.14292909
5.35531138	-81.34284286
5.36263739	-71.52412893
5.36996339	-78.46550083
5.37728940	-78.07228438
5.38461541	-80.33039499
5.39194141	-74.95867656
5.39926742	-75.20579137
5.40659343	-71.47227421
5.41391944	-72.48647510
5.42124544	-78.69503709
5.42857145	-72.66564931
5.43589746	-71.28274041
5.44322347	-76.10359969
5.45054947	-80.12024740
5.45787548	-78.93546227
5.46520149	-75.64524632
5.47252750	-81.37339438
5.47985350	-80.20942577
5.48717951	-89.76368430
5.49450552	-76.60102935
5.50183153	-87.73822508
5.50915753	-74.70263826
5.51648354	-72.36146839
5.52380955	-74.24264763
5.53113555	-84.18158348
5.53846156	-70.98373872
5.54578757	-69.34916513
5.55311358	-73.59617552
5.56043958	-69.00310337
5.56776559	-86.76286174
5.57509160	-73.80958020
5.58241761	-69.96846605
5.58974361	-75.26025065
5.59706962	-67.73418351
5.60439563	-78.08825901
5.61172164	-71.54337572
5.61904764	-75.02029643
5.62637365	-78.88979261
5.63369966	-95.06742300
5.64102567	-74.83904758
5.64835167	-74.76464733
5.65567768	-78.52058029
5.66300369	-78.96686484
5.67032969	-76.11930147
5.67765570	-77.84210126
5.68498171	-81.70428442
5.69230772	-72.32632993
5.69963372	-71.45426422
5.70695973	-84.03468472
5.71428574	-79.74540016
5.72161175	-81.84485184
5.72893775	-76.11043467
5.73626376	-69.60448896
5.74358977	-86.73007701
5.75091578	-74.66594641
5.75824178	-75.70375988
5.76556779	-81.87608742
5.77289380	-88.34865763
5.78021980	-75.25413637
5.78754581	-78.66999348
5.79487182	-93.84598760
5.80219783	-85.96540505
5.80952383	-75.39301293
5.81684984	-78.19665692
5.82417585	-92.20946044
5.83150186	-73.14419445
5.83882786	-71.85798131
5.84615387	-87.47241841
5.85347988	-74.66765314
5.86080589	-75.62472700
5.86813189	-70.92247590
5.87545790	-78.63311227
5.88278391	-70.44653600
5.89010992	-78.65440085
5.89743592	-88.77898919
5.90476193	-94.74758501
5.91208794	-87.88419001
5.91941394	-79.38924577
5.92673995	-67.66715070
5.93406596	-70.22816559
5.94139197	-67.28795837
5.94871797	-67.73716216
5.95604398	-69.91674312
5.96336999	-72.67889486
5.97069600	-69.17826592
5.97802200	-76.13683200
5.98534801	-76.38898177
5.99267402	-69.51392924
6.00000003	-68.52615727
6.00732603	-74.54521159
6.01465204	-72.91159522
6.02197805	-70.54897281
6.02930405	-80.40767223
6.03663006	-70.25426619
6.04395607	-68.40421588
6.05128208	-73.05334440
6.05860808	-76.68972133
6.06593409	-78.49305133
6.07326010	-73.01838105
6.08058611	-88.21313678
6.08791211	-83.17004214
6.09523812	-77.24372909
6.10256413	-74.56798591
6.10989014	-80.05129371
6.11721614	-73.49677947
6.12454215	-74.68115734
6.13186816	-83.08905667
6.13919417	-79.32940134
6.14652017	-84.76354173
6.15384618	-72.65807909
6.16117219	-74.42399088
6.16849819	-75.22204194
6.17582420	-82.11350164
6.18315021	-81.50887828
6.19047622	-75.79567582
6.19780222	-82.15317651
6.20512823	-76.99464772
6.21245424	-71.82026996
6.21978025	-71.61550934
6.22710625	-71.78653966
6.23443226	-76.93011173
6.24175827	-91.86975663
6.24908428	-80.43616794
6.25641028	-69.59150344
6.26373629	-71.00048250
6.27106230	-75.57526891
6.27838831	-83.27354680
6.28571431	-83.93342572
6.29304032	-72.89901810
6.30036633	-70.55862080
6.30769233	-81.70920824
6.31501834	-68.94272078
6.32234435	-96.43559780
6.32967036	-72.62766325
6.33699636	-73.35982570
6.34432237	-72.70367087
6.35164838	-70.72650445
6.35897439	-78.09284765
6.36630039	-85.18749101
6.37362640	-81.55429582
6.38095241	-74.85186829
6.38827842	-74.51313339
6.39560442	-72.90864034
6.40293043	-81.98497767
6.41025644	-75.53108209
6.41758244	-80.97638986
6.42490845	-78.12569712
6.43223446	-78.04316225
6.43956047	-72.46827777
6.44688647	-74.58576704
6.45421248	-86.36575564
6.46153849	-72.83174278
6.46886450	-78.46016021
6.47619050	-77.76616651
6.48351651	-76.27207145
6.49084252	-90.30517360
6.49816853	-86.49699559
6.50549453	-84.50363573
6.51282054	-85.62811876
6.52014655	-97.42908300
6.52747256	-79.14839335
6.53479856	-79.23869597
6.54212457	-71.68467637
6.54945058	-77.82786226
6.55677658	-75.71560776
6.56410259	-74.70443883
6.57142860	-76.21798139
6.57875461	-84.35468607
6.58608061	-74.15082898
6.59340662	-72.18958891
6.60073263	-76.72871110
6.60805864	-72.09474118
6.61538464	-81.19315014
6.62271065	-80.93930873
6.63003666	-83.39659053
6.63736267	-85.05457202
6.64468867	-76.19151783
6.65201468	-71.67688120
6.65934069	-95.27737868
6.66666670	-83.17973417
6.67399270	-76.44252870
6.68131871	-68.47302396
6.68864472	-65.40753761
6.69597072	-76.15993912
6.70329673	-71.97044410
6.71062274	-82.54336689
6.71794875	-77.64298029
6.72527475	-77.44165281
6.73260076	-74.97532531
6.73992677	-68.06900605
6.74725278	-70.34412717
6.75457878	-94.46873208
6.76190479	-70.17043700
6.76923080	-75.31598064
6.77655681	-82.07667729
6.78388281	-83.46968472
6.79120882	-80.08990623
6.79853483	-71.15880967
6.80586083	-75.19468482
6.81318684	-75.67107096
6.82051285	-79.01097497
6.82783886	-80.77540237
6.83516486	-83.78337594
6.84249087	-96.57616078
6.84981688	-83.64521088
6.85714289	-76.43034271
6.86446889	-80.06612651
6.87179490	-76.42302519
6.87912091	-76.33209869
6.88644692	-79.72960556
6.89377292	-77.74529228
6.90109893	-73.57618097
6.90842494	-79.02459670
6.91575095	-75.68085275
6.92307695	-80.01459287
6.93040296	-84.23334234
6.93772897	-84.88810181
6.94505497	-71.98308981
6.95238098	-81.02361778
6.95970699	-71.37279683
6.96703300	-77.54318749
6.97435900	-77.06878339
6.98168501	-69.15662889
6.98901102	-83.02413370
6.99633703	-81.68498393
7.00366303	-68.98717454
7.01098904	-78.06449848
7.01831505	-69.80055039
7.02564106	-73.93809400
7.03296706	-89.77880641
7.04029307	-92.48442877
7.04761908	-70.71064676
7.05494508	-83.72931087
7.06227109	-71.46080668
7.06959710	-79.17561955
7.07692311	-84.50903832
7.08424911	-71.89093724
7.09157512	-74.03173625
7.09890113	-80.06904157
7.10622714	-73.63172125
7.11355314	-71.96176614
7.12087915	-68.84588493
7.12820516	-81.32158761
7.13553117	-74.73249167
7.14285717	-68.52156055
7.15018318	-77.46144231
7.15750919	-76.42447058
7.16483520	-76.01740762
7.17216120	-73.22866953
7.17948721	-69.93615879
7.18681322	-87.86185342
7.19413922	-71.34079180
7.20146523	-80.30836681
7.20879124	-81.96155914
7.21611725	-85.54383407
7.22344325	-81.24327542
7.23076926	-69.10004649
7.23809527	-65.45229219
7.24542128	-76.87215588
7.25274728	-75.48260133
7.26007329	-74.88833047
7.26739930	-78.77196829
7.27472531	-89.85099075
7.28205131	-77.23657786
7.28937732	-78.35949771
7.29670333	-78.04487895
7.30402934	-75.30954430
7.31135534	-72.47302255
7.31868135	-76.85084088
7.32600736	-86.26951049
7.33333336	-74.24111384
7.34065937	-71.84552670
7.34798538	-73.35751868
7.35531139	-77.82305962
7.36263739	-72.54023070
7.36996340	-75.11347394
7.37728941	-76.03899441
7.38461542	-73.40248547
7.39194142	-73.91627251
7.39926743	-77.98422955
7.40659344	-76.49109533
7.41391945	-78.49248071
7.42124545	-75.33936760
7.42857146	-79.69337200
7.43589747	-76.38496135
7.44322347	-75.09080261
7.45054948	-70.44584754
7.45787549	-66.98552924
7.46520150	-75.46519763
7.47252750	-77.59898535
7.47985351	-81.98605452
7.48717952	-81.30139311
7.49450553	-74.70886750
7.50183153	-69.63371415
7.50915754	-73.20310082
7.51648355	-71.19758836
7.52380956	-69.76637654
7.53113556	-81.67370435
7.53846157	-72.98873455
7.54578758	-78.73777659
7.55311359	-72.68579690
7.56043959	-81.58144516
7.56776560	-69.41419428
7.57509161	-76.71755624
7.58241761	-72.00288484
7.58974362	-73.02547524
7.59706963	-79.41542570
7.60439564	-73.40353855
7.61172164	-73.09625367
7.61904765	-78.24723995
7.62637366	-71.45841317
7.63369967	-72.26161983
7.64102567	-74.59477750
7.64835168	-71.31135714
7.65567769	-87.55557183
7.66300370	-71.26899862
7.67032970	-76.73023028
7.67765571	-86.92937773
7.68498172	-80.53055189
7.69230773	-76.84814825
7.69963373	-75.89904563
7.70695974	-78.36626814
7.71428575	-77.48308144
7.72161175	-80.87302199
7.72893776	-69.11143823
7.73626377	-66.13007660
7.74358978	-72.41097491
7.75091578	-78.72336813
7.75824179	-74.21421680
7.76556780	-70.22017658
7.77289381	-78.34093418
7.78021981	-70.78737116
7.78754582	-74.51422417
7.79487183	-72.23092794
7.80219784	-72.61411272
7.80952384	-71.32091605
7.81684985	-77.63571621
7.82417586	-75.90230948
7.83150186	-77.96636616
7.83882787	-70.61426567
7.84615388	-78.54664965
7.85347989	-83.70690073
7.86080589	-70.14239994
7.86813190	-77.68435127
7.87545791	-72.70320921
7.88278392	-83.75224669
7.89010992	-76.45822544
7.89743593	-78.04701759
7.90476194	-72.81420363
7.91208795	-90.55534469
7.91941395	-75.37752244
7.92673996	-81.59737006
7.93406597	-73.30770529
7.94139198	-78.71142237
7.94871798	-75.77523215
7.95604399	-74.39624899
7.96337000	-79.94641074
7.97069600	-74.08746187
7.97802201	-79.24119614
7.98534802	-80.06933897
7.99267403	-77.70943901
8.00000003	-74.10359472
8.00732604	-74.15522165
8.01465205	-81.65253986
8.02197806	-72.71260913
8.02930406	-74.35521027
8.03663007	-77.67776045
8.04395608	-85.91919800
8.05128209	-99.20240400
8.05860809	-81.75561740
8.06593410	-83.68043924
8.07326011	-72.95088727
8.08058611	-79.27167094
8.08791212	-71.83621395
8.09523813	-78.17065804
8.10256414	-73.82902918
8.10989014	-67.44867587
8.11721615	-70.67813436
8.12454216	-76.61397352
8.13186817	-69.20635614
8.13919417	-71.51372268
8.14652018	-71.61393794
8.15384619	-77.22552088
8.16117220	-81.93199495
8.16849820	-79.86966964
8.17582421	-81.93888320
8.18315022	-74.72758740
8.19047623	-82.16011586
8.19780223	-76.23795668
8.20512824	-78.75600527
8.21245425	-82.41219282
8.21978025	-82.91935770
8.22710626	-72.91473611
8.23443227	-87.63090125
8.24175828	-73.09096063
8.24908428	-77.44419988
8.25641029	-76.44266032
8.26373630	-76.87227751
8.27106231	-77.94588197
8.27838831	-75.56160226
8.28571432	-87.95867182
8.29304033	-76.67424355
8.30036634	-73.21236618
8.30769234	-73.16526717
8.31501835	-76.97769250
8.32234436	-79.82203618
8.32967037	-90.91364083
8.33699637	-74.16616027
8.34432238	-74.04055209
8.35164839	-75.85719665
8.35897439	-74.65906341
8.36630040	-72.39398291
8.37362641	-75.09785591
8.38095242	-74.14455532
8.38827842	-72.26254809
8.39560443	-70.98119924
8.40293044	-79.35327166
8.41025645	-72.52942221
8.41758245	-78.08482179
8.42490846	-79.54550409
8.43223447	-72.83154729
8.43956048	-74.08784649
8.44688648	-85.85140394
8.45421249	-81.85224002
8.46153850	-82.59074672
8.46886450	-78.53851206
8.47619051	-73.55145001
8.48351652	-76.58973894
8.49084253	-78.65408557
8.49816853	-74.48622585
8.50549454	-70.53952286
8.51282055	-91.15488091
8.52014656	-74.48962190
8.52747256	-75.74475447
8.53479857	-76.03272617
8.54212458	-83.59945710
8.54945059	-77.84602340
8.55677659	-76.78535217
8.56410260	-97.16826252
8.57142861	-76.94212930
8.57875462	-75.56097990
8.58608062	-76.00361667
8.59340663	-91.59746998
8.60073264	-74.74431549
8.60805864	-71.68722985
8.61538465	-77.11552218
8.62271066	-83.41138576
8.63003667	-88.77481764
8.63736267	-72.37929211
8.64468868	-71.19659094
8.65201469	-76.61477859
8.65934070	-73.71709848
8.66666670	-71.00957075
8.67399271	-70.47591709
8.68131872	-74.29754996
8.68864473	-72.69411307
8.69597073	-77.30191137
8.70329674	-71.25775098
8.71062275	-75.76718679
8.71794876	-77.66372303
8.72527476	-72.98377229
8.73260077	-75.60675188
8.73992678	-79.77958582
8.74725278	-80.21583644
8.75457879	-81.09875768
8.76190480	-78.08198970
8.76923081	-77.83968482
8.77655681	-76.38910629
8.78388282	-76.71391241
8.79120883	-79.90799267
8.79853484	-91.04161475
8.80586084	-77.07269394
8.81318685	-81.09157584
8.82051286	-77.91952005
8.82783887	-76.06729675
8.83516487	-75.37397583
8.84249088	-73.55808957
8.84981689	-74.22753884
8.85714289	-70.91997794
8.86446890	-68.67640812
8.87179491	-70.98147235
8.87912092	-75.24709391
8.88644692	-70.79486188
8.89377293	-85.84694379
8.90109894	-75.01550607
8.90842495	-75.39176909
8.91575095	-88.72608020
8.92307696	-72.72315857
8.93040297	-75.32777748
8.93772898	-74.69173109
8.94505498	-71.90269438
8.95238099	-77.80159378
8.95970700	-76.22763419
8.96703301	-76.13493583
8.97435901	-73.81902952
8.98168502	-76.72098312
8.98901103	-74.63001469
8.99633703	-74.38185020
9.00366304	-78.74862527
9.01098905	-83.35423670
9.01831506	-72.45837505
9.02564106	-74.61840390
9.03296707	-73.33566946
9.04029308	-71.99651150
9.04761909	-75.96061289
9.05494509	-79.79297320
9.06227110	-74.47475965
9.06959711	-78.23059237
9.07692312	-77.39518353
9.08424912	-81.50996643
9.09157513	-84.09516392
9.09890114	-82.12097219
9.10622714	-86.39289398
9.11355315	-75.38794544
9.12087916	-74.14385441
9.12820517	-73.65778228
9.13553117	-71.57369767
9.14285718	-73.16825618
9.15018319	-75.73887988
9.15750920	-74.35361049
9.16483520	-86.58235531
9.17216121	-70.33890562
9.17948722	-76.51024710
9.18681323	-71.40477366
9.19413923	-70.10077173
9.20146524	-70.89075175
9.20879125	-82.10518511
9.21611726	-73.18315394
9.22344326	-79.44679658
9.23076927	-85.20510871
9.23809528	-72.38625056
9.24542128	-81.39727343
9.25274729	-73.74984635
9.26007330	-68.26625113
9.26739931	-69.15055320
9.27472531	-72.41326893
9.28205132	-70.37914887
9.28937733	-71.94540387
9.29670334	-83.15920152
9.30402934	-70.55404105
9.31135535	-68.55657795
9.31868136	-75.08349005
9.32600737	-73.90944307
9.33333337	-85.92008713
9.34065938	-71.63405787
9.34798539	-79.64450104
9.35531140	-76.86785111
9.36263740	-74.71419255
9.36996341	-73.07364162
9.37728942	-81.03121796
9.38461542	-81.21804022
9.39194143	-92.32491514
9.39926744	-74.83220842
9.40659345	-75.87837969
9.41391945	-83.04636975
9.42124546	-91.37087967
9.42857147	-70.89375813
9.43589748	-72.48250041
9.44322348	-70.32664907
9.45054949	-73.93900738
9.45787550	-78.50080827
9.46520151	-69.30386650
9.47252751	-69.67050895
9.47985352	-83.04156381
9.48717953	-70.16393806
9.49450553	-73.56578289
9.50183154	-78.71038879
9.50915755	-75.05082970
9.51648356	-78.99308028
9.52380956	-81.77726925
9.53113557	-80.73536392
9.53846158	-80.60252349
9.54578759	-103.80079584
9.55311359	-80.63945306
9.56043960	-74.51609589
9.56776561	-76.24390649
9.57509162	-79.98130564
9.58241762	-76.42873160
9.58974363	-76.02144587
9.59706964	-81.10161780
9.60439565	-77.80727214
9.61172165	-79.78364621
9.61904766	-78.24754877
9.62637367	-75.61204070
9.63369967	-74.25379905
9.64102568	-88.90594308
9.64835169	-79.38131830
9.65567770	-77.77160583
9.66300370	-78.31228194
9.67032971	-79.05189803
9.67765572	-76.66024108
9.68498173	-79.67322538
9.69230773	-74.04398644
9.69963374	-80.49694167
9.70695975	-88.81474700
9.71428576	-75.09719708
9.72161176	-68.34765452
9.72893777	-70.85793981
9.73626378	-92.14733605
9.74358979	-75.10652871
9.75091579	-75.99100913
9.75824180	-83.97428883
9.76556781	-77.24467737
9.77289381	-78.86535176
9.78021982	-79.81837489
9.78754583	-90.44440646
9.79487184	-74.54181986
9.80219784	-71.25434106
9.80952385	-76.76591001
9.81684986	-76.87584725
9.82417587	-79.50630570
9.83150187	-82.49142238
9.83882788	-79.78144961
9.84615389	-79.58354344
9.85347990	-82.55164802
9.86080590	-89.80554365
9.86813191	-81.85701557
9.87545792	-79.70800812
9.88278392	-72.74251308
9.89010993	-73.11930598
9.89743594	-81.02377627
9.90476195	-96.84536430
9.91208795	-79.43849596
9.91941396	-72.73674946
9.92673997	-78.79473104
9.93406598	-82.88793791
9.94139198	-79.53851322
9.94871799	-72.01430589
9.95604400	-70.25035624
9.96337001	-86.33157766
9.97069601	-76.97434460
9.97802202	-74.19407206
9.98534803	-73.72007763
9.99267404	-67.25002210
10.00000004	-69.58145795
10.00732605	-74.41232989
10.01465206	-72.38745533
10.02197806	-69.91020201
10.02930407	-78.92865803
10.03663008	-73.01922969
10.04395609	-77.40706460
10.05128209	-84.44469048
10.05860810	-77.23785440
10.06593411	-78.77629523
10.07326012	-79.46834606
10.08058612	-77.63159357
10.08791213	-86.04734944
10.09523814	-71.12968425
10.10256415	-74.08252892
10.10989015	-86.80684048
10.11721616	-79.15123980
10.12454217	-74.72254649
10.13186818	-71.83380609
10.13919418	-75.09068200
10.14652019	-74.07081340
10.15384620	-77.08675560
10.16117220	-77.58593167
10.16849821	-72.41079377
10.17582422	-89.78761369
10.18315023	-68.60774380
10.19047623	-73.66600820
10.19780224	-73.88767717
10.20512825	-77.87904629
10.21245426	-72.04015281
10.21978026	-71.54355847
10.22710627	-82.08906763
10.23443228	-74.43810930
10.24175829	-68.52366119
10.24908429	-93.09386225
10.25641030	-73.38553033
10.26373631	-72.99153470
10.27106231	-74.77434025
10.27838832	-75.37150304
10.28571433	-77.87416342
10.29304034	-73.59202181
10.30036634	-73.29985852
10.30769235	-72.36566241
10.31501836	-81.78425931
10.32234437	-77.74659111
10.32967037	-77.74650343
10.33699638	-77.64674217
10.34432239	-77.08115545
10.35164840	-76.29264199
10.35897440	-77.50045717
10.36630041	-68.74064296
10.37362642	-70.45030204
10.38095243	-73.70876499
10.38827843	-74.37124224
10.39560444	-76.48703950
10.40293045	-78.12238185
10.41025645	-80.40058391
10.41758246	-74.98609161
10.42490847	-78.08537281
10.43223448	-71.17413210
10.43956048	-87.05700148
10.44688649	-72.05238454
10.45421250	-73.61429149
10.46153851	-87.46919664
10.46886451	-83.25157447
10.47619052	-81.45350657
10.48351653	-79.10867534
10.49084254	-71.43842776
10.49816854	-99.08306498
10.50549455	-75.38040088
10.51282056	-77.84198663
10.52014656	-80.89018560
10.52747257	-70.23546354
10.53479858	-68.48801968
10.54212459	-75.32149568
10.54945059	-80.09513983
10.55677660	-73.91745994
10.56410261	-68.95794117
10.57142862	-71.20862559
10.57875462	-67.43144655
10.58608063	-78.60177044
10.59340664	-75.18047091
10.60073265	-71.49388490
10.60805865	-87.34856452
10.61538466	-70.99618022
10.62271067	-79.32130297
10.63003668	-86.65843357
10.63736268	-79.92631268
10.64468869	-74.40929115
10.65201470	-81.19834237
10.65934070	-79.27822890
10.66666671	-76.61196238
10.67399272	-77.02684008
10.68131873	-75.44176184
10.68864473	-78.56850865
10.69597074	-71.44877146
10.70329675	-77.92920412
10.71062276	-81.86289296
10.71794876	-84.36309957
10.72527477	-73.75767454
10.73260078	-76.51269906
10.73992679	-81.73886023
10.74725279	-79.16110461
10.75457880	-83.83447150
10.76190481	-83.29731772
10.76923082	-77.77954265
10.77655682	-75.42364784
10.78388283	-72.94767358
10.79120884	-74.29645636
10.79853484	-73.82400605
10.80586085	-75.21497392
10.81318686	-74.47020006
10.82051287	-83.77508516
10.82783887	-72.04484608
10.83516488	-81.97976007
10.84249089	-76.34293497
10.84981690	-77.96884551
10.85714290	-74.64992281
10.86446891	-78.57428727
10.87179492	-75.36350015
10.87912093	-72.34822418
10.88644693	-72.10932242
10.89377294	-83.76186271
10.90109895	-112.00044011
10.90842495	-89.57844959
10.91575096	-81.15679270
10.92307697	-75.20106822
10.93040298	-68.62674985
10.93772898	-71.81125021
10.94505499	-79.83667684
10.95238100	-75.34443831
10.95970701	-78.73183811
10.96703301	-71.43397682
10.97435902	-73.66137484
10.98168503	-75.87430678
10.98901104	-85.52055989
10.99633704	-79.01917915
11.00366305	-79.77701272
11.01098906	-75.32627722
11.01831507	-108.32221552
11.02564107	-75.62370269
11.03296708	-81.60791747
11.04029309	-73.53086386
11.04761909	-71.02031312
11.05494510	-75.11042552
11.06227111	-88.19903095
11.06959712	-71.39967456
11.07692312	-70.71249053
11.08424913	-68.06731517
11.09157514	-74.83219963
11.09890115	-82.82387144
11.10622715	-81.10394581
11.11355316	-85.44240693
11.12087917	-80.15536119
11.12820518	-80.07250113
11.13553118	-80.11185545
11.14285719	-74.64540056
11.15018320	-71.73950019
11.15750921	-69.99312255
11.16483521	-71.20999383
11.17216122	-78.55502779
11.17948723	-77.34610391
11.18681323	-71.85874969
11.19413924	-79.33433437
11.20146525	-74.29659986
11.20879126	-79.59655823
11.21611726	-78.30049974
11.22344327	-73.36283336
11.23076928	-73.93703367
11.23809529	-76.85853514
11.24542129	-72.66316312
11.25274730	-71.95257432
11.26007331	-87.08157845
11.26739932	-75.27313129
11.27472532	-81.36302790
11.28205133	-72.46811156
11.28937734	-83.93081744
11.29670334	-69.33299305
11.30402935	-79.42756827
11.31135536	-72.71739929
11.31868137	-72.86195016
11.32600737	-72.33529694
11.33333338	-80.59653879
11.34065939	-76.18707020
11.34798540	-93.91505360
11.35531140	-81.79764709
11.36263741	-79.34287619
11.36996342	-76.23100553
11.37728943	-73.44238641
11.38461543	-75.30996827
11.39194144	-75.43999039
11.39926745	-81.88179184
11.40659346	-86.47285117
11.41391946	-78.89020005
11.42124547	-98.12732532
11.42857148	-83.65332524
11.43589748	-85.82169702
11.44322349	-79.14392064
11.45054950	-77.37692114
11.45787551	-76.29515873
11.46520151	-72.94323894
11.47252752	-78.23468380
11.47985353	-77.96836528
11.48717954	-73.86752120
11.49450554	-78.56637847
11.50183155	-88.95398289
11.50915756	-86.08189585
11.51648357	-77.63500030
11.52380957	-74.49316595
11.53113558	-75.85623022
11.53846159	-77.01741705
11.54578759	-80.38481790
11.55311360	-81.33696889
11.56043961	-83.78843633
11.56776562	-78.47665084
11.57509162	-85.99278377
11.58241763	-73.62289340
11.58974364	-72.92465921
11.59706965	-75.73291414
11.60439565	-72.39231835
11.61172166	-84.79150450
11.61904767	-85.57578871
11.62637368	-74.01457763
11.63369968	-78.51746111
11.64102569	-73.28053252
11.64835170	-78.38542634
11.65567771	-85.72946827
11.66300371	-79.23212696
11.67032972	-74.17595899
11.67765573	-75.11914850
11.68498173	-76.22634220
11.69230774	-77.30557673
11.69963375	-80.58052048
11.70695976	-75.50721645
11.71428576	-75.42772163
11.72161177	-83.75206792
11.72893778	-77.81175858
11.73626379	-78.64332072
11.74358979	-77.82253367
11.75091580	-78.80098067
11.75824181	-74.64870595
11.76556782	-75.92629052
11.77289382	-79.49803177
11.78021983	-73.51462721
11.78754584	-78.25938358
11.79487185	-79.46043531
11.80219785	-71.75281431
11.80952386	-80.53170193
11.81684987	-75.00429162
11.82417587	-70.21919447
11.83150188	-72.73799164
11.83882789	-81.25297901
11.84615390	-78.85110268
11.85347990	-81.90124831
11.86080591	-70.44798231
11.86813192	-74.88848312
11.87545793	-80.48784238
11.88278393	-73.97608248
11.89010994	-71.21628210
11.89743595	-79.38852447
11.90476196	-80.04264433
11.91208796	-84.99655329
11.91941397	-79.98312702
11.92673998	-85.99355927
11.93406598	-77.47498500
11.94139199	-72.43450479
11.94871800	-78.83844232
11.95604401	-69.32790246
11.96337001	-76.00091122
11.97069602	-79.02988645
11.97802203	-89.83989063
11.98534804	-75.54415661
11.99267404	-78.28070746
12.00000005	-73.71046074
12.00732606	-103.56181067
12.01465207	-71.72214206
12.02197807	-79.86913652
12.02930408	-74.73802612
12.03663009	-72.10195916
12.04395610	-78.86944672
12.05128210	-75.60115744
12.05860811	-73.44130169
12.06593412	-91.51675941
12.07326012	-74.84980615
12.08058613	-80.54728679
12.08791214	-71.94316151
12.09523815	-75.50041198
12.10256415	-74.66649096
12.10989016	-84.55066947
12.11721617	-76.55604341
12.12454218	-79.95749423
12.13186818	-71.38007982
12.13919419	-77.96801090
12.14652020	-80.50934631
12.15384621	-74.12149917
12.16117221	-75.08090312
12.16849822	-69.56599952
12.17582423	-78.24972268
12.18315024	-75.38824108
12.19047624	-82.74798655
12.19780225	-92.55389499
12.20512826	-74.00497337
12.21245426	-70.46114499
12.21978027	-78.92805854
12.22710628	-72.85808056
12.23443229	-70.57153916
12.24175829	-100.55351764
12.24908430	-73.88104001
12.25641031	-75.64780012
12.26373632	-74.19342961
12.27106232	-70.46652606
12.27838833	-79.99461407
12.28571434	-79.32134493
12.29304035	-73.71176973
12.30036635	-69.86067524
12.30769236	-76.04684081
12.31501837	-73.94837744
12.32234437	-87.69426097
12.32967038	-76.58398842
12.33699639	-74.81069130
12.34432240	-80.45378165
12.35164840	-70.27395058
12.35897441	-82.59334217
12.36630042	-77.74527551
12.37362643	-76.31978088
12.38095243	-72.27941231
12.38827844	-70.95161230
12.39560445	-71.80337620
12.40293046	-74.75824470
12.41025646	-92.06535848
12.41758247	-73.35080533
12.42490848	-87.43821530
12.43223449	-71.27847399
12.43956049	-74.12059333
12.44688650	-82.49088169
12.45421251	-68.70898893
12.46153851	-73.69522333
12.46886452	-74.26135462
12.47619053	-82.34035149
12.48351654	-71.72056469
12.49084254	-72.27807975
12.49816855	-90.12695646
12.50549456	-71.50340215
12.51282057	-74.27710654
12.52014657	-94.59162166
12.52747258	-79.32620266
12.53479859	-73.10737728
12.54212460	-86.03251006
12.54945060	-73.58311905
12.55677661	-93.76612118
12.56410262	-73.58729128
12.57142862	-73.82174024
12.57875463	-79.69063278
12.58608064	-74.53757604
12.59340665	-74.65642508
12.60073265	-79.87389023
12.60805866	-85.36370592
12.61538467	-81.30118796
12.62271068	-84.27814346
12.63003668	-76.47644653
12.63736269	-74.51414582
12.64468870	-82.53813343
12.65201471	-73.86235365
12.65934071	-74.25865884
12.66666672	-85.06539424
12.67399273	-99.30704578
12.68131874	-85.52015105
12.68864474	-89.80385058
12.69597075	-73.66781146
12.70329676	-70.11935688
12.71062276	-75.33324746
12.71794877	-82.40627677
12.72527478	-77.23752172
12.73260079	-77.75723633
12.73992679	-88.85718900
12.74725280	-72.30971563
12.75457881	-77.02139565
12.76190482	-80.82014797
12.76923082	-77.45153220
12.77655683	-76.28105012
12.78388284	-70.02474817
12.79120885	-73.42008547
12.79853485	-70.26852015
12.80586086	-72.52055949
12.81318687	-71.44572959
12.82051288	-76.07489832
12.82783888	-73.22459236
12.83516489	-80.44487037
12.84249090	-73.21152794
12.84981690	-77.93965468
12.85714291	-82.68236019
12.86446892	-71.55891342
12.87179493	-72.64376445
12.87912093	-77.36690531
12.88644694	-80.26571194
12.89377295	-80.07013938
12.90109896	-74.94854968
12.90842496	-77.74244148
12.91575097	-84.70331679
12.92307698	-77.66143035
12.93040299	-72.95930603
12.93772899	-76.18114164
12.94505500	-76.32905234
12.95238101	-87.04640425
12.95970701	-81.48232261
12.96703302	-79.06446526
12.97435903	-83.12977817
12.98168504	-81.28540208
12.98901104	-75.08881133
12.99633705	-82.00009317
13.00366306	-80.11484549
13.01098907	-71.99636724
13.01831507	-73.81189431
13.02564108	-74.48070871
13.03296709	-72.47302998
13.04029310	-67.51741731
13.04761910	-70.75978308
13.05494511	-69.89647930
13.06227112	-79.50694210
13.06959713	-88.78536060
13.07692313	-76.85038789
13.08424914	-76.24589418
13.09157515	-76.77377318
13.09890115	-83.60864844
13.10622716	-74.08891545
13.11355317	-77.28376566
13.12087918	-75.94687741
13.12820518	-79.45100280
13.13553119	-85.69093543
13.14285720	-78.63295427
13.15018321	-73.27558183
13.15750921	-76.58748933
13.16483522	-80.96160642
13.17216123	-80.83882305
13.17948724	-71.50475686
13.18681324	-72.66645961
13.19413925	-76.54912667
13.20146526	-78.38260277
13.20879127	-71.30687306
13.21611727	-77.08348591
13.22344328	-77.38741684
13.23076929	-89.99396914
13.23809529	-75.53827450
13.24542130	-74.08036449
13.25274731	-75.84826586
13.26007332	-78.53399888
13.26739932	-88.02803147
13.27472533	-74.56115289
13.28205134	-80.74985190
13.28937735	-70.55978920
13.29670335	-76.68579941
13.30402936	-73.34477740
13.31135537	-73.80637512
13.31868138	-81.91512681
13.32600738	-88.37844970
13.33333339	-69.46830977
13.34065940	-77.67080913
13.34798540	-73.19375733
13.35531141	-72.23323209
13.36263742	-73.64424561
13.36996343	-87.20995415
13.37728943	-73.70045584
13.38461544	-83.67979955
13.39194145	-72.36812806
13.39926746	-76.45255038
13.40659346	-79.35819068
13.41391947	-81.04516864
13.42124548	-72.87775663
13.42857149	-72.43991931
13.43589749	-70.77865341
13.44322350	-83.28282130
13.45054951	-71.54708032
13.45787552	-81.82248869
13.46520152	-74.29935913
13.47252753	-74.30461878
13.47985354	-76.17682852
13.48717954	-74.83120346
13.49450555	-83.11524926
13.50183156	-71.77551294
13.50915757	-77.11413960
13.51648357	-83.12057379
13.52380958	-82.68396026
13.53113559	-74.19683980
13.53846160	-83.85050087
13.54578760	-80.98017909
13.55311361	-80.84675304
13.56043962	-79.78542136
13.56776563	-81.70105819
13.57509163	-80.05741798
13.58241764	-76.34553347
13.58974365	-81.28142864
13.59706965	-77.03585664
13.60439566	-83.44107149
13.61172167	-85.54474421
13.61904768	-84.57621971
13.62637368	-77.26648569
13.63369969	-75.63789253
13.64102570	-69.77348082
13.64835171	-74.27299490
13.65567771	-75.29123814
13.66300372	-73.49408632
13.67032973	-73.20383516
13.67765574	-78.51239401
13.68498174	-75.30311750
13.69230775	-74.20084213
13.69963376	-90.45813399
13.70695977	-79.03532733
13.71428577	-84.22456758
13.72161178	-78.00804758
13.72893779	-71.06872402
13.73626379	-71.44085785
13.74358980	-83.76435404
13.75091581	-79.20749288
13.75824182	-85.63608922
13.76556782	-70.84265471
13.77289383	-67.74592038
13.78021984	-73.48700105
13.78754585	-83.27552667
13.79487185	-79.21263805
13.80219786	-76.92603248
13.80952387	-71.91035091
13.81684988	-73.13026971
13.82417588	-74.65731767
13.83150189	-76.93650504
13.83882790	-76.32478489
13.84615391	-79.31844372
13.85347991	-72.03359715
13.86080592	-75.64878110
13.86813193	-77.64689321
13.87545793	-77.39842315
13.88278394	-72.16102623
13.89010995	-71.39529065
13.89743596	-84.36206987
13.90476196	-84.90736716
13.91208797	-73.76790408
13.91941398	-73.32930293
13.92673999	-73.58699959
13.93406599	-71.17637940
13.94139200	-76.41735051
13.94871801	-68.55731512
13.95604402	-74.90777784
13.96337002	-77.00529363
13.97069603	-82.47387848
13.97802204	-82.94102664
13.98534804	-72.19742262
13.99267405	-99.63343103
14.00000006	-78.24262804
14.00732607	-72.28669088
14.01465207	-84.68888040
14.02197808	-72.16888319
14.02930409	-77.26550648
14.03663010	-74.46723551
14.04395610	-71.50030364
14.05128211	-80.16774067
14.05860812	-78.22039148
14.06593413	-71.53516338
14.07326013	-70.45229510
14.08058614	-79.73982654
14.08791215	-81.29594384
14.09523816	-71.90243090
14.10256416	-87.57764428
14.10989017	-74.08096414
14.11721618	-78.38901232
14.12454218	-69.67083670
14.13186819	-74.99560208
14.13919420	-74.76589701
14.14652021	-80.77008133
14.15384621	-77.64698415
14.16117222	-79.20318243
14.16849823	-85.82783411
14.17582424	-79.58904867
14.18315024	-69.97646730
14.19047625	-75.10802015
14.19780226	-75.52524871
14.20512827	-83.76947278
14.21245427	-79.84085163
14.21978028	-83.39485790
14.22710629	-97.44512449
14.23443230	-82.79801784
14.24175830	-72.47453788
14.24908431	-74.56668776
14.25641032	-93.68180738
14.26373632	-78.18567790
14.27106233	-72.93537814
14.27838834	-79.75871019
14.28571435	-71.68871981
14.29304035	-77.15668227
14.30036636	-76.12867570
14.30769237	-77.99550121
14.31501838	-80.20067493
14.32234438	-73.00472987
14.32967039	-75.13362270
14.33699640	-78.51040404
14.34432241	-80.60875908
14.35164841	-86.61202217
14.35897442	-76.71114803
14.36630043	-71.50086376
14.37362643	-69.58644366
14.38095244	-75.78300635
14.38827845	-70.48105812
14.39560446	-71.82982709
14.40293046	-79.17631432
14.41025647	-82.90945346
14.41758248	-74.97895769
14.42490849	-78.15408261
14.43223449	-76.34052528
14.43956050	-80.59562641
14.44688651	-78.82785685
14.45421252	-75.25051345
14.46153852	-84.16166826
14.46886453	-74.79127130
14.47619054	-85.24244114
14.48351655	-73.20468348
14.49084255	-69.93718010
14.49816856	-79.44925472
14.50549457	-74.31230789
14.51282057	-77.15134116
14.52014658	-68.08772243
14.52747259	-76.30467567
14.53479860	-72.41068308
14.54212460	-85.89869630
14.54945061	-76.64614260
14.55677662	-73.02496676
14.56410263	-82.02373626
14.57142863	-79.14114091
14.57875464	-81.14148456
14.58608065	-78.11499014
14.59340666	-79.11787668
14.60073266	-75.40977465
14.60805867	-76.48588522
14.61538468	-77.50061100
14.62271068	-69.29012327
14.63003669	-69.54432912
14.63736270	-69.74665820
14.64468871	-73.06815581
14.65201471	-84.06228744
14.65934072	-74.43658256
14.66666673	-72.15545627
14.67399274	-75.76916259
14.68131874	-77.32341015
14.68864475	-83.44966116
14.69597076	-76.66155735
14.70329677	-70.75140611
14.71062277	-73.38027966
14.71794878	-78.89277272
14.72527479	-73.84305350
14.73260080	-81.84639485
14.73992680	-78.16541778
14.74725281	-88.04051138
14.75457882	-79.13972877
14.76190482	-80.84356989
14.76923083	-76.33237649
14.77655684	-75.62638954
14.78388285	-87.27259690
14.79120885	-78.95132486
14.79853486	-73.03415272
14.80586087	-79.03669682
14.81318688	-75.92013890
14.82051288	-79.37475642
14.82783889	-73.38808868
14.83516490	-73.47718061
14.84249091	-84.75073261
14.84981691	-74.28850093
14.85714292	-73.16192902
14.86446893	-79.20992801
14.87179494	-75.17624039
14.87912094	-70.83245609
14.88644695	-74.13554809
14.89377296	-75.88681129
14.90109896	-73.95965716
14.90842497	-76.56249976
14.91575098	-73.07325797
14.92307699	-75.81137219
14.93040299	-86.95378856
14.93772900	-85.11718559
14.94505501	-78.63481479
14.95238102	-77.01381136
14.95970702	-81.70706602
14.96703303	-92.68860899
14.97435904	-75.79561235
14.98168505	-84.29553916
14.98901105	-80.69725382
14.99633706	-81.54240102
