# Menlo Systems GmbH ScanControl
# Program Version 1.3.3
# Start: -327.00000000 ps, Average over 1 waveforms. Timestamp: 2026-05-07T11:35:16
# User time axis shift: 0 ps
# Time [ps]	THz Signal [a.u.]
-326.90000000	0.00092985
-326.86666666	0.00109740
-326.83333333	0.00097817
-326.80000000	0.00329950
-326.76666666	-0.00045716
-326.73333333	-0.00083669
-326.70000000	0.00080415
-326.66666666	0.00000660
-326.63333333	-0.00122317
-326.60000000	0.00069227
-326.56666666	0.00145150
-326.53333333	-0.00054536
-326.50000000	-0.00105999
-326.46666666	0.00137850
-326.43333333	0.00021916
-326.40000000	0.00062448
-326.36666666	-0.00058419
-326.33333333	0.00054026
-326.30000000	0.00062084
-326.26666666	-0.00241803
-326.23333333	-0.00265929
-326.20000000	-0.00013682
-326.16666666	0.00141437
-326.13333333	-0.00026899
-326.10000000	-0.00179129
-326.06666667	-0.00060316
-326.03333333	-0.00158656
-326.00000000	-0.00109251
-325.96666667	0.00027196
-325.93333333	0.00093422
-325.90000000	-0.00048390
-325.86666667	0.00116626
-325.83333333	-0.00236504
-325.80000000	-0.00114856
-325.76666667	-0.00099342
-325.73333333	0.00084746
-325.70000000	0.00310871
-325.66666667	-0.00094218
-325.63333333	-0.00093241
-325.60000000	-0.00156989
-325.56666667	-0.00241277
-325.53333333	-0.00051305
-325.50000000	-0.00219216
-325.46666667	-0.00099901
-325.43333333	-0.00243580
-325.40000000	-0.00043683
-325.36666667	0.00034248
-325.33333334	0.00131838
-325.30000000	-0.00090291
-325.26666667	-0.00154476
-325.23333334	0.00134213
-325.20000000	-0.00060571
-325.16666667	-0.00217424
-325.13333334	0.00049677
-325.10000000	0.00107234
-325.06666667	0.00188049
-325.03333334	0.00146579
-325.00000000	0.00055652
-324.96666667	0.00405728
-324.93333334	0.00274222
-324.90000000	-0.00083303
-324.86666667	-0.00002984
-324.83333334	0.00042716
-324.80000000	0.00129153
-324.76666667	0.00228508
-324.73333334	0.00205115
-324.70000000	0.00082738
-324.66666667	-0.00028099
-324.63333334	0.00015342
-324.60000000	0.00045234
-324.56666667	-0.00031676
-324.53333334	-0.00118375
-324.50000001	0.00204505
-324.46666667	0.00005445
-324.43333334	0.00164354
-324.40000001	0.00173923
-324.36666667	-0.00017515
-324.33333334	0.00188855
-324.30000001	0.00073964
-324.26666667	-0.00196337
-324.23333334	0.00186169
-324.20000001	0.00043503
-324.16666667	-0.00202105
-324.13333334	-0.00074829
-324.10000001	0.00079058
-324.06666667	0.00093212
-324.03333334	0.00133092
-324.00000001	0.00110748
-323.96666667	-0.00039469
-323.93333334	-0.00061674
-323.90000001	-0.00002949
-323.86666667	0.00018878
-323.83333334	-0.00000633
-323.80000001	0.00084505
-323.76666668	-0.00073452
-323.73333334	-0.00040363
-323.70000001	0.00061256
-323.66666668	0.00072198
-323.63333334	-0.00118752
-323.60000001	-0.00136850
-323.56666668	0.00019141
-323.53333334	-0.00155600
-323.50000001	0.00027982
-323.46666668	-0.00146972
-323.43333334	-0.00052324
-323.40000001	-0.00197005
-323.36666668	0.00161139
-323.33333334	0.00187711
-323.30000001	0.00034956
-323.26666668	0.00109860
-323.23333334	0.00030846
-323.20000001	-0.00085176
-323.16666668	-0.00259882
-323.13333334	-0.00086933
-323.10000001	-0.00092406
-323.06666668	-0.00360050
-323.03333334	-0.00326632
-323.00000001	-0.00182493
-322.96666668	0.00070889
-322.93333335	-0.00013485
-322.90000001	-0.00032654
-322.86666668	-0.00116363
-322.83333335	-0.00026260
-322.80000001	-0.00071575
-322.76666668	0.00398733
-322.73333335	0.00010521
-322.70000001	-0.00124814
-322.66666668	0.00095556
-322.63333335	-0.00169987
-322.60000001	0.00102478
-322.56666668	0.00102303
-322.53333335	0.00157739
-322.50000001	0.00203516
-322.46666668	-0.00079018
-322.43333335	-0.00170601
-322.40000001	-0.00204517
-322.36666668	-0.00072487
-322.33333335	0.00081575
-322.30000001	0.00082086
-322.26666668	-0.00043939
-322.23333335	-0.00052472
-322.20000002	-0.00234895
-322.16666668	0.00099607
-322.13333335	0.00166821
-322.10000002	0.00055606
-322.06666668	0.00015612
-322.03333335	-0.00034763
-322.00000002	0.00121216
-321.96666668	0.00255686
-321.93333335	0.00012591
-321.90000002	-0.00005814
-321.86666668	0.00028507
-321.83333335	0.00185223
-321.80000002	0.00231153
-321.76666668	0.00108434
-321.73333335	-0.00068678
-321.70000002	0.00183165
-321.66666668	0.00052912
-321.63333335	0.00093063
-321.60000002	-0.00085536
-321.56666668	-0.00363934
-321.53333335	-0.00052608
-321.50000002	0.00181458
-321.46666668	0.00065807
-321.43333335	-0.00031437
-321.40000002	0.00107273
-321.36666669	0.00082036
-321.33333335	-0.00155789
-321.30000002	0.00167439
-321.26666669	0.00028365
-321.23333335	0.00264927
-321.20000002	-0.00000923
-321.16666669	-0.00234827
-321.13333335	-0.00003858
-321.10000002	-0.00148577
-321.06666669	-0.00086569
-321.03333335	0.00063610
-321.00000002	0.00189535
-320.96666669	0.00061392
-320.93333335	-0.00055265
-320.90000002	-0.00193712
-320.86666669	-0.00162639
-320.83333335	0.00014896
-320.80000002	-0.00103427
-320.76666669	0.00253413
-320.73333335	-0.00022661
-320.70000002	-0.00125931
-320.66666669	-0.00079784
-320.63333336	-0.00191354
-320.60000002	-0.00094367
-320.56666669	0.00005733
-320.53333336	-0.00098196
-320.50000002	-0.00115594
-320.46666669	-0.00199646
-320.43333336	-0.00114942
-320.40000002	0.00228800
-320.36666669	0.00036818
-320.33333336	-0.00171589
-320.30000002	0.00015725
-320.26666669	-0.00015745
-320.23333336	-0.00167799
-320.20000002	0.00139875
-320.16666669	0.00103124
-320.13333336	0.00150669
-320.10000002	0.00038803
-320.06666669	-0.00147680
-320.03333336	0.00032908
-320.00000002	0.00078422
-319.96666669	-0.00087473
-319.93333336	-0.00214148
-319.90000002	0.00030188
-319.86666669	-0.00282364
-319.83333336	-0.00083725
-319.80000003	-0.00148251
-319.76666669	0.00034442
-319.73333336	0.00027565
-319.70000003	0.00178040
-319.66666669	0.00116282
-319.63333336	-0.00072507
-319.60000003	-0.00043814
-319.56666669	-0.00038139
-319.53333336	0.00223752
-319.50000003	0.00080346
-319.46666669	-0.00195405
-319.43333336	-0.00100050
-319.40000003	-0.00053554
-319.36666669	0.00388871
-319.33333336	0.00022643
-319.30000003	0.00138984
-319.26666669	-0.00010432
-319.23333336	-0.00020454
-319.20000003	0.00061227
-319.16666669	0.00203886
-319.13333336	0.00005841
-319.10000003	0.00090318
-319.06666670	0.00148831
-319.03333336	0.00133490
-319.00000003	0.00157143
-318.96666670	0.00119459
-318.93333336	-0.00049491
-318.90000003	-0.00187480
-318.86666670	-0.00013318
-318.83333336	0.00234330
-318.80000003	0.00205844
-318.76666670	0.00317469
-318.73333336	0.00222782
-318.70000003	-0.00093137
-318.66666670	0.00028316
-318.63333336	-0.00071936
-318.60000003	-0.00257606
-318.56666670	0.00054088
-318.53333336	-0.00319836
-318.50000003	-0.00118343
-318.46666670	0.00065704
-318.43333336	-0.00171472
-318.40000003	-0.00150632
-318.36666670	-0.00155980
-318.33333336	-0.00184315
-318.30000003	0.00047103
-318.26666670	0.00087196
-318.23333337	-0.00011967
-318.20000003	0.00001770
-318.16666670	-0.00141919
-318.13333337	0.00289044
-318.10000003	-0.00037587
-318.06666670	-0.00089035
-318.03333337	-0.00283417
-318.00000003	-0.00241098
-317.96666670	0.00224884
-317.93333337	-0.00078663
-317.90000003	0.00076519
-317.86666670	-0.00158820
-317.83333337	-0.00161502
-317.80000003	-0.00035789
-317.76666670	-0.00054826
-317.73333337	0.00155006
-317.70000003	-0.00174873
-317.66666670	0.00162577
-317.63333337	0.00145052
-317.60000003	-0.00101035
-317.56666670	-0.00008870
-317.53333337	-0.00002028
-317.50000004	-0.00032655
-317.46666670	0.00111864
-317.43333337	-0.00158294
-317.40000004	-0.00040993
-317.36666670	0.00051792
-317.33333337	-0.00006397
-317.30000004	-0.00171503
-317.26666670	-0.00024298
-317.23333337	0.00000045
-317.20000004	0.00331123
-317.16666670	-0.00077408
-317.13333337	-0.00027727
-317.10000004	0.00261419
-317.06666670	-0.00192659
-317.03333337	-0.00034631
-317.00000004	0.00273825
-316.96666670	-0.00007594
-316.93333337	-0.00025076
-316.90000004	0.00011256
-316.86666670	-0.00079802
-316.83333337	-0.00116803
-316.80000004	0.00028079
-316.76666670	0.00125670
-316.73333337	0.00138014
-316.70000004	-0.00050935
-316.66666671	0.00100758
-316.63333337	-0.00089691
-316.60000004	-0.00032325
-316.56666671	0.00065335
-316.53333337	0.00083109
-316.50000004	-0.00172567
-316.46666671	0.00129649
-316.43333337	-0.00076099
-316.40000004	-0.00351721
-316.36666671	-0.00185017
-316.33333337	-0.00098537
-316.30000004	-0.00234926
-316.26666671	-0.00196041
-316.23333337	-0.00195290
-316.20000004	-0.00184118
-316.16666671	-0.00090023
-316.13333337	-0.00310296
-316.10000004	-0.00067630
-316.06666671	0.00076266
-316.03333337	0.00136250
-316.00000004	0.00314374
-315.96666671	-0.00100660
-315.93333338	-0.00016172
-315.90000004	-0.00249559
-315.86666671	0.00164153
-315.83333338	-0.00090800
-315.80000004	-0.00144960
-315.76666671	-0.00001099
-315.73333338	-0.00011196
-315.70000004	0.00037173
-315.66666671	-0.00162559
-315.63333338	-0.00389894
-315.60000004	0.00101450
-315.56666671	-0.00231423
-315.53333338	-0.00299981
-315.50000004	0.00153842
-315.46666671	-0.00177407
-315.43333338	-0.00022789
-315.40000004	-0.00125390
-315.36666671	-0.00055269
-315.33333338	0.00254949
-315.30000004	0.00101994
-315.26666671	-0.00089726
-315.23333338	0.00197270
-315.20000004	-0.00078712
-315.16666671	-0.00050702
-315.13333338	-0.00282978
-315.10000005	-0.00040020
-315.06666671	-0.00011565
-315.03333338	0.00099651
-315.00000005	0.00330670
-314.96666671	0.00191417
-314.93333338	0.00013349
-314.90000005	0.00189900
-314.86666671	-0.00066246
-314.83333338	-0.00078659
-314.80000005	-0.00306705
-314.76666671	-0.00014221
-314.73333338	-0.00004799
-314.70000005	0.00003420
-314.66666671	0.00113435
-314.63333338	-0.00118333
-314.60000005	-0.00075360
-314.56666671	-0.00190415
-314.53333338	-0.00236942
-314.50000005	-0.00190874
-314.46666671	0.00163494
-314.43333338	-0.00220821
-314.40000005	-0.00070823
-314.36666672	0.00137899
-314.33333338	-0.00122355
-314.30000005	-0.00067256
-314.26666672	-0.00138441
-314.23333338	0.00053590
-314.20000005	-0.00143047
-314.16666672	-0.00124063
-314.13333338	-0.00140519
-314.10000005	-0.00091318
-314.06666672	-0.00120320
-314.03333338	0.00028756
-314.00000005	-0.00070220
-313.96666672	0.00000219
-313.93333338	-0.00004082
-313.90000005	-0.00171044
-313.86666672	0.00139755
-313.83333338	0.00333692
-313.80000005	0.00262660
-313.76666672	0.00109347
-313.73333338	0.00258038
-313.70000005	-0.00012226
-313.66666672	-0.00085838
-313.63333338	-0.00114813
-313.60000005	-0.00023713
-313.56666672	-0.00203527
-313.53333339	-0.00058495
-313.50000005	-0.00035663
-313.46666672	0.00025196
-313.43333339	-0.00049456
-313.40000005	0.00244226
-313.36666672	-0.00100660
-313.33333339	-0.00074956
-313.30000005	-0.00148491
-313.26666672	0.00053859
-313.23333339	0.00167549
-313.20000005	-0.00292101
-313.16666672	-0.00216172
-313.13333339	-0.00108736
-313.10000005	-0.00284805
-313.06666672	-0.00017839
-313.03333339	-0.00202596
-313.00000005	0.00016311
-312.96666672	-0.00120124
-312.93333339	-0.00164459
-312.90000005	-0.00154310
-312.86666672	0.00008427
-312.83333339	-0.00014167
-312.80000006	-0.00307731
-312.76666672	-0.00004693
-312.73333339	0.00017512
-312.70000006	-0.00219787
-312.66666672	0.00007020
-312.63333339	-0.00050530
-312.60000006	-0.00133569
-312.56666672	-0.00051254
-312.53333339	-0.00286172
-312.50000006	-0.00138872
-312.46666672	-0.00114710
-312.43333339	-0.00065110
-312.40000006	0.00078170
-312.36666672	-0.00349451
-312.33333339	-0.00414375
-312.30000006	-0.00116249
-312.26666672	-0.00014456
-312.23333339	-0.00231574
-312.20000006	-0.00375065
-312.16666672	0.00080909
-312.13333339	0.00115309
-312.10000006	-0.00231554
-312.06666672	-0.00191713
-312.03333339	-0.00067537
-312.00000006	-0.00110170
-311.96666673	-0.00258479
-311.93333339	-0.00097670
-311.90000006	0.00029732
-311.86666673	-0.00318717
-311.83333339	0.00149648
-311.80000006	-0.00190977
-311.76666673	0.00052576
-311.73333339	-0.00131223
-311.70000006	-0.00147253
-311.66666673	0.00102021
-311.63333339	-0.00171565
-311.60000006	0.00079549
-311.56666673	0.00012042
-311.53333339	0.00139750
-311.50000006	0.00169303
-311.46666673	0.00055044
-311.43333339	0.00046361
-311.40000006	-0.00004998
-311.36666673	0.00244779
-311.33333339	0.00156338
-311.30000006	0.00118157
-311.26666673	0.00178753
-311.23333340	-0.00073245
-311.20000006	-0.00087281
-311.16666673	0.00106973
-311.13333340	0.00109142
-311.10000006	-0.00001826
-311.06666673	0.00082150
-311.03333340	-0.00023343
-311.00000006	0.00220563
-310.96666673	0.00327901
-310.93333340	0.00501380
-310.90000006	0.00301615
-310.86666673	0.00045248
-310.83333340	-0.00151476
-310.80000006	0.00220401
-310.76666673	0.00140441
-310.73333340	-0.00158869
-310.70000006	-0.00167598
-310.66666673	0.00035335
-310.63333340	-0.00056532
-310.60000006	-0.00009924
-310.56666673	0.00275145
-310.53333340	0.00230894
-310.50000006	0.00414577
-310.46666673	0.00091135
-310.43333340	0.00179861
-310.40000007	0.00047417
-310.36666673	0.00200868
-310.33333340	0.00232738
-310.30000007	-0.00028177
-310.26666673	0.00456864
-310.23333340	0.00028634
-310.20000007	-0.00243573
-310.16666673	-0.00060935
-310.13333340	0.00075308
-310.10000007	0.00117635
-310.06666673	0.00035237
-310.03333340	-0.00000286
-310.00000007	0.00297646
-309.96666673	0.00169550
-309.93333340	0.00141050
-309.90000007	0.00172868
-309.86666673	0.00280230
-309.83333340	-0.00027431
-309.80000007	0.00321512
-309.76666673	0.00315433
-309.73333340	0.00365778
-309.70000007	0.00334469
-309.66666674	0.00454206
-309.63333340	0.00414827
-309.60000007	0.00272204
-309.56666674	0.00257006
-309.53333340	0.00332354
-309.50000007	0.00201475
-309.46666674	0.00534183
-309.43333340	0.00267380
-309.40000007	0.00247770
-309.36666674	0.00347424
-309.33333340	0.00181753
-309.30000007	0.00421886
-309.26666674	0.00401247
-309.23333340	0.00186740
-309.20000007	-0.00072390
-309.16666674	-0.00000365
-309.13333340	0.00197504
-309.10000007	0.00044989
-309.06666674	0.00223292
-309.03333340	0.00149008
-309.00000007	0.00306746
-308.96666674	0.00367904
-308.93333340	0.00334866
-308.90000007	0.00092636
-308.86666674	0.00191274
-308.83333341	0.00299285
-308.80000007	0.00107139
-308.76666674	0.00156485
-308.73333341	0.00159780
-308.70000007	0.00291728
-308.66666674	0.00086532
-308.63333341	0.00221562
-308.60000007	0.00493764
-308.56666674	0.00341447
-308.53333341	0.00495083
-308.50000007	0.00234956
-308.46666674	0.00383083
-308.43333341	0.00263793
-308.40000007	0.00276849
-308.36666674	0.00363994
-308.33333341	0.00275149
-308.30000007	0.00506772
-308.26666674	0.00110529
-308.23333341	0.00237878
-308.20000007	0.00566969
-308.16666674	0.00340425
-308.13333341	0.00437518
-308.10000008	0.00103350
-308.06666674	0.00143264
-308.03333341	0.00559369
-308.00000008	0.00418506
-307.96666674	0.00230565
-307.93333341	0.00108958
-307.90000008	0.00198460
-307.86666674	0.00246201
-307.83333341	0.00276761
-307.80000008	-0.00011027
-307.76666674	0.00186137
-307.73333341	0.00035726
-307.70000008	0.00161965
-307.66666674	0.00139316
-307.63333341	0.00148736
-307.60000008	0.00202285
-307.56666674	0.00244447
-307.53333341	0.00037541
-307.50000008	-0.00038328
-307.46666674	0.00139535
-307.43333341	0.00122303
-307.40000008	0.00280515
-307.36666674	-0.00185535
-307.33333341	-0.00076786
-307.30000008	0.00115657
-307.26666675	0.00116509
-307.23333341	0.00016279
-307.20000008	0.00197289
-307.16666675	0.00009234
-307.13333341	0.00104857
-307.10000008	0.00105421
-307.06666675	-0.00156392
-307.03333341	0.00003722
-307.00000008	-0.00101420
-306.96666675	0.00121145
-306.93333341	0.00127435
-306.90000008	0.00065950
-306.86666675	0.00346853
-306.83333341	0.00278575
-306.80000008	0.00186296
-306.76666675	-0.00084957
-306.73333341	0.00234887
-306.70000008	0.00155547
-306.66666675	0.00400795
-306.63333341	0.00201781
-306.60000008	0.00229595
-306.56666675	0.00171958
-306.53333342	0.00252383
-306.50000008	0.00020092
-306.46666675	-0.00091323
-306.43333342	-0.00029435
-306.40000008	0.00003265
-306.36666675	0.00164598
-306.33333342	0.00036207
-306.30000008	0.00215540
-306.26666675	0.00114418
-306.23333342	0.00044281
-306.20000008	0.00026171
-306.16666675	0.00124971
-306.13333342	0.00152032
-306.10000008	0.00024902
-306.06666675	-0.00170222
-306.03333342	0.00032049
-306.00000008	0.00012468
-305.96666675	0.00016584
-305.93333342	-0.00154756
-305.90000008	-0.00303281
-305.86666675	-0.00278420
-305.83333342	-0.00195891
-305.80000008	-0.00209853
-305.76666675	0.00020405
-305.73333342	-0.00124257
-305.70000009	-0.00185910
-305.66666675	-0.00013622
-305.63333342	-0.00480073
-305.60000009	-0.00158639
-305.56666675	0.00185561
-305.53333342	-0.00240034
-305.50000009	-0.00204646
-305.46666675	-0.00149577
-305.43333342	-0.00242986
-305.40000009	-0.00131188
-305.36666675	-0.00038570
-305.33333342	-0.00319781
-305.30000009	-0.00146403
-305.26666675	0.00007439
-305.23333342	-0.00050309
-305.20000009	-0.00300691
-305.16666675	-0.00400622
-305.13333342	-0.00224687
-305.10000009	-0.00139009
-305.06666675	-0.00024923
-305.03333342	-0.00218794
-305.00000009	0.00165309
-304.96666676	-0.00316416
-304.93333342	-0.00140752
-304.90000009	-0.00076673
-304.86666676	0.00105011
-304.83333342	0.00227429
-304.80000009	-0.00082513
-304.76666676	-0.00428037
-304.73333342	-0.00176990
-304.70000009	-0.00241787
-304.66666676	0.00075673
-304.63333342	-0.00173327
-304.60000009	-0.00133532
-304.56666676	-0.00064879
-304.53333342	-0.00201450
-304.50000009	-0.00190804
-304.46666676	0.00093871
-304.43333342	-0.00098459
-304.40000009	0.00123405
-304.36666676	0.00037446
-304.33333342	-0.00274952
-304.30000009	-0.00013840
-304.26666676	-0.00039562
-304.23333342	-0.00314682
-304.20000009	0.00005540
-304.16666676	-0.00058633
-304.13333343	-0.00052563
-304.10000009	0.00021537
-304.06666676	0.00013936
-304.03333343	-0.00197895
-304.00000009	0.00063426
-303.96666676	0.00052930
-303.93333343	0.00085651
-303.90000009	0.00067968
-303.86666676	0.00090386
-303.83333343	0.00133702
-303.80000009	-0.00029762
-303.76666676	-0.00183972
-303.73333343	0.00110510
-303.70000009	0.00150277
-303.66666676	0.00187304
-303.63333343	0.00269306
-303.60000009	0.00184817
-303.56666676	-0.00047802
-303.53333343	-0.00005327
-303.50000009	0.00067127
-303.46666676	0.00114648
-303.43333343	0.00181644
-303.40000010	0.00012470
-303.36666676	0.00135279
-303.33333343	0.00007838
-303.30000010	-0.00166457
-303.26666676	0.00033301
-303.23333343	-0.00011114
-303.20000010	0.00117620
-303.16666676	0.00111696
-303.13333343	-0.00210012
-303.10000010	-0.00177178
-303.06666676	-0.00140661
-303.03333343	0.00158207
-303.00000010	0.00106129
-302.96666676	-0.00203498
-302.93333343	-0.00033003
-302.90000010	-0.00165324
-302.86666676	-0.00019172
-302.83333343	0.00019281
-302.80000010	-0.00148326
-302.76666676	0.00102685
-302.73333343	-0.00213581
-302.70000010	-0.00087044
-302.66666676	-0.00074350
-302.63333343	-0.00235914
-302.60000010	-0.00136549
-302.56666677	-0.00051930
-302.53333343	-0.00188995
-302.50000010	-0.00339399
-302.46666677	-0.00160679
-302.43333343	-0.00066442
-302.40000010	-0.00370978
-302.36666677	-0.00066003
-302.33333343	0.00013583
-302.30000010	-0.00019461
-302.26666677	-0.00011972
-302.23333343	-0.00290730
-302.20000010	0.00078881
-302.16666677	-0.00065861
-302.13333343	0.00247026
-302.10000010	-0.00019759
-302.06666677	-0.00059380
-302.03333343	-0.00044486
-302.00000010	0.00094689
-301.96666677	-0.00221899
-301.93333343	-0.00162799
-301.90000010	-0.00124189
-301.86666677	-0.00092806
-301.83333344	-0.00063055
-301.80000010	0.00006617
-301.76666677	-0.00115025
-301.73333344	-0.00090822
-301.70000010	-0.00002153
-301.66666677	-0.00057853
-301.63333344	-0.00000736
-301.60000010	0.00224160
-301.56666677	0.00242012
-301.53333344	-0.00107428
-301.50000010	-0.00228345
-301.46666677	0.00111399
-301.43333344	-0.00332276
-301.40000010	0.00101476
-301.36666677	-0.00451000
-301.33333344	-0.00052380
-301.30000010	-0.00275276
-301.26666677	0.00026636
-301.23333344	0.00133257
-301.20000010	0.00023975
-301.16666677	-0.00311298
-301.13333344	-0.00337907
-301.10000010	0.00039190
-301.06666677	0.00028367
-301.03333344	0.00188275
-301.00000011	0.00249177
-300.96666677	0.00118496
-300.93333344	0.00101625
-300.90000011	0.00072320
-300.86666677	-0.00031373
-300.83333344	0.00016387
-300.80000011	0.00150044
-300.76666677	0.00014200
-300.73333344	-0.00069625
-300.70000011	0.00410439
-300.66666677	0.00428554
-300.63333344	0.00268912
-300.60000011	0.00045333
-300.56666677	0.00107794
-300.53333344	0.00134031
-300.50000011	0.00091585
-300.46666677	0.00174571
-300.43333344	0.00073480
-300.40000011	0.00253927
-300.36666677	0.00165772
-300.33333344	0.00428905
-300.30000011	0.00137363
-300.26666678	0.00283277
-300.23333344	0.00382976
-300.20000011	0.00445342
-300.16666678	0.00357441
-300.13333344	0.00445508
-300.10000011	0.00277291
-300.06666678	0.00110826
-300.03333344	0.00417174
-300.00000011	0.00277258
-299.96666678	0.00554797
-299.93333344	0.00669244
-299.90000011	0.00605616
-299.86666678	0.00638023
-299.83333344	0.00583096
-299.80000011	0.00486898
-299.76666678	0.00478699
-299.73333344	0.00416933
-299.70000011	0.00350898
-299.66666678	0.00290689
-299.63333344	0.00434033
-299.60000011	0.00058353
-299.56666678	0.00052579
-299.53333344	0.00082960
-299.50000011	0.00248119
-299.46666678	0.00362905
-299.43333345	0.00500074
-299.40000011	0.00160124
-299.36666678	0.00346696
-299.33333345	0.00380708
-299.30000011	0.00222551
-299.26666678	0.00231368
-299.23333345	0.00462595
-299.20000011	0.00229159
-299.16666678	0.00348627
-299.13333345	0.00371491
-299.10000011	0.00317373
-299.06666678	0.00460345
-299.03333345	0.00431544
-299.00000011	0.00387805
-298.96666678	0.00230796
-298.93333345	0.00257876
-298.90000011	0.00525647
-298.86666678	0.00545582
-298.83333345	0.00335458
-298.80000011	0.00448613
-298.76666678	0.00873940
-298.73333345	0.00388433
-298.70000012	0.00685016
-298.66666678	0.00352121
-298.63333345	0.00421011
-298.60000012	0.00569955
-298.56666678	0.00314303
-298.53333345	0.00323931
-298.50000012	0.00424286
-298.46666678	0.00183643
-298.43333345	0.00047586
-298.40000012	0.00213553
-298.36666678	0.00141962
-298.33333345	0.00294031
-298.30000012	0.00502759
-298.26666678	0.00095544
-298.23333345	0.00083343
-298.20000012	0.00196497
-298.16666678	0.00162888
-298.13333345	0.00324351
-298.10000012	0.00438107
-298.06666678	0.00062528
-298.03333345	-0.00001648
-298.00000012	0.00031544
-297.96666678	0.00125072
-297.93333345	0.00085699
-297.90000012	0.00061462
-297.86666679	-0.00161655
-297.83333345	-0.00211532
-297.80000012	-0.00195184
-297.76666679	-0.00209858
-297.73333345	-0.00101497
-297.70000012	0.00020791
-297.66666679	-0.00134875
-297.63333345	-0.00201811
-297.60000012	-0.00245542
-297.56666679	-0.00243557
-297.53333345	-0.00164590
-297.50000012	-0.00517172
-297.46666679	-0.00428622
-297.43333345	-0.00572389
-297.40000012	-0.00352448
-297.36666679	-0.00379180
-297.33333345	-0.00188285
-297.30000012	-0.00442594
-297.26666679	-0.00258710
-297.23333345	-0.00206501
-297.20000012	-0.00275523
-297.16666679	-0.00194156
-297.13333346	-0.00357101
-297.10000012	-0.00279710
-297.06666679	-0.00200864
-297.03333346	-0.00511043
-297.00000012	-0.00510204
-296.96666679	-0.00340076
-296.93333346	-0.00367331
-296.90000012	-0.00287242
-296.86666679	-0.00427651
-296.83333346	-0.00154470
-296.80000012	-0.00145021
-296.76666679	-0.00140301
-296.73333346	-0.00220757
-296.70000012	-0.00088284
-296.66666679	-0.00224908
-296.63333346	-0.00318879
-296.60000012	-0.00064182
-296.56666679	-0.00350671
-296.53333346	-0.00125641
-296.50000012	-0.00171277
-296.46666679	-0.00277330
-296.43333346	-0.00221078
-296.40000012	-0.00041163
-296.36666679	-0.00114181
-296.33333346	0.00052501
-296.30000013	0.00015407
-296.26666679	-0.00233986
-296.23333346	-0.00034939
-296.20000013	0.00098336
-296.16666679	0.00296005
-296.13333346	-0.00060177
-296.10000013	-0.00026059
-296.06666679	0.00166456
-296.03333346	0.00333279
-296.00000013	-0.00112798
-295.96666679	0.00067436
-295.93333346	0.00301632
-295.90000013	0.00053577
-295.86666679	-0.00114474
-295.83333346	0.00102696
-295.80000013	0.00316026
-295.76666679	0.00195269
-295.73333346	0.00213933
-295.70000013	0.00430391
-295.66666679	0.00293351
-295.63333346	0.00367749
-295.60000013	0.00214790
-295.56666680	0.00405310
-295.53333346	0.00226689
-295.50000013	0.00330071
-295.46666680	0.00310787
-295.43333346	0.00291519
-295.40000013	0.00228885
-295.36666680	0.00205160
-295.33333346	0.00204498
-295.30000013	0.00188912
-295.26666680	0.00242867
-295.23333346	0.00279152
-295.20000013	0.00425441
-295.16666680	0.00437536
-295.13333346	0.00197366
-295.10000013	0.00394799
-295.06666680	0.00498172
-295.03333346	0.00261580
-295.00000013	0.00505575
-294.96666680	0.00582108
-294.93333346	0.00501794
-294.90000013	0.00363960
-294.86666680	0.00333316
-294.83333346	0.00405537
-294.80000013	0.00598768
-294.76666680	0.00315322
-294.73333347	0.00181090
-294.70000013	0.00282342
-294.66666680	0.00424427
-294.63333347	0.00094319
-294.60000013	0.00372735
-294.56666680	0.00341646
-294.53333347	-0.00000044
-294.50000013	0.00218432
-294.46666680	0.00284304
-294.43333347	0.00305098
-294.40000013	0.00149535
-294.36666680	0.00211665
-294.33333347	0.00181896
-294.30000013	0.00305258
-294.26666680	0.00199694
-294.23333347	0.00169072
-294.20000013	0.00377595
-294.16666680	-0.00050982
-294.13333347	0.00073548
-294.10000013	0.00100003
-294.06666680	0.00053073
-294.03333347	0.00059909
-294.00000014	0.00003034
-293.96666680	-0.00006827
-293.93333347	-0.00153685
-293.90000014	-0.00131393
-293.86666680	0.00148929
-293.83333347	0.00119489
-293.80000014	0.00005729
-293.76666680	0.00178762
-293.73333347	0.00091053
-293.70000014	0.00012770
-293.66666680	-0.00236926
-293.63333347	0.00027648
-293.60000014	0.00206680
-293.56666680	-0.00184017
-293.53333347	-0.00142830
-293.50000014	-0.00171172
-293.46666680	-0.00186531
-293.43333347	-0.00082722
-293.40000014	0.00175837
-293.36666680	0.00091892
-293.33333347	0.00084287
-293.30000014	-0.00016528
-293.26666680	-0.00318412
-293.23333347	-0.00207382
-293.20000014	-0.00153489
-293.16666681	-0.00165303
-293.13333347	0.00054920
-293.10000014	-0.00229892
-293.06666681	-0.00013915
-293.03333347	-0.00141633
-293.00000014	-0.00058061
-292.96666681	-0.00210859
-292.93333347	-0.00028381
-292.90000014	-0.00177189
-292.86666681	-0.00225176
-292.83333347	-0.00302800
-292.80000014	-0.00068509
-292.76666681	-0.00250573
-292.73333347	-0.00151178
-292.70000014	0.00193171
-292.66666681	-0.00252902
-292.63333347	-0.00048848
-292.60000014	0.00099606
-292.56666681	0.00091386
-292.53333347	-0.00012905
-292.50000014	-0.00139950
-292.46666681	-0.00089234
-292.43333348	-0.00132276
-292.40000014	-0.00145156
-292.36666681	-0.00074075
-292.33333348	0.00024855
-292.30000014	0.00044340
-292.26666681	-0.00018766
-292.23333348	0.00004424
-292.20000014	-0.00098648
-292.16666681	-0.00114864
-292.13333348	-0.00128733
-292.10000014	-0.00364034
-292.06666681	-0.00189262
-292.03333348	-0.00299072
-292.00000014	0.00029218
-291.96666681	0.00028377
-291.93333348	-0.00092761
-291.90000014	-0.00019579
-291.86666681	0.00002655
-291.83333348	-0.00058744
-291.80000014	-0.00067908
-291.76666681	-0.00014924
-291.73333348	0.00175414
-291.70000014	0.00072871
-291.66666681	0.00098521
-291.63333348	0.00264557
-291.60000015	0.00042741
-291.56666681	0.00089672
-291.53333348	0.00101381
-291.50000015	0.00197954
-291.46666681	0.00069728
-291.43333348	0.00066170
-291.40000015	0.00164937
-291.36666681	0.00108172
-291.33333348	0.00155701
-291.30000015	0.00200361
-291.26666681	0.00418772
-291.23333348	0.00492582
-291.20000015	0.00274764
-291.16666681	0.00403613
-291.13333348	0.00420913
-291.10000015	0.00049456
-291.06666681	0.00286954
-291.03333348	0.00052331
-291.00000015	0.00096968
-290.96666681	0.00174468
-290.93333348	-0.00173964
-290.90000015	-0.00269467
-290.86666682	-0.00180954
-290.83333348	-0.00078806
-290.80000015	-0.00435356
-290.76666682	-0.00132057
-290.73333348	-0.00169270
-290.70000015	-0.00089883
-290.66666682	-0.00041284
-290.63333348	-0.00013460
-290.60000015	0.00287954
-290.56666682	0.00135348
-290.53333348	0.00195316
-290.50000015	0.00007183
-290.46666682	0.00222684
-290.43333348	0.00454194
-290.40000015	0.00167055
-290.36666682	0.00348283
-290.33333348	0.00416726
-290.30000015	0.00524402
-290.26666682	0.00269334
-290.23333348	0.00434026
-290.20000015	0.00611776
-290.16666682	0.00511780
-290.13333348	0.00823294
-290.10000015	0.00559938
-290.06666682	0.00606016
-290.03333349	0.00496237
-290.00000015	0.00670576
-289.96666682	0.00475871
-289.93333349	0.00600596
-289.90000015	0.00605581
-289.86666682	0.00730404
-289.83333349	0.00496568
-289.80000015	0.00565574
-289.76666682	0.00453209
-289.73333349	0.00605625
-289.70000015	0.00644692
-289.66666682	0.00554962
-289.63333349	0.00328462
-289.60000015	0.00259782
-289.56666682	0.00301291
-289.53333349	0.00229466
-289.50000015	-0.00002416
-289.46666682	-0.00164506
-289.43333349	-0.00194521
-289.40000015	-0.00253864
-289.36666682	-0.00516796
-289.33333349	-0.00308130
-289.30000016	-0.00300412
-289.26666682	-0.00157546
-289.23333349	-0.00324830
-289.20000016	-0.00112725
-289.16666682	-0.00040881
-289.13333349	-0.00022554
-289.10000016	0.00222463
-289.06666682	0.00070147
-289.03333349	0.00254695
-289.00000016	0.00288573
-288.96666682	0.00280570
-288.93333349	0.00542297
-288.90000016	0.00385138
-288.86666682	0.00733322
-288.83333349	0.00661468
-288.80000016	0.00497744
-288.76666682	0.00776310
-288.73333349	0.00736238
-288.70000016	0.00499446
-288.66666682	0.00559310
-288.63333349	0.00586980
-288.60000016	0.00661144
-288.56666682	0.00687427
-288.53333349	0.00734421
-288.50000016	0.00670395
-288.46666683	0.00612148
-288.43333349	0.00604165
-288.40000016	0.00678596
-288.36666683	0.00690233
-288.33333349	0.00650288
-288.30000016	0.00847459
-288.26666683	0.00738200
-288.23333349	0.00797542
-288.20000016	0.00739658
-288.16666683	0.00742445
-288.13333349	0.00807037
-288.10000016	0.00651291
-288.06666683	0.00941837
-288.03333349	0.00750759
-288.00000016	0.01097681
-287.96666683	0.00753564
-287.93333349	0.00704652
-287.90000016	0.00898119
-287.86666683	0.00931860
-287.83333349	0.00617706
-287.80000016	0.00614864
-287.76666683	0.00648607
-287.73333350	0.00500960
-287.70000016	0.00587083
-287.66666683	0.00590517
-287.63333350	0.00581868
-287.60000016	0.00591652
-287.56666683	0.00577322
-287.53333350	0.00538924
-287.50000016	0.01005269
-287.46666683	0.00726998
-287.43333350	0.00687187
-287.40000016	0.00718157
-287.36666683	0.00827553
-287.33333350	0.01099887
-287.30000016	0.00567780
-287.26666683	0.00746102
-287.23333350	0.00711676
-287.20000016	0.01019410
-287.16666683	0.00714975
-287.13333350	0.00712294
-287.10000016	0.00996666
-287.06666683	0.00503912
-287.03333350	0.00718566
-287.00000016	0.00838996
-286.96666683	0.00717441
-286.93333350	0.00525092
-286.90000017	0.01232808
-286.86666683	0.00801858
-286.83333350	0.00693504
-286.80000017	0.01042291
-286.76666683	0.01098683
-286.73333350	0.00990747
-286.70000017	0.00960907
-286.66666683	0.01052800
-286.63333350	0.00991089
-286.60000017	0.00831546
-286.56666683	0.00736111
-286.53333350	0.00782899
-286.50000017	0.00637518
-286.46666683	0.00715266
-286.43333350	0.00540729
-286.40000017	0.00770904
-286.36666683	0.00345127
-286.33333350	0.00552898
-286.30000017	0.00544013
-286.26666683	0.00353085
-286.23333350	0.00594239
-286.20000017	0.00490244
-286.16666684	0.00435621
-286.13333350	0.00926193
-286.10000017	0.00822148
-286.06666684	0.00996751
-286.03333350	0.01094854
-286.00000017	0.01478543
-285.96666684	0.01469229
-285.93333350	0.01519586
-285.90000017	0.01702155
-285.86666684	0.01880703
-285.83333350	0.02119629
-285.80000017	0.02007877
-285.76666684	0.02271447
-285.73333350	0.02384153
-285.70000017	0.02358923
-285.66666684	0.02514601
-285.63333350	0.02623033
-285.60000017	0.02863837
-285.56666684	0.02745959
-285.53333350	0.02951858
-285.50000017	0.03080789
-285.46666684	0.03198203
-285.43333350	0.03298983
-285.40000017	0.03367292
-285.36666684	0.03472399
-285.33333351	0.03864316
-285.30000017	0.03778584
-285.26666684	0.03904320
-285.23333351	0.04246368
-285.20000017	0.04685471
-285.16666684	0.04584238
-285.13333351	0.05146198
-285.10000017	0.05052523
-285.06666684	0.05639729
-285.03333351	0.05734384
-285.00000017	0.05852329
-284.96666684	0.06088637
-284.93333351	0.06506986
-284.90000017	0.06710228
-284.86666684	0.07197900
-284.83333351	0.07475237
-284.80000017	0.08107182
-284.76666684	0.08378352
-284.73333351	0.08765836
-284.70000017	0.09462697
-284.66666684	0.09893361
-284.63333351	0.10264381
-284.60000018	0.11157892
-284.56666684	0.11703843
-284.53333351	0.12382846
-284.50000018	0.13106298
-284.46666684	0.13782830
-284.43333351	0.14238854
-284.40000018	0.14821370
-284.36666684	0.15922049
-284.33333351	0.16668255
-284.30000018	0.17694069
-284.26666684	0.18361567
-284.23333351	0.19251852
-284.20000018	0.20156083
-284.16666684	0.21399782
-284.13333351	0.22472661
-284.10000018	0.23263981
-284.06666684	0.24858044
-284.03333351	0.25754802
-284.00000018	0.27005514
-283.96666684	0.28556703
-283.93333351	0.29210791
-283.90000018	0.30313614
-283.86666684	0.31329428
-283.83333351	0.32117381
-283.80000018	0.32686423
-283.76666685	0.33243167
-283.73333351	0.33215964
-283.70000018	0.33071799
-283.66666685	0.32094491
-283.63333351	0.30501452
-283.60000018	0.28501238
-283.56666685	0.24989861
-283.53333351	0.19914504
-283.50000018	0.13230153
-283.46666685	0.04031227
-283.43333351	-0.08318596
-283.40000018	-0.23519311
-283.36666685	-0.43028321
-283.33333351	-0.66508322
-283.30000018	-0.93996369
-283.26666685	-1.24661444
-283.23333351	-1.57471267
-283.20000018	-1.90867310
-283.16666685	-2.22609419
-283.13333351	-2.50186849
-283.10000018	-2.71809800
-283.06666685	-2.84961378
-283.03333352	-2.89173680
-283.00000018	-2.83196372
-282.96666685	-2.68051900
-282.93333352	-2.44342846
-282.90000018	-2.15065677
-282.86666685	-1.81718870
-282.83333352	-1.46494503
-282.80000018	-1.10355115
-282.76666685	-0.75702671
-282.73333352	-0.43481348
-282.70000018	-0.14063533
-282.66666685	0.12155077
-282.63333352	0.34551417
-282.60000018	0.53684159
-282.56666685	0.69189530
-282.53333352	0.81563573
-282.50000018	0.91141478
-282.46666685	0.98709509
-282.43333352	1.04214591
-282.40000018	1.08270012
-282.36666685	1.11013493
-282.33333352	1.12639491
-282.30000018	1.13203779
-282.26666685	1.12699759
-282.23333352	1.11799818
-282.20000019	1.10294501
-282.16666685	1.08530792
-282.13333352	1.06840404
-282.10000019	1.04965878
-282.06666685	1.02563188
-282.03333352	1.00275359
-282.00000019	0.96920695
-281.96666685	0.92952709
-281.93333352	0.87789840
-281.90000019	0.82437948
-281.86666685	0.76411408
-281.83333352	0.69663704
-281.80000019	0.62579175
-281.76666685	0.55501567
-281.73333352	0.48372393
-281.70000019	0.41371728
-281.66666685	0.35228113
-281.63333352	0.29972471
-281.60000019	0.26028171
-281.56666685	0.23482834
-281.53333352	0.22674625
-281.50000019	0.22838689
-281.46666686	0.24193850
-281.43333352	0.26389790
-281.40000019	0.28206157
-281.36666686	0.30282733
-281.33333352	0.31439780
-281.30000019	0.31411385
-281.26666686	0.30849895
-281.23333352	0.28777972
-281.20000019	0.25593798
-281.16666686	0.21723624
-281.13333352	0.16662278
-281.10000019	0.11483222
-281.06666686	0.06382287
-281.03333352	0.01554904
-281.00000019	-0.02224914
-280.96666686	-0.05026679
-280.93333352	-0.06140210
-280.90000019	-0.05983249
-280.86666686	-0.05088014
-280.83333352	-0.03830601
-280.80000019	-0.02508904
-280.76666686	-0.00902766
-280.73333352	0.00494658
-280.70000019	0.01194462
-280.66666686	0.02153034
-280.63333353	0.02685621
-280.60000019	0.02938952
-280.56666686	0.03554587
-280.53333353	0.03337297
-280.50000019	0.03764881
-280.46666686	0.03395791
-280.43333353	0.03128358
-280.40000019	0.02348896
-280.36666686	0.01583981
-280.33333353	0.00946514
-280.30000019	0.00278996
-280.26666686	-0.00368578
-280.23333353	-0.00942782
-280.20000019	-0.01416470
-280.16666686	-0.02154593
-280.13333353	-0.02922044
-280.10000019	-0.04036047
-280.06666686	-0.05236120
-280.03333353	-0.06669100
-280.00000019	-0.08126010
-279.96666686	-0.09858840
-279.93333353	-0.11559185
-279.90000020	-0.12811039
-279.86666686	-0.13428038
-279.83333353	-0.13080718
-279.80000020	-0.12187833
-279.76666686	-0.10822966
-279.73333353	-0.08695668
-279.70000020	-0.06109446
-279.66666686	-0.03227927
-279.63333353	-0.00360209
-279.60000020	0.02430803
-279.56666686	0.05264692
-279.53333353	0.07644620
-279.50000020	0.09464782
-279.46666686	0.10435895
-279.43333353	0.10510799
-279.40000020	0.09507219
-279.36666686	0.07274521
-279.33333353	0.03964558
-279.30000020	0.00403843
-279.26666686	-0.03269217
-279.23333353	-0.06624584
-279.20000020	-0.09590529
-279.16666686	-0.11552085
-279.13333353	-0.12458259
-279.10000020	-0.12135043
-279.06666687	-0.11076887
-279.03333353	-0.09108310
-279.00000020	-0.06630534
-278.96666687	-0.04053513
-278.93333353	-0.01513200
-278.90000020	-0.00032749
-278.86666687	0.01189445
-278.83333353	0.01652591
-278.80000020	0.01150947
-278.76666687	0.00112977
-278.73333353	-0.01834650
-278.70000020	-0.03803747
-278.66666687	-0.05650891
-278.63333353	-0.07426930
-278.60000020	-0.09114605
-278.56666687	-0.10395288
-278.53333353	-0.11096238
-278.50000020	-0.11838736
-278.46666687	-0.12027049
-278.43333353	-0.12170023
-278.40000020	-0.11942208
-278.36666687	-0.11595062
-278.33333354	-0.10904326
-278.30000020	-0.10103263
-278.26666687	-0.09250381
-278.23333354	-0.08193247
-278.20000020	-0.07224491
-278.16666687	-0.05840011
-278.13333354	-0.04857663
-278.10000020	-0.03832666
-278.06666687	-0.03120346
-278.03333354	-0.02935859
-278.00000020	-0.03165499
-277.96666687	-0.03174349
-277.93333354	-0.02904960
-277.90000020	-0.02527573
-277.86666687	-0.01389154
-277.83333354	0.00149693
-277.80000020	0.01901610
-277.76666687	0.03479723
-277.73333354	0.04865455
-277.70000020	0.05254249
-277.66666687	0.05317582
-277.63333354	0.04434347
-277.60000020	0.02895269
-277.56666687	0.01821785
-277.53333354	0.00291350
-277.50000021	-0.00852567
-277.46666687	-0.01521664
-277.43333354	-0.02390369
-277.40000021	-0.02526723
-277.36666687	-0.02979851
-277.33333354	-0.03358367
-277.30000021	-0.03985177
-277.26666687	-0.04273159
-277.23333354	-0.04415658
-277.20000021	-0.04874224
-277.16666687	-0.05279767
-277.13333354	-0.05531585
-277.10000021	-0.05549414
-277.06666687	-0.05955967
-277.03333354	-0.06093106
-277.00000021	-0.06308067
-276.96666687	-0.06644640
-276.93333354	-0.07269369
-276.90000021	-0.07495949
-276.86666687	-0.07240359
-276.83333354	-0.06578512
-276.80000021	-0.05556957
-276.76666688	-0.04581376
-276.73333354	-0.03018451
-276.70000021	-0.02002446
-276.66666688	-0.00846474
-276.63333354	-0.00311684
-276.60000021	-0.00012374
-276.56666688	0.00193900
-276.53333354	-0.00593463
-276.50000021	-0.01007751
-276.46666688	-0.01650771
-276.43333354	-0.02342575
-276.40000021	-0.02917505
-276.36666688	-0.03273993
-276.33333354	-0.03268114
-276.30000021	-0.02871863
-276.26666688	-0.02536009
-276.23333354	-0.01739729
-276.20000021	-0.01076693
-276.16666688	-0.00997669
-276.13333354	-0.00416993
-276.10000021	-0.00300376
-276.06666688	0.00214680
-276.03333354	0.00697289
-276.00000021	0.01164483
-275.96666688	0.02171735
-275.93333355	0.02866967
-275.90000021	0.03263247
-275.86666688	0.03370471
-275.83333355	0.03114576
-275.80000021	0.02137220
-275.76666688	0.00767932
-275.73333355	-0.00706285
-275.70000021	-0.02404125
-275.66666688	-0.03999108
-275.63333355	-0.05181419
-275.60000021	-0.06227601
-275.56666688	-0.06752915
-275.53333355	-0.06704394
-275.50000021	-0.06736099
-275.46666688	-0.06738125
-275.43333355	-0.06838246
-275.40000021	-0.06605336
-275.36666688	-0.05957788
-275.33333355	-0.05621052
-275.30000021	-0.04746483
-275.26666688	-0.03764616
-275.23333355	-0.02942771
-275.20000022	-0.01603893
-275.16666688	-0.01230177
-275.13333355	-0.00769932
-275.10000022	-0.00654496
-275.06666688	-0.00887633
-275.03333355	-0.01298609
-275.00000022	-0.01774856
-274.96666688	-0.01748633
-274.93333355	-0.01445587
-274.90000022	-0.00710444
-274.86666688	0.00329728
-274.83333355	0.01473919
-274.80000022	0.02466821
-274.76666688	0.03889619
-274.73333355	0.04430446
-274.70000022	0.04930933
-274.66666688	0.05064945
-274.63333355	0.04535585
-274.60000022	0.03911472
-274.56666688	0.03093305
-274.53333355	0.02055533
-274.50000022	0.01233982
-274.46666688	0.00543836
-274.43333355	-0.00226354
-274.40000022	-0.00548247
-274.36666689	-0.01205487
-274.33333355	-0.01315325
-274.30000022	-0.01314617
-274.26666689	-0.01282672
-274.23333355	-0.00678909
-274.20000022	0.00236961
-274.16666689	0.00985098
-274.13333355	0.01962445
-274.10000022	0.02949105
-274.06666689	0.04130359
-274.03333355	0.05088615
-274.00000022	0.05900132
-273.96666689	0.06408880
-273.93333355	0.07123449
-273.90000022	0.07841909
-273.86666689	0.08171545
-273.83333355	0.07903948
-273.80000022	0.07315045
-273.76666689	0.06464445
-273.73333355	0.05215044
-273.70000022	0.03658889
-273.66666689	0.01729403
-273.63333356	-0.00188211
-273.60000022	-0.01898416
-273.56666689	-0.03384142
-273.53333356	-0.04260704
-273.50000022	-0.05342552
-273.46666689	-0.05470841
-273.43333356	-0.05671732
-273.40000022	-0.05266291
-273.36666689	-0.04816095
-273.33333356	-0.04318420
-273.30000022	-0.04153490
-273.26666689	-0.03800341
-273.23333356	-0.03678351
-273.20000022	-0.03430621
-273.16666689	-0.02913280
-273.13333356	-0.02701116
-273.10000022	-0.02131592
-273.06666689	-0.01201610
-273.03333356	-0.00323289
-273.00000022	0.00693761
-272.96666689	0.01350007
-272.93333356	0.02047252
-272.90000022	0.02105398
-272.86666689	0.02046789
-272.83333356	0.01518482
-272.80000023	0.00917193
-272.76666689	0.00402413
-272.73333356	0.00436999
-272.70000023	0.00237299
-272.66666689	0.00680445
-272.63333356	0.01442889
-272.60000023	0.01664705
-272.56666689	0.01936810
-272.53333356	0.02768891
-272.50000023	0.02775280
-272.46666689	0.03140148
-272.43333356	0.03171344
-272.40000023	0.03794569
-272.36666689	0.03781077
-272.33333356	0.04409073
-272.30000023	0.04791988
-272.26666689	0.04977960
-272.23333356	0.04966167
-272.20000023	0.04981715
-272.16666689	0.04827306
-272.13333356	0.04543649
-272.10000023	0.04320612
-272.06666690	0.04137168
-272.03333356	0.03797411
-272.00000023	0.03817779
-271.96666690	0.03329841
-271.93333356	0.03181767
-271.90000023	0.02193846
-271.86666690	0.01685488
-271.83333356	0.00628606
-271.80000023	0.00194728
-271.76666690	-0.00485806
-271.73333356	-0.00997636
-271.70000023	-0.01529526
-271.66666690	-0.01988115
-271.63333356	-0.02666169
-271.60000023	-0.02999205
-271.56666690	-0.04192326
-271.53333356	-0.05464995
-271.50000023	-0.06373727
-271.46666690	-0.07117130
-271.43333356	-0.07566919
-271.40000023	-0.07485484
-271.36666690	-0.06459215
-271.33333356	-0.05725709
-271.30000023	-0.04530021
-271.26666690	-0.03303936
-271.23333357	-0.01864395
-271.20000023	-0.00507965
-271.16666690	0.01033658
-271.13333357	0.02630521
-271.10000023	0.03945627
-271.06666690	0.05113871
-271.03333357	0.06020891
-271.00000023	0.06518239
-270.96666690	0.06938561
-270.93333357	0.06315336
-270.90000023	0.05831893
-270.86666690	0.04333674
-270.83333357	0.02484638
-270.80000023	0.00356864
-270.76666690	-0.01728859
-270.73333357	-0.03401107
-270.70000023	-0.04664523
-270.66666690	-0.05564770
-270.63333357	-0.05653510
-270.60000023	-0.05675786
-270.56666690	-0.04824813
-270.53333357	-0.03286612
-270.50000024	-0.01752942
-270.46666690	-0.00233237
-270.43333357	0.01125582
-270.40000024	0.02801953
-270.36666690	0.04138306
-270.33333357	0.05501130
-270.30000024	0.06249843
-270.26666690	0.06538292
-270.23333357	0.06908713
-270.20000024	0.06557415
-270.16666690	0.05816676
-270.13333357	0.04299388
-270.10000024	0.02474207
-270.06666690	0.01046167
-270.03333357	-0.00670917
-270.00000024	-0.01759561
-269.96666690	-0.02968346
-269.93333357	-0.03658368
-269.90000024	-0.03580235
-269.86666690	-0.03611878
-269.83333357	-0.03039165
-269.80000024	-0.03053922
-269.76666691	-0.02518575
-269.73333357	-0.02294146
-269.70000024	-0.02177067
-269.66666691	-0.01959913
-269.63333357	-0.01770041
-269.60000024	-0.01992940
-269.56666691	-0.01982800
-269.53333357	-0.02080655
-269.50000024	-0.02246817
-269.46666691	-0.01870225
-269.43333357	-0.01550114
-269.40000024	-0.00892811
-269.36666691	0.00195811
-269.33333357	0.01169399
-269.30000024	0.01921309
-269.26666691	0.02892096
-269.23333357	0.03200650
-269.20000024	0.03292128
-269.16666691	0.02753740
-269.13333357	0.02077984
-269.10000024	0.00829904
-269.06666691	-0.00437065
-269.03333357	-0.01705741
-269.00000024	-0.03106123
-268.96666691	-0.04142075
-268.93333358	-0.04932139
-268.90000024	-0.05448848
-268.86666691	-0.05432432
-268.83333358	-0.05009308
-268.80000024	-0.03984310
-268.76666691	-0.02379851
-268.73333358	-0.00464733
-268.70000024	0.01532747
-268.66666691	0.03729125
-268.63333358	0.05706915
-268.60000024	0.07602428
-268.56666691	0.08533378
-268.53333358	0.08935018
-268.50000024	0.08845934
-268.46666691	0.07734955
-268.43333358	0.06223201
-268.40000024	0.04528405
-268.36666691	0.02957647
-268.33333358	0.01227727
-268.30000024	-0.00121626
-268.26666691	-0.01200528
-268.23333358	-0.01769740
-268.20000025	-0.02431844
-268.16666691	-0.02430268
-268.13333358	-0.02543902
-268.10000025	-0.02668003
-268.06666691	-0.03106039
-268.03333358	-0.03600474
-268.00000025	-0.04366201
-267.96666691	-0.05565181
-267.93333358	-0.06508787
-267.90000025	-0.07637940
-267.86666691	-0.08180007
-267.83333358	-0.08416921
-267.80000025	-0.08240253
-267.76666691	-0.07433155
-267.73333358	-0.06354046
-267.70000025	-0.04813344
-267.66666691	-0.03033297
-267.63333358	-0.00880241
-267.60000025	0.01126149
-267.56666691	0.03208282
-267.53333358	0.04578701
-267.50000025	0.05780317
-267.46666691	0.06437328
-267.43333358	0.06081680
-267.40000025	0.05097512
-267.36666692	0.04216021
-267.33333358	0.02334847
-267.30000025	0.00524645
-267.26666692	-0.01521458
-267.23333358	-0.03412616
-267.20000025	-0.05276377
-267.16666692	-0.06680641
-267.13333358	-0.07418094
-267.10000025	-0.07215066
-267.06666692	-0.06754333
-267.03333358	-0.05026147
-267.00000025	-0.02928321
-266.96666692	-0.00241357
-266.93333358	0.02515961
-266.90000025	0.05656345
-266.86666692	0.08536977
-266.83333358	0.09877343
-266.80000025	0.11131384
-266.76666692	0.11278832
-266.73333358	0.10428348
-266.70000025	0.09205570
-266.66666692	0.07090630
-266.63333359	0.04621259
-266.60000025	0.02090589
-266.56666692	-0.00239121
-266.53333359	-0.02155905
-266.50000025	-0.03680232
-266.46666692	-0.05081962
-266.43333359	-0.06037788
-266.40000025	-0.06826349
-266.36666692	-0.07437284
-266.33333359	-0.07936125
-266.30000025	-0.08365161
-266.26666692	-0.08635017
-266.23333359	-0.08417797
-266.20000025	-0.08078084
-266.16666692	-0.07379625
-266.13333359	-0.06599013
-266.10000025	-0.05549813
-266.06666692	-0.04215304
-266.03333359	-0.02789903
-266.00000025	-0.01935975
-265.96666692	-0.00539135
-265.93333359	0.00607359
-265.90000025	0.01211236
-265.86666692	0.01856056
-265.83333359	0.02166528
-265.80000026	0.02135642
-265.76666692	0.02285148
-265.73333359	0.01842628
-265.70000026	0.01424070
-265.66666692	0.01067248
-265.63333359	0.00570556
-265.60000026	0.00064139
-265.56666692	-0.00406065
-265.53333359	-0.00871439
-265.50000026	-0.01520447
-265.46666692	-0.02221295
-265.43333359	-0.03185781
-265.40000026	-0.03956380
-265.36666692	-0.04733176
-265.33333359	-0.05215160
-265.30000026	-0.05759564
-265.26666692	-0.05047963
-265.23333359	-0.04069073
-265.20000026	-0.03266061
-265.16666692	-0.01746286
-265.13333359	-0.00168385
-265.10000026	0.01705954
-265.06666693	0.03056371
-265.03333359	0.04599284
-265.00000026	0.05555191
-264.96666693	0.05985760
-264.93333359	0.06015762
-264.90000026	0.05778439
-264.86666693	0.05062795
-264.83333359	0.04357514
-264.80000026	0.02741447
-264.76666693	0.01576888
-264.73333359	0.00363117
-264.70000026	-0.01077240
-264.66666693	-0.01968790
-264.63333359	-0.02660286
-264.60000026	-0.03136861
-264.56666693	-0.03045595
-264.53333359	-0.03090549
-264.50000026	-0.02884315
-264.46666693	-0.02755857
-264.43333359	-0.02317732
-264.40000026	-0.02219525
-264.36666693	-0.01830718
-264.33333359	-0.02197695
-264.30000026	-0.02163934
-264.26666693	-0.02145433
-264.23333360	-0.02287340
-264.20000026	-0.02302262
-264.16666693	-0.01707376
-264.13333360	-0.01016828
-264.10000026	-0.01036882
-264.06666693	-0.00371086
-264.03333360	0.00318452
-264.00000026	0.00694226
-263.96666693	0.01447335
-263.93333360	0.01891286
-263.90000026	0.01852799
-263.86666693	0.01602246
-263.83333360	0.01361469
-263.80000026	0.00347333
-263.76666693	-0.00383403
-263.73333360	-0.01228918
-263.70000026	-0.02570608
-263.66666693	-0.03296727
-263.63333360	-0.04364537
-263.60000026	-0.04917369
-263.56666693	-0.05553336
-263.53333360	-0.05153373
-263.50000027	-0.04655068
-263.46666693	-0.03611513
-263.43333360	-0.01885685
-263.40000027	-0.00000504
-263.36666693	0.01672542
-263.33333360	0.03686516
-263.30000027	0.05676678
-263.26666693	0.06650907
-263.23333360	0.07314876
-263.20000027	0.07432599
-263.16666693	0.06908689
-263.13333360	0.05554441
-263.10000027	0.03957284
-263.06666693	0.01950856
-263.03333360	0.00343277
-263.00000027	-0.01299748
-262.96666693	-0.02656913
-262.93333360	-0.03430739
-262.90000027	-0.04208522
-262.86666693	-0.04086976
-262.83333360	-0.04262182
-262.80000027	-0.04048575
-262.76666693	-0.03547016
-262.73333360	-0.03116025
-262.70000027	-0.02628175
-262.66666694	-0.02522731
-262.63333360	-0.02215689
-262.60000027	-0.02544890
-262.56666694	-0.02569187
-262.53333360	-0.02802833
-262.50000027	-0.02623765
-262.46666694	-0.02631704
-262.43333360	-0.02376020
-262.40000027	-0.02261539
-262.36666694	-0.01839869
-262.33333360	-0.01955795
-262.30000027	-0.01832699
-262.26666694	-0.01706806
-262.23333360	-0.01624503
-262.20000027	-0.01434389
-262.16666694	-0.01501334
-262.13333360	-0.01439941
-262.10000027	-0.01326393
-262.06666694	-0.01214714
-262.03333360	-0.00956835
-262.00000027	-0.01028481
-261.96666694	-0.00383157
-261.93333361	-0.00119788
-261.90000027	0.00235417
-261.86666694	0.00935170
-261.83333361	0.01406690
-261.80000027	0.02107783
-261.76666694	0.02329174
-261.73333361	0.02527386
-261.70000027	0.02962638
-261.66666694	0.02831594
-261.63333361	0.03309486
-261.60000027	0.03133521
-261.56666694	0.02887598
-261.53333361	0.02644137
-261.50000027	0.02260002
-261.46666694	0.02014352
-261.43333361	0.01337469
-261.40000027	0.00996159
-261.36666694	0.00457369
-261.33333361	-0.00314852
-261.30000027	-0.00867488
-261.26666694	-0.01281314
-261.23333361	-0.01521699
-261.20000027	-0.01563501
-261.16666694	-0.01742599
-261.13333361	-0.01862035
-261.10000028	-0.01840013
-261.06666694	-0.01877656
-261.03333361	-0.01989163
-261.00000028	-0.02022929
-260.96666694	-0.01913301
-260.93333361	-0.01985739
-260.90000028	-0.02291290
-260.86666694	-0.02468093
-260.83333361	-0.02716857
-260.80000028	-0.03101989
-260.76666694	-0.03404833
-260.73333361	-0.03466742
-260.70000028	-0.03227082
-260.66666694	-0.03126830
-260.63333361	-0.02672736
-260.60000028	-0.01765859
-260.56666694	-0.01175091
-260.53333361	-0.00421974
-260.50000028	0.00268587
-260.46666694	0.00362106
-260.43333361	0.00682750
-260.40000028	0.00536964
-260.36666695	0.00343747
-260.33333361	-0.00059615
-260.30000028	0.00013726
-260.26666695	-0.00447112
-260.23333361	-0.00534770
-260.20000028	-0.00851701
-260.16666695	-0.00835351
-260.13333361	-0.01063250
-260.10000028	-0.01037349
-260.06666695	-0.00891639
-260.03333361	-0.00954771
-260.00000028	-0.00535789
-259.96666695	-0.00141344
-259.93333361	0.00339905
-259.90000028	0.00799215
-259.86666695	0.01606716
-259.83333361	0.02491207
-259.80000028	0.03382534
-259.76666695	0.03556498
-259.73333361	0.03953927
-259.70000028	0.03911949
-259.66666695	0.03289034
-259.63333361	0.02797417
-259.60000028	0.02326272
-259.56666695	0.01483103
-259.53333362	0.00586421
-259.50000028	-0.00033223
-259.46666695	-0.00511335
-259.43333362	-0.01022321
-259.40000028	-0.01447757
-259.36666695	-0.01481042
-259.33333362	-0.01170361
-259.30000028	-0.00847482
-259.26666695	-0.00706395
-259.23333362	0.00329920
-259.20000028	0.00746745
-259.16666695	0.01452302
-259.13333362	0.01736474
-259.10000028	0.01752762
-259.06666695	0.01695894
-259.03333362	0.01306358
-259.00000028	0.00997392
-258.96666695	0.00644361
-258.93333362	-0.00009625
-258.90000028	-0.00589580
-258.86666695	-0.00838472
-258.83333362	-0.01220942
-258.80000029	-0.01555905
-258.76666695	-0.01910801
-258.73333362	-0.02076521
-258.70000029	-0.02158404
-258.66666695	-0.02024894
-258.63333362	-0.02320520
-258.60000029	-0.01928487
-258.56666695	-0.01615258
-258.53333362	-0.01419796
-258.50000029	-0.01118530
-258.46666695	-0.01223799
-258.43333362	-0.01123908
-258.40000029	-0.00832641
-258.36666695	-0.00773425
-258.33333362	-0.00529488
-258.30000029	-0.00337391
-258.26666695	0.00053547
-258.23333362	0.00905501
-258.20000029	0.01681624
-258.16666695	0.02639522
-258.13333362	0.02969936
-258.10000029	0.03839001
-258.06666695	0.04065952
-258.03333362	0.04197221
-258.00000029	0.03741121
-257.96666696	0.03047023
-257.93333362	0.02004838
-257.90000029	0.01210469
-257.86666696	-0.00107064
-257.83333362	-0.00763263
-257.80000029	-0.01386720
-257.76666696	-0.01841360
-257.73333362	-0.01725579
-257.70000029	-0.00902113
-257.66666696	-0.00146805
-257.63333362	0.00953459
-257.60000029	0.02290887
-257.56666696	0.03173254
-257.53333362	0.04188381
-257.50000029	0.04419524
-257.46666696	0.03922866
-257.43333362	0.03133646
-257.40000029	0.02365909
-257.36666696	0.01197421
-257.33333362	-0.00339713
-257.30000029	-0.01868468
-257.26666696	-0.02943511
-257.23333363	-0.03822538
-257.20000029	-0.04169357
-257.16666696	-0.04578144
-257.13333363	-0.04356571
-257.10000029	-0.04270977
-257.06666696	-0.03725188
-257.03333363	-0.03652172
-257.00000029	-0.03394697
-256.96666696	-0.03233696
-256.93333363	-0.02722544
-256.90000029	-0.02375737
-256.86666696	-0.01840654
-256.83333363	-0.01356952
-256.80000029	-0.00497640
-256.76666696	0.00303347
-256.73333363	0.00847074
-256.70000029	0.01347211
-256.66666696	0.01464201
-256.63333363	0.01672659
-256.60000029	0.01966871
-256.56666696	0.02169236
-256.53333363	0.02080691
-256.50000029	0.02310560
-256.46666696	0.02813832
-256.43333363	0.03456315
-256.40000030	0.03838202
-256.36666696	0.04124741
-256.33333363	0.04382939
-256.30000030	0.04105765
-256.26666696	0.03961162
-256.23333363	0.03546429
-256.20000030	0.03114282
-256.16666696	0.02011769
-256.13333363	0.01388019
-256.10000030	0.00237212
-256.06666696	-0.00241350
-256.03333363	-0.01050421
-256.00000030	-0.01652916
-255.96666696	-0.01792007
-255.93333363	-0.01399946
-255.90000030	-0.00816630
-255.86666696	-0.00616181
-255.83333363	0.00059292
-255.80000030	0.00881011
-255.76666696	0.01550864
-255.73333363	0.01896871
-255.70000030	0.02642791
-255.66666697	0.02700198
-255.63333363	0.02883694
-255.60000030	0.02354884
-255.56666697	0.02333243
-255.53333363	0.01709166
-255.50000030	0.00939157
-255.46666697	0.00043024
-255.43333363	-0.00503416
-255.40000030	-0.00670332
-255.36666697	-0.01399728
-255.33333363	-0.01841818
-255.30000030	-0.01832641
-255.26666697	-0.02274712
-255.23333363	-0.02621008
-255.20000030	-0.03022985
-255.16666697	-0.03267438
-255.13333363	-0.03386858
-255.10000030	-0.03403043
-255.06666697	-0.03417004
-255.03333363	-0.02874609
-255.00000030	-0.02319650
-254.96666697	-0.01787529
-254.93333363	-0.00856665
-254.90000030	0.00311147
-254.86666697	0.01587626
-254.83333364	0.02426199
-254.80000030	0.03469022
-254.76666697	0.04134773
-254.73333364	0.04434581
-254.70000030	0.04642594
-254.66666697	0.03708261
-254.63333364	0.03080832
-254.60000030	0.02303549
-254.56666697	0.01551909
-254.53333364	0.00600959
-254.50000030	-0.00039104
-254.46666697	-0.00940040
-254.43333364	-0.01557314
-254.40000030	-0.02002345
-254.36666697	-0.02388735
-254.33333364	-0.02608868
-254.30000030	-0.02857758
-254.26666697	-0.02711129
-254.23333364	-0.02396653
-254.20000030	-0.01794464
-254.16666697	-0.01389599
-254.13333364	-0.00526871
-254.10000031	0.00327151
-254.06666697	0.01329948
-254.03333364	0.02258503
-254.00000031	0.02718043
-253.96666697	0.03137275
-253.93333364	0.03503721
-253.90000031	0.03512585
-253.86666697	0.03156869
-253.83333364	0.02453174
-253.80000031	0.01937623
-253.76666697	0.01263177
-253.73333364	0.00497415
-253.70000031	-0.00314750
-253.66666697	-0.00964462
-253.63333364	-0.02133763
-253.60000031	-0.02504300
-253.56666697	-0.02974803
-253.53333364	-0.03247210
-253.50000031	-0.03461877
-253.46666697	-0.03641573
-253.43333364	-0.03665360
-253.40000031	-0.04148831
-253.36666697	-0.04032123
-253.33333364	-0.04336685
-253.30000031	-0.03923056
-253.26666698	-0.03575709
-253.23333364	-0.03709290
-253.20000031	-0.02983777
-253.16666698	-0.02460839
-253.13333364	-0.01342073
-253.10000031	-0.00603499
-253.06666698	0.00472744
-253.03333364	0.00604042
-253.00000031	0.00883126
-252.96666698	0.00726947
-252.93333364	0.00637620
-252.90000031	0.00325860
-252.86666698	0.00027505
-252.83333364	-0.00161687
-252.80000031	0.00050391
-252.76666698	-0.00118656
-252.73333364	0.00155156
-252.70000031	0.00672826
-252.66666698	0.00970510
-252.63333364	0.01169589
-252.60000031	0.01165289
-252.56666698	0.01392315
-252.53333365	0.01217637
-252.50000031	0.00873280
-252.46666698	0.00620788
-252.43333365	0.00142638
-252.40000031	0.00022332
-252.36666698	-0.00466457
-252.33333365	-0.00366295
-252.30000031	-0.00693288
-252.26666698	-0.00117092
-252.23333365	0.00370018
-252.20000031	0.00241931
-252.16666698	0.00260311
-252.13333365	0.00376648
-252.10000031	0.00526610
-252.06666698	0.00266636
-252.03333365	-0.00181901
-252.00000031	-0.00764215
-251.96666698	-0.00612574
-251.93333365	-0.01082262
-251.90000031	-0.01359316
-251.86666698	-0.01510300
-251.83333365	-0.02001825
-251.80000031	-0.02171467
-251.76666698	-0.02349745
-251.73333365	-0.02444087
-251.70000032	-0.02871720
-251.66666698	-0.03163691
-251.63333365	-0.03240048
-251.60000032	-0.03161825
-251.56666698	-0.03032836
-251.53333365	-0.02731586
-251.50000032	-0.02143467
-251.46666698	-0.01176452
-251.43333365	-0.00880325
-251.40000032	0.00162060
-251.36666698	0.01019116
-251.33333365	0.02222012
-251.30000032	0.02982781
-251.26666698	0.03657419
-251.23333365	0.04424125
-251.20000032	0.04572808
-251.16666698	0.04718290
-251.13333365	0.04867705
-251.10000032	0.04414097
-251.06666698	0.03708758
-251.03333365	0.03306495
-251.00000032	0.03203121
-250.96666699	0.02582891
-250.93333365	0.02471858
-250.90000032	0.02536994
-250.86666699	0.02090638
-250.83333365	0.01551627
-250.80000032	0.01962317
-250.76666699	0.01958579
-250.73333365	0.01955299
-250.70000032	0.02121267
-250.66666699	0.01828569
-250.63333365	0.01673988
-250.60000032	0.01819699
-250.56666699	0.01814506
-250.53333365	0.01975034
-250.50000032	0.02051276
-250.46666699	0.02350742
-250.43333365	0.02115638
-250.40000032	0.02165234
-250.36666699	0.02090849
-250.33333365	0.01766253
-250.30000032	0.01693116
-250.26666699	0.00812957
-250.23333365	-0.00086737
-250.20000032	-0.01063912
-250.16666699	-0.01745140
-250.13333366	-0.02233791
-250.10000032	-0.02822308
-250.06666699	-0.03181101
-250.03333366	-0.03389368
-250.00000032	-0.02681336
-249.96666699	-0.02370049
-249.93333366	-0.01467995
-249.90000032	-0.00994366
-249.86666699	-0.00488280
-249.83333366	0.00073701
-249.80000032	0.00700812
-249.76666699	0.00695902
-249.73333366	0.00594457
-249.70000032	0.00142309
-249.66666699	-0.00531092
-249.63333366	-0.01235636
-249.60000032	-0.01807134
-249.56666699	-0.02008135
-249.53333366	-0.02069672
-249.50000032	-0.01916907
-249.46666699	-0.01595599
-249.43333366	-0.01182239
-249.40000033	-0.00829268
-249.36666699	-0.00207804
-249.33333366	0.00407782
-249.30000033	0.00968709
-249.26666699	0.00784641
-249.23333366	0.01206051
-249.20000033	0.00910925
-249.16666699	0.00900097
-249.13333366	0.00825456
-249.10000033	0.00644827
-249.06666699	0.00573100
-249.03333366	0.00661146
-249.00000033	0.00765706
-248.96666699	0.00570672
-248.93333366	0.00651447
-248.90000033	0.00773184
-248.86666699	0.01220606
-248.83333366	0.01070073
-248.80000033	0.01358394
-248.76666699	0.01261893
-248.73333366	0.01250893
-248.70000033	0.00910303
-248.66666699	0.01206413
-248.63333366	0.00815172
-248.60000033	0.00829512
-248.56666700	0.00574254
-248.53333366	0.01030653
-248.50000033	0.01031396
-248.46666700	0.01183924
-248.43333366	0.00953799
-248.40000033	0.00640432
-248.36666700	0.00254220
-248.33333366	0.00074300
-248.30000033	-0.00493935
-248.26666700	-0.00848220
-248.23333366	-0.01696996
-248.20000033	-0.02207932
-248.16666700	-0.02599615
-248.13333366	-0.02705577
-248.10000033	-0.03259011
-248.06666700	-0.03144282
-248.03333366	-0.03613779
-248.00000033	-0.03857300
-247.96666700	-0.04082166
-247.93333366	-0.04532459
-247.90000033	-0.04537062
-247.86666700	-0.04348384
-247.83333367	-0.04197168
-247.80000033	-0.03562109
-247.76666700	-0.02990257
-247.73333367	-0.02281940
-247.70000033	-0.01699471
-247.66666700	-0.01356006
-247.63333367	-0.00442275
-247.60000033	0.00279281
-247.56666700	0.00671535
-247.53333367	0.01229003
-247.50000033	0.01338611
-247.46666700	0.01637601
-247.43333367	0.01547140
-247.40000033	0.01440829
-247.36666700	0.01181116
-247.33333367	0.01212943
-247.30000033	0.00798520
-247.26666700	0.00696534
-247.23333367	0.00093164
-247.20000033	0.00092024
-247.16666700	-0.00116344
-247.13333367	-0.00286520
-247.10000033	-0.00002400
-247.06666700	0.00115170
-247.03333367	-0.00059579
-247.00000034	0.00105240
-246.96666700	0.00141107
-246.93333367	0.00314551
-246.90000034	0.00308277
-246.86666700	0.00460843
-246.83333367	0.00888553
-246.80000034	0.00628691
-246.76666700	0.00571711
-246.73333367	0.00022382
-246.70000034	-0.00055231
-246.66666700	-0.00068091
-246.63333367	-0.00369265
-246.60000034	-0.01098128
-246.56666700	-0.01638156
-246.53333367	-0.01951867
-246.50000034	-0.01899158
-246.46666700	-0.02409081
-246.43333367	-0.02680284
-246.40000034	-0.02347096
-246.36666700	-0.02208995
-246.33333367	-0.01714613
-246.30000034	-0.01568791
-246.26666701	-0.00659007
-246.23333367	-0.00441912
-246.20000034	-0.00174848
-246.16666701	0.00044977
-246.13333367	-0.00061235
-246.10000034	0.00077034
-246.06666701	-0.00067175
-246.03333367	0.00110887
-246.00000034	0.00034189
-245.96666701	-0.00019880
-245.93333367	0.00107176
-245.90000034	0.00726438
-245.86666701	0.01461197
-245.83333367	0.02157490
-245.80000034	0.03120122
-245.76666701	0.03747928
-245.73333367	0.04680376
-245.70000034	0.05280647
-245.66666701	0.05643124
-245.63333367	0.06184616
-245.60000034	0.06271076
-245.56666701	0.06132249
-245.53333367	0.06192795
-245.50000034	0.05408260
-245.46666701	0.05341699
-245.43333368	0.04417885
-245.40000034	0.03724911
-245.36666701	0.02775974
-245.33333368	0.02226602
-245.30000034	0.01746581
-245.26666701	0.01260904
-245.23333368	0.01360272
-245.20000034	0.01166209
-245.16666701	0.01058219
-245.13333368	0.01317330
-245.10000034	0.01096702
-245.06666701	0.01038696
-245.03333368	0.00905965
-245.00000034	0.00855106
-244.96666701	0.00816658
-244.93333368	0.00621946
-244.90000034	0.00757944
-244.86666701	0.00547254
-244.83333368	0.00378593
-244.80000034	0.00224916
-244.76666701	-0.00288368
-244.73333368	-0.00286973
-244.70000035	-0.00907069
-244.66666701	-0.01260564
-244.63333368	-0.01849539
-244.60000035	-0.02161624
-244.56666701	-0.02646146
-244.53333368	-0.02953590
-244.50000035	-0.03297685
-244.46666701	-0.03426345
-244.43333368	-0.03877275
-244.40000035	-0.03935689
-244.36666701	-0.04202105
-244.33333368	-0.04486197
-244.30000035	-0.04951834
-244.26666701	-0.04991476
-244.23333368	-0.04969947
-244.20000035	-0.05167041
-244.16666701	-0.05299995
-244.13333368	-0.05046996
-244.10000035	-0.04771650
-244.06666701	-0.05179826
-244.03333368	-0.04885977
-244.00000035	-0.05146912
-243.96666701	-0.04893160
-243.93333368	-0.05150335
-243.90000035	-0.04818824
-243.86666702	-0.04773471
-243.83333368	-0.04803564
-243.80000035	-0.04612991
-243.76666702	-0.04553226
-243.73333368	-0.04709175
-243.70000035	-0.04432143
-243.66666702	-0.04284475
-243.63333368	-0.04131011
-243.60000035	-0.03406033
-243.56666702	-0.03483995
-243.53333368	-0.02716988
-243.50000035	-0.02833710
-243.46666702	-0.02507573
-243.43333368	-0.02351067
-243.40000035	-0.02439868
-243.36666702	-0.03153996
-243.33333368	-0.03646842
-243.30000035	-0.04158622
-243.26666702	-0.04639185
-243.23333368	-0.05151827
-243.20000035	-0.05516510
-243.16666702	-0.05476470
-243.13333369	-0.05661970
-243.10000035	-0.05382386
-243.06666702	-0.05310209
-243.03333369	-0.04861666
-243.00000035	-0.04659890
-242.96666702	-0.04667798
-242.93333369	-0.04667394
-242.90000035	-0.04516377
-242.86666702	-0.04950754
-242.83333369	-0.05012946
-242.80000035	-0.05108340
-242.76666702	-0.04928100
-242.73333369	-0.04720578
-242.70000035	-0.04358527
-242.66666702	-0.03673911
-242.63333369	-0.03357102
-242.60000035	-0.02874938
-242.56666702	-0.02355836
-242.53333369	-0.01957313
-242.50000035	-0.02080330
-242.46666702	-0.01720596
-242.43333369	-0.02442412
-242.40000035	-0.02621368
-242.36666702	-0.03169873
-242.33333369	-0.03555643
-242.30000036	-0.03554350
-242.26666702	-0.03580751
-242.23333369	-0.03262553
-242.20000036	-0.02754729
-242.16666702	-0.01794783
-242.13333369	-0.00814716
-242.10000036	0.00051075
-242.06666702	0.01156325
-242.03333369	0.02500901
-242.00000036	0.03320575
-241.96666702	0.04073233
-241.93333369	0.04807958
-241.90000036	0.05485011
-241.86666702	0.05650452
-241.83333369	0.05733715
-241.80000036	0.05674712
-241.76666702	0.05331923
-241.73333369	0.04721475
-241.70000036	0.04198183
-241.66666702	0.03252694
-241.63333369	0.02737999
-241.60000036	0.02311965
-241.56666703	0.02012569
-241.53333369	0.01556931
-241.50000036	0.01593154
-241.46666703	0.01448386
-241.43333369	0.01297484
-241.40000036	0.01389268
-241.36666703	0.01571115
-241.33333369	0.01663865
-241.30000036	0.01686867
-241.26666703	0.01820033
-241.23333369	0.01342791
-241.20000036	0.01660143
-241.16666703	0.01547511
-241.13333369	0.01638825
-241.10000036	0.01529349
-241.06666703	0.01289117
-241.03333369	0.01669907
-241.00000036	0.01547206
-240.96666703	0.01607028
-240.93333369	0.01942689
-240.90000036	0.02301438
-240.86666703	0.02720332
-240.83333369	0.03139166
-240.80000036	0.03075386
-240.76666703	0.03286582
-240.73333370	0.02805504
-240.70000036	0.02876445
-240.66666703	0.02583131
-240.63333370	0.02028766
-240.60000036	0.01766119
-240.56666703	0.01310128
-240.53333370	0.01540552
-240.50000036	0.01589759
-240.46666703	0.01946791
-240.43333370	0.02043899
-240.40000036	0.02052807
-240.36666703	0.02460597
-240.33333370	0.02488755
-240.30000036	0.02435847
-240.26666703	0.03005604
-240.23333370	0.03523852
-240.20000036	0.03358859
-240.16666703	0.04027623
-240.13333370	0.04005475
-240.10000036	0.04119728
-240.06666703	0.04057787
-240.03333370	0.03833830
-240.00000037	0.03817921
-239.96666703	0.03376925
-239.93333370	0.02991544
-239.90000037	0.02306732
-239.86666703	0.01914175
-239.83333370	0.01431569
-239.80000037	0.00957896
-239.76666703	0.00538807
-239.73333370	0.00014027
-239.70000037	0.00048404
-239.66666703	-0.00413057
-239.63333370	-0.00129468
-239.60000037	0.00096821
-239.56666703	0.00395645
-239.53333370	0.01201244
-239.50000037	0.01615273
-239.46666703	0.02209039
-239.43333370	0.02965367
-239.40000037	0.03924026
-239.36666703	0.04647376
-239.33333370	0.05325266
-239.30000037	0.05482514
-239.26666703	0.05886511
-239.23333370	0.06120926
-239.20000037	0.05853908
-239.16666704	0.05727095
-239.13333370	0.05365123
-239.10000037	0.04852338
-239.06666704	0.03854590
-239.03333370	0.03127228
-239.00000037	0.02557667
-238.96666704	0.01675984
-238.93333370	0.01355200
-238.90000037	0.00902843
-238.86666704	0.00168197
-238.83333370	-0.00127119
-238.80000037	-0.00180222
-238.76666704	-0.00252578
-238.73333370	-0.00068543
-238.70000037	0.00116689
-238.66666704	0.00596125
-238.63333370	0.01656191
-238.60000037	0.02263988
-238.56666704	0.03434430
-238.53333370	0.04368434
-238.50000037	0.04785734
-238.46666704	0.05661752
-238.43333371	0.06136655
-238.40000037	0.06508256
-238.36666704	0.06813235
-238.33333371	0.06979987
-238.30000037	0.06665904
-238.26666704	0.06446454
-238.23333371	0.06335434
-238.20000037	0.05840892
-238.16666704	0.05122305
-238.13333371	0.04522359
-238.10000037	0.03804770
-238.06666704	0.03156060
-238.03333371	0.02831340
-238.00000037	0.02639305
-237.96666704	0.02240991
-237.93333371	0.02643968
-237.90000037	0.02940860
-237.86666704	0.03258459
-237.83333371	0.03529876
-237.80000037	0.03966560
-237.76666704	0.04689222
-237.73333371	0.05007232
-237.70000037	0.05666508
-237.66666704	0.05997071
-237.63333371	0.06170853
-237.60000038	0.06158939
-237.56666704	0.06046687
-237.53333371	0.05856773
-237.50000038	0.05123930
-237.46666704	0.04979098
-237.43333371	0.03697966
-237.40000038	0.03209637
-237.36666704	0.02026621
-237.33333371	0.01265114
-237.30000038	0.00828211
-237.26666704	0.00098395
-237.23333371	-0.00304863
-237.20000038	-0.00731758
-237.16666704	-0.00876601
-237.13333371	-0.01183620
-237.10000038	-0.01258849
-237.06666704	-0.01430005
-237.03333371	-0.01165259
-237.00000038	-0.00948244
-236.96666704	-0.00878745
-236.93333371	-0.00445882
-236.90000038	-0.00197140
-236.86666705	0.00091268
-236.83333371	0.00637022
-236.80000038	0.00922987
-236.76666705	0.01531415
-236.73333371	0.01814580
-236.70000038	0.02150136
-236.66666705	0.02494129
-236.63333371	0.02859296
-236.60000038	0.02496676
-236.56666705	0.02535058
-236.53333371	0.02285441
-236.50000038	0.02382773
-236.46666705	0.02089809
-236.43333371	0.01722226
-236.40000038	0.00914116
-236.36666705	0.00701507
-236.33333371	0.00621767
-236.30000038	0.00058204
-236.26666705	-0.00143622
-236.23333371	-0.00566412
-236.20000038	-0.00816901
-236.16666705	-0.01338981
-236.13333371	-0.01462364
-236.10000038	-0.01750402
-236.06666705	-0.02106127
-236.03333372	-0.01999907
-236.00000038	-0.01477930
-235.96666705	-0.01657378
-235.93333372	-0.01215330
-235.90000038	-0.01266904
-235.86666705	-0.00739896
-235.83333372	-0.00524564
-235.80000038	-0.00362306
-235.76666705	-0.00369837
-235.73333372	-0.00511099
-235.70000038	-0.00333698
-235.66666705	-0.00439610
-235.63333372	-0.00567271
-235.60000038	-0.00785306
-235.56666705	-0.00941007
-235.53333372	-0.00860522
-235.50000038	-0.00984186
-235.46666705	-0.01157072
-235.43333372	-0.01304477
-235.40000038	-0.01120730
-235.36666705	-0.01492402
-235.33333372	-0.01413358
-235.30000039	-0.01596511
-235.26666705	-0.01709126
-235.23333372	-0.01644898
-235.20000039	-0.01410875
-235.16666705	-0.01348164
-235.13333372	-0.01246567
-235.10000039	-0.01074752
-235.06666705	-0.00452977
-235.03333372	0.00136030
-235.00000039	0.00522857
-234.96666705	0.00454399
-234.93333372	0.00909517
-234.90000039	0.01040494
-234.86666705	0.01342629
-234.83333372	0.00907336
-234.80000039	0.00842263
-234.76666705	0.00300234
-234.73333372	0.00023104
-234.70000039	-0.00253621
-234.66666705	-0.00782245
-234.63333372	-0.01032906
-234.60000039	-0.01221676
-234.56666705	-0.01138125
-234.53333372	-0.01536180
-234.50000039	-0.01432244
-234.46666706	-0.01168186
-234.43333372	-0.00718166
-234.40000039	-0.01121953
-234.36666706	-0.00728052
-234.33333372	-0.00420597
-234.30000039	-0.00210781
-234.26666706	0.00019557
-234.23333372	-0.00130287
-234.20000039	0.00467259
-234.16666706	0.00472064
-234.13333372	0.00442499
-234.10000039	0.00649442
-234.06666706	0.00522206
-234.03333372	0.00032830
-234.00000039	0.00291548
-233.96666706	0.00083582
-233.93333372	-0.00104556
-233.90000039	-0.00140926
-233.86666706	-0.00341428
-233.83333372	-0.00210622
-233.80000039	0.00165085
-233.76666706	0.00041321
-233.73333373	0.00709679
-233.70000039	0.00922524
-233.66666706	0.01364635
-233.63333373	0.01437062
-233.60000039	0.01695805
-233.56666706	0.01905909
-233.53333373	0.01465759
-233.50000039	0.00900630
-233.46666706	0.00615013
-233.43333373	0.00000686
-233.40000039	-0.00589087
-233.36666706	-0.00930147
-233.33333373	-0.01022432
-233.30000039	-0.01743748
-233.26666706	-0.01851603
-233.23333373	-0.01815994
-233.20000039	-0.02217388
-233.16666706	-0.02318896
-233.13333373	-0.02547408
-233.10000039	-0.03079425
-233.06666706	-0.03194137
-233.03333373	-0.03528538
-233.00000039	-0.03333218
-232.96666706	-0.03220519
-232.93333373	-0.03431655
-232.90000040	-0.03473125
-232.86666706	-0.03050552
-232.83333373	-0.02565697
-232.80000040	-0.02559718
-232.76666706	-0.02301707
-232.73333373	-0.02038705
-232.70000040	-0.01666484
-232.66666706	-0.01613494
-232.63333373	-0.01557504
-232.60000040	-0.01319473
-232.56666706	-0.01189678
-232.53333373	-0.01089173
-232.50000040	-0.00884059
-232.46666706	-0.01125289
-232.43333373	-0.00892675
-232.40000040	-0.01016876
-232.36666706	-0.00988985
-232.33333373	-0.00933822
-232.30000040	-0.00605998
-232.26666706	-0.00698931
-232.23333373	-0.00591767
-232.20000040	-0.00500390
-232.16666707	-0.00301979
-232.13333373	0.00101162
-232.10000040	-0.00116526
-232.06666707	0.00327705
-232.03333373	0.00274357
-232.00000040	0.00259064
-231.96666707	0.00412611
-231.93333373	0.00234449
-231.90000040	0.00079382
-231.86666707	-0.00419169
-231.83333373	-0.00570652
-231.80000040	-0.00693671
-231.76666707	-0.01165595
-231.73333373	-0.01464071
-231.70000040	-0.01961777
-231.66666707	-0.02543515
-231.63333373	-0.02847216
-231.60000040	-0.03162422
-231.56666707	-0.03185092
-231.53333373	-0.03285739
-231.50000040	-0.03511905
-231.46666707	-0.03377588
-231.43333373	-0.03142795
-231.40000040	-0.02867322
-231.36666707	-0.02466533
-231.33333374	-0.02029945
-231.30000040	-0.01390136
-231.26666707	-0.00985500
-231.23333374	-0.00736481
-231.20000040	-0.00066518
-231.16666707	0.00281926
-231.13333374	0.00696532
-231.10000040	0.00884720
-231.06666707	0.01302603
-231.03333374	0.01383191
-231.00000040	0.01347223
-230.96666707	0.01051954
-230.93333374	0.01145697
-230.90000040	0.01320248
-230.86666707	0.01144032
-230.83333374	0.00877292
-230.80000040	0.01260930
-230.76666707	0.01281163
-230.73333374	0.01771615
-230.70000040	0.01657595
-230.66666707	0.01893023
-230.63333374	0.02057704
-230.60000041	0.02168329
-230.56666707	0.02328592
-230.53333374	0.02258563
-230.50000041	0.02545279
-230.46666707	0.02577791
-230.43333374	0.02583338
-230.40000041	0.02825940
-230.36666707	0.02597439
-230.33333374	0.02662890
-230.30000041	0.02851448
-230.26666707	0.02825957
-230.23333374	0.02834858
-230.20000041	0.02579874
-230.16666707	0.02594416
-230.13333374	0.02419310
-230.10000041	0.02142899
-230.06666707	0.01812921
-230.03333374	0.01127073
-230.00000041	0.00485552
-229.96666707	-0.00243271
-229.93333374	-0.01230204
-229.90000041	-0.01545655
-229.86666707	-0.02619343
-229.83333374	-0.03612025
-229.80000041	-0.03871106
-229.76666708	-0.04420273
-229.73333374	-0.04404536
-229.70000041	-0.04506412
-229.66666708	-0.03889540
-229.63333374	-0.03516374
-229.60000041	-0.02618450
-229.56666708	-0.01701467
-229.53333374	-0.00493702
-229.50000041	0.00048788
-229.46666708	0.01183604
-229.43333374	0.02771151
-229.40000041	0.03589084
-229.36666708	0.04008902
-229.33333374	0.05060380
-229.30000041	0.05383898
-229.26666708	0.05048117
-229.23333374	0.05312538
-229.20000041	0.04756887
-229.16666708	0.04539253
-229.13333374	0.03393739
-229.10000041	0.02813382
-229.06666708	0.01642573
-229.03333375	0.01056402
-229.00000041	0.00048439
-228.96666708	-0.00340293
-228.93333375	-0.00815760
-228.90000041	-0.01151180
-228.86666708	-0.01324896
-228.83333375	-0.01517263
-228.80000041	-0.01257813
-228.76666708	-0.00730266
-228.73333375	-0.00466732
-228.70000041	0.00177065
-228.66666708	0.00610430
-228.63333375	0.01013008
-228.60000041	0.01477501
-228.56666708	0.01868486
-228.53333375	0.02044479
-228.50000041	0.02086097
-228.46666708	0.01731112
-228.43333375	0.01524211
-228.40000041	0.01414309
-228.36666708	0.01155540
-228.33333375	0.01000657
-228.30000041	0.00926936
-228.26666708	0.00591033
-228.23333375	0.00643264
-228.20000042	0.00372882
-228.16666708	0.00220209
-228.13333375	0.00278058
-228.10000042	0.00557029
-228.06666708	0.00432947
-228.03333375	0.00287781
-228.00000042	0.00199190
-227.96666708	0.00138843
-227.93333375	0.00100184
-227.90000042	0.00065170
-227.86666708	0.00002955
-227.83333375	0.00178499
-227.80000042	0.00282696
-227.76666708	0.00548784
-227.73333375	0.00406164
-227.70000042	0.00782828
-227.66666708	0.01050353
-227.63333375	0.01443616
-227.60000042	0.01647879
-227.56666708	0.01555403
-227.53333375	0.01581211
-227.50000042	0.01695541
-227.46666709	0.01672166
-227.43333375	0.01203128
-227.40000042	0.00962650
-227.36666709	0.00504377
-227.33333375	0.00089705
-227.30000042	-0.00253358
-227.26666709	-0.00506171
-227.23333375	-0.01114798
-227.20000042	-0.01440173
-227.16666709	-0.01548748
-227.13333375	-0.01948084
-227.10000042	-0.01661723
-227.06666709	-0.01294084
-227.03333375	-0.01180264
-227.00000042	-0.00691855
-226.96666709	-0.00495619
-226.93333375	0.00117020
