# COMPUTED by lab1_analysis.m (not an instrument capture)
# FFT of Assignment1_1000sampling.txt, Tukey alpha=0.1, Nfft=4096
# Frequency [THz]	THz Signal [dB]
0.00000000	-6.15982345
0.00732422	-1.66570130
0.01464844	8.12209639
0.02197266	8.83994455
0.02929688	2.13783042
0.03662109	0.22007444
0.04394531	10.63921973
0.05126953	14.30927108
0.05859375	9.75418434
0.06591797	13.42365897
0.07324219	17.94672724
0.08056641	12.36757363
0.08789063	16.90119265
0.09521484	23.95747600
0.10253906	22.22727592
0.10986328	18.84435350
0.11718750	25.62670447
0.12451172	25.97332915
0.13183594	23.92418343
0.13916016	26.55768615
0.14648438	27.80034612
0.15380859	26.84487882
0.16113281	27.17641391
0.16845703	29.08354087
0.17578125	29.21001374
0.18310547	27.75714496
0.19042969	29.09125188
0.19775391	30.59585893
0.20507813	30.00497797
0.21240234	29.56889910
0.21972656	30.87514620
0.22705078	32.00978875
0.23437500	31.51616036
0.24169922	30.78038994
0.24902344	32.32303489
0.25634766	32.54302500
0.26367188	31.49047692
0.27099609	32.86353013
0.27832031	33.40135281
0.28564453	32.35584242
0.29296875	33.00945430
0.30029297	33.68056023
0.30761719	33.19683071
0.31494141	33.10689196
0.32226563	33.45890017
0.32958985	33.69930041
0.33691406	33.56034795
0.34423828	33.50290286
0.35156250	34.03126550
0.35888672	34.12429700
0.36621094	33.82415774
0.37353516	33.85900484
0.38085938	34.14138949
0.38818360	34.50640219
0.39550781	34.53866857
0.40283203	34.48811029
0.41015625	34.67600039
0.41748047	34.59943381
0.42480469	34.44779963
0.43212891	34.37658044
0.43945313	34.28133477
0.44677735	34.33344127
0.45410156	34.29257836
0.46142578	34.21918203
0.46875000	34.13684948
0.47607422	34.06758929
0.48339844	34.18751462
0.49072266	34.21137038
0.49804688	34.26830873
0.50537110	34.22950366
0.51269531	34.30885408
0.52001953	34.57534395
0.52734375	34.02671057
0.53466797	34.01437686
0.54199219	34.57530499
0.54931641	33.09160335
0.55664063	31.08552348
0.56396485	32.31627230
0.57128906	33.47000589
0.57861328	33.73025953
0.58593750	33.32076240
0.59326172	33.47026212
0.60058594	33.78817589
0.60791016	33.22434505
0.61523438	33.36759698
0.62255860	33.50166654
0.62988282	33.21761559
0.63720703	33.51749624
0.64453125	33.26213037
0.65185547	33.27566630
0.65917969	33.36557347
0.66650391	32.75922614
0.67382813	33.07836363
0.68115235	32.81897443
0.68847657	32.22071311
0.69580078	32.72677456
0.70312500	32.10804816
0.71044922	31.85055058
0.71777344	32.30620741
0.72509766	31.45971534
0.73242188	31.50988693
0.73974610	31.64792395
0.74707032	30.10832595
0.75439453	29.53344603
0.76171875	30.63364957
0.76904297	31.18956944
0.77636719	30.96929642
0.78369141	30.88837140
0.79101563	31.02484993
0.79833985	30.74639576
0.80566407	30.64706557
0.81298828	30.48240295
0.82031250	30.16163526
0.82763672	30.17816489
0.83496094	30.05597107
0.84228516	29.92202778
0.84960938	29.73733582
0.85693360	29.58809841
0.86425782	29.52551410
0.87158203	29.30553329
0.87890625	29.43555820
0.88623047	29.31073332
0.89355469	29.13062507
0.90087891	29.29314200
0.90820313	28.99358606
0.91552735	28.98776928
0.92285157	28.98560259
0.93017579	28.76411749
0.93750000	28.85391151
0.94482422	28.49617029
0.95214844	28.51708595
0.95947266	28.41080127
0.96679688	27.82402223
0.97412110	28.09309599
0.98144532	27.27494826
0.98876954	26.22181863
0.99609375	27.20840440
1.00341797	27.49817833
1.01074219	27.43872837
1.01806641	27.35862714
1.02539063	27.21559267
1.03271485	27.27629743
1.04003907	27.11544091
1.04736329	27.12882730
1.05468750	26.82293019
1.06201172	26.72654915
1.06933594	26.64993777
1.07666016	26.10717521
1.08398438	26.29743903
1.09130860	23.61624905
1.09863282	13.95241583
1.10595704	22.14352261
1.11328125	22.99722734
1.12060547	23.48604170
1.12792969	25.74807263
1.13525391	25.35443606
1.14257813	24.86190367
1.14990235	24.57366923
1.15722657	20.65122109
1.16455079	12.28654055
1.17187500	22.10588665
1.17919922	24.98460508
1.18652344	24.62267345
1.19384766	24.91546887
1.20117188	24.23973582
1.20849610	20.95631793
1.21582032	23.43061339
1.22314454	23.77327910
1.23046876	21.14380683
1.23779297	23.65290767
1.24511719	24.48332672
1.25244141	24.04427345
1.25976563	24.48869262
1.26708985	24.10925038
1.27441407	24.08567724
1.28173829	24.06491432
1.28906251	23.73714615
1.29638672	23.86817392
1.30371094	23.57633899
1.31103516	23.44951364
1.31835938	23.20889000
1.32568360	22.81842635
1.33300782	23.11386936
1.34033204	23.02155931
1.34765626	22.76140431
1.35498047	22.81138273
1.36230469	22.60250293
1.36962891	22.39198124
1.37695313	22.45193010
1.38427735	22.10762119
1.39160157	21.86833387
1.39892579	21.87276346
1.40625001	18.54150566
1.41357422	11.75593494
1.42089844	19.91661649
1.42822266	21.43190181
1.43554688	20.86890511
1.44287110	21.33548599
1.45019532	21.05847037
1.45751954	20.95692198
1.46484376	21.08282210
1.47216797	20.71341977
1.47949219	20.80060803
1.48681641	20.56871447
1.49414063	20.41888121
1.50146485	20.40240151
1.50878907	20.09923766
1.51611329	20.09650498
1.52343751	19.83365489
1.53076173	19.74643142
1.53808594	19.64263862
1.54541016	19.36139596
1.55273438	19.49713840
1.56005860	19.14732413
1.56738282	19.13266507
1.57470704	19.05962101
1.58203126	18.62800713
1.58935548	18.95276851
1.59667969	17.16789083
1.60400391	13.91957089
1.61132813	16.67605962
1.61865235	17.86710224
1.62597657	17.50964134
1.63330079	17.16699209
1.64062501	16.92074259
1.64794923	16.29803893
1.65527344	12.70202066
1.66259766	2.73112611
1.66992188	-8.66421744
1.67724610	5.14970512
1.68457032	13.35632359
1.69189454	15.26856188
1.69921876	14.68529226
1.70654298	13.11516782
1.71386719	7.38848292
1.72119141	3.05149473
1.72851563	11.63076919
1.73583985	13.98611144
1.74316407	14.75955150
1.75048829	14.58516009
1.75781251	13.55163113
1.76513673	12.71483759
1.77246094	13.30291404
1.77978516	14.25772644
1.78710938	13.42189730
1.79443360	9.83603131
1.80175782	9.42485770
1.80908204	12.85048198
1.81640626	13.43636327
1.82373048	12.76691319
1.83105470	13.17397696
1.83837891	12.94939757
1.84570313	12.24787628
1.85302735	12.75742607
1.86035157	11.15891045
1.86767579	2.98059846
1.87500001	7.13915539
1.88232423	11.63065308
1.88964845	11.67081629
1.89697266	11.14326166
1.90429688	11.82059528
1.91162110	10.57444568
1.91894532	4.70613015
1.92626954	7.02878315
1.93359376	10.86775947
1.94091798	10.80195083
1.94824220	10.60644875
1.95556641	10.85325504
1.96289063	10.35722273
1.97021485	10.39740325
1.97753907	10.18466984
1.98486329	9.92047964
1.99218751	9.93989289
1.99951173	9.52506794
2.00683595	9.65814168
2.01416016	9.10453377
2.02148438	8.75390490
2.02880860	9.48740441
2.03613282	7.38484164
2.04345704	4.45972818
2.05078126	7.78909881
2.05810548	9.02985908
2.06542970	8.40419765
2.07275391	6.55022850
2.08007813	5.97759420
2.08740235	8.08198116
2.09472657	8.31665453
2.10205079	7.67776169
2.10937501	7.97841880
2.11669923	7.62151349
2.12402345	7.35884075
2.13134767	7.55586868
2.13867188	6.92695059
2.14599610	6.80065933
2.15332032	6.24717582
2.16064454	1.36816549
2.16796876	-12.69198163
2.17529298	3.01814586
2.18261720	5.62225765
2.18994142	3.73223607
2.19726563	-8.38773900
2.20458985	0.66547227
2.21191407	4.38579369
2.21923829	-0.52621049
2.22656251	-6.23539869
2.23388673	3.33535645
2.24121095	4.09583321
2.24853517	3.83594553
2.25585938	2.95907481
2.26318360	-4.53129523
2.27050782	-4.74451184
2.27783204	2.43216933
2.28515626	3.58164555
2.29248048	3.77364451
2.29980470	3.70163654
2.30712892	3.39288021
2.31445313	3.05390473
2.32177735	1.97745395
2.32910157	2.17077845
2.33642579	1.85259639
2.34375001	-2.85914562
2.35107423	-1.87375614
2.35839845	0.67538964
2.36572267	-3.19475505
2.37304688	-2.49721256
2.38037110	0.34405286
2.38769532	-3.73671008
2.39501954	-17.83513361
2.40234376	-2.97302550
2.40966798	0.00746697
2.41699220	0.56805999
2.42431642	-0.02230257
2.43164064	-0.17186631
2.43896485	-0.14897692
2.44628907	-0.39044226
2.45361329	-1.24284312
2.46093751	-6.77336973
2.46826173	-12.99282837
2.47558595	-2.46454670
2.48291017	-0.77189015
2.49023439	-0.77289160
2.49755860	-0.53243251
2.50488282	-0.71252675
2.51220704	-0.79017157
2.51953126	-0.82749624
2.52685548	-1.04083976
2.53417970	-1.01989224
2.54150392	-1.19588690
2.54882814	-1.39208029
2.55615235	-1.42451463
2.56347657	-1.91782369
2.57080079	-2.52690183
2.57812501	-2.38560418
2.58544923	-2.20057072
2.59277345	-2.56073993
2.60009767	-2.85444878
2.60742189	-3.05573482
2.61474610	-3.63620100
2.62207032	-5.20684721
2.62939454	-9.52827726
2.63671876	-19.39753704
2.64404298	-22.07390438
2.65136720	-15.39664470
2.65869142	-10.34376663
2.66601564	-8.12196101
2.67333985	-5.81143482
2.68066407	-6.02898463
2.68798829	-9.97279370
2.69531251	-6.55697364
2.70263673	-3.97997050
2.70996095	-4.49551638
2.71728517	-4.48609673
2.72460939	-4.26619820
2.73193361	-4.64943678
2.73925782	-4.79941646
2.74658204	-5.32055941
2.75390626	-5.88575045
2.76123048	-8.05188725
2.76855470	-15.31152938
2.77587892	-27.25679706
2.78320314	-19.28869966
2.79052736	-9.83922420
2.79785157	-6.65918109
2.80517579	-6.23462634
2.81250001	-5.68081271
2.81982423	-5.50212240
2.82714845	-5.65633759
2.83447267	-5.47133751
2.84179689	-5.78393007
2.84912111	-5.84097624
2.85644532	-6.04796416
2.86376954	-6.43121059
2.87109376	-6.81415027
2.87841798	-11.07188567
2.88574220	-27.82076037
2.89306642	-10.40460956
2.90039064	-7.74976598
2.90771486	-7.14253973
2.91503907	-7.22810428
2.92236329	-7.37275375
2.92968751	-7.10534042
2.93701173	-7.75304887
2.94433595	-7.93198925
2.95166017	-8.02478192
2.95898439	-11.31867753
2.96630861	-19.98459674
2.97363282	-28.10912893
2.98095704	-18.01161311
2.98828126	-12.33269082
2.99560548	-11.63853130
3.00292970	-15.37167728
3.01025392	-23.06999969
3.01757814	-24.65342033
3.02490236	-19.20010137
3.03222658	-13.62060762
3.03955079	-13.73900172
3.04687501	-22.51616102
3.05419923	-13.20995979
3.06152345	-9.43503121
3.06884767	-9.82950388
3.07617189	-9.88440117
3.08349611	-9.47937365
3.09082033	-10.11727868
3.09814454	-10.20869811
3.10546876	-10.39263547
3.11279298	-10.81613534
3.12011720	-11.84479953
3.12744142	-15.73735377
3.13476564	-24.85398351
3.14208986	-24.30444021
3.14941408	-15.37922642
3.15673829	-13.22706069
3.16406251	-17.13735343
3.17138673	-26.84548713
3.17871095	-18.03077155
3.18603517	-16.94391138
3.19335939	-13.23234488
3.20068361	-11.59665055
3.20800783	-13.92323654
3.21533204	-14.51581065
3.22265626	-13.23235829
3.22998048	-18.13635373
3.23730470	-19.87656163
3.24462892	-13.25191028
3.25195314	-12.86824395
3.25927736	-13.30354181
3.26660158	-12.89809385
3.27392579	-13.40432326
3.28125001	-13.41866915
3.28857423	-13.35093189
3.29589845	-13.87712989
3.30322267	-14.05363901
3.31054689	-14.13879418
3.31787111	-14.81246061
3.32519533	-17.55113621
3.33251955	-25.86871022
3.33984376	-24.55096141
3.34716798	-17.58135016
3.35449220	-15.31876563
3.36181642	-15.14756079
3.36914064	-15.00944219
3.37646486	-14.63647587
3.38378908	-15.01645707
3.39111330	-15.23712110
3.39843751	-15.25023104
3.40576173	-15.44924877
3.41308595	-15.46084959
3.42041017	-15.69016597
3.42773439	-15.96343873
3.43505861	-16.05484364
3.44238283	-16.07475254
3.44970705	-16.29208415
3.45703126	-16.70797420
3.46435548	-16.61998784
3.47167970	-16.95693048
3.47900392	-17.06627734
3.48632814	-16.56459976
3.49365236	-18.27289177
3.50097658	-19.83500437
3.50830080	-18.34374574
3.51562501	-18.44659370
3.52294923	-17.79202527
3.53027345	-18.20662885
3.53759767	-25.37170811
3.54492189	-23.66635588
3.55224611	-18.68854246
3.55957033	-18.96730036
3.56689455	-19.45402887
3.57421876	-19.59755045
3.58154298	-19.98529875
3.58886720	-20.44524257
3.59619142	-24.39181687
3.60351564	-35.65359372
3.61083986	-28.77686067
3.61816408	-26.32437110
3.62548830	-22.44322874
3.63281252	-21.01190067
3.64013673	-24.15224609
3.64746095	-30.50489528
3.65478517	-39.81914063
3.66210939	-36.08075617
3.66943361	-31.62162126
3.67675783	-25.32193016
3.68408205	-24.07814818
3.69140627	-25.95027659
3.69873048	-24.94461587
3.70605470	-22.44045985
3.71337892	-22.01162846
3.72070314	-22.24986961
3.72802736	-22.85985359
3.73535158	-23.61390983
3.74267580	-23.34212102
3.75000002	-23.06482573
3.75732423	-23.12784001
3.76464845	-23.29431601
3.77197267	-23.75149593
3.77929689	-24.22242069
3.78662111	-25.49020841
3.79394533	-29.58980735
3.80126955	-39.25877289
3.80859377	-44.26724452
3.81591798	-41.43767229
3.82324220	-35.27561222
3.83056642	-29.31340031
3.83789064	-26.55847764
3.84521486	-26.20590147
3.85253908	-27.81221887
3.85986330	-29.02286668
3.86718752	-27.58105729
3.87451173	-26.22813823
3.88183595	-26.42563459
3.88916017	-26.66837012
3.89648439	-26.50993177
3.90380861	-27.17070959
3.91113283	-27.17094143
3.91845705	-27.45764904
3.92578127	-30.08245312
3.93310549	-30.01470379
3.94042970	-28.75406877
3.94775392	-33.03662499
3.95507814	-47.41699624
3.96240236	-38.10190573
3.96972658	-40.45034994
3.97705080	-59.56854122
3.98437502	-47.71951133
3.99169924	-39.89769449
3.99902345	-37.72962664
4.00634767	-38.14537341
4.01367189	-33.70424083
4.02099611	-32.42766283
4.02832033	-34.62830090
4.03564455	-34.56395270
4.04296877	-34.37828714
4.05029299	-35.69028850
4.05761720	-34.00885682
4.06494142	-34.50061298
4.07226564	-36.80695222
4.07958986	-35.97461611
4.08691408	-34.90157139
4.09423830	-35.46465451
4.10156252	-36.16951648
4.10888674	-35.75879348
4.11621095	-35.22054447
4.12353517	-36.64423160
4.13085939	-39.92759089
4.13818361	-41.75436061
4.14550783	-41.21692748
4.15283205	-43.40002188
4.16015627	-51.26165203
4.16748049	-49.64239349
4.17480470	-55.36452716
4.18212892	-42.87463420
4.18945314	-45.37376275
4.19677736	-53.06093130
4.20410158	-40.02481645
4.21142580	-39.38927726
4.21875002	-53.50277266
4.22607424	-41.99284902
4.23339846	-41.36947917
4.24072267	-46.28664821
4.24804689	-40.38336842
4.25537111	-37.68567912
4.26269533	-40.87299382
4.27001955	-42.39006339
4.27734377	-41.27945170
4.28466799	-42.98787474
4.29199221	-43.02091821
4.29931642	-44.84888606
4.30664064	-45.39777859
4.31396486	-45.67004898
4.32128908	-47.35735513
4.32861330	-49.74619093
4.33593752	-58.30727191
4.34326174	-57.34909211
4.35058596	-59.91813264
4.35791017	-46.21184419
4.36523439	-49.85408944
4.37255861	-52.54968834
4.37988283	-57.14137580
4.38720705	-49.69545976
4.39453127	-52.76990631
4.40185549	-48.52930660
4.40917971	-47.95412696
4.41650392	-54.92493499
4.42382814	-52.73142920
4.43115236	-47.61851039
4.43847658	-49.62455787
4.44580080	-49.74028767
4.45312502	-58.64276042
4.46044924	-55.36588722
4.46777346	-46.99806960
4.47509767	-50.01505778
4.48242189	-49.44865943
4.48974611	-50.81641757
4.49707033	-47.89129997
4.50439455	-49.55558156
4.51171877	-60.67399399
4.51904299	-46.92862495
4.52636721	-44.08755052
4.53369143	-46.62680110
4.54101564	-45.18131809
4.54833986	-48.14960660
4.55566408	-47.34042025
4.56298830	-44.74531934
4.57031252	-63.39991375
4.57763674	-48.60865202
4.58496096	-44.45491000
4.59228518	-53.54490194
4.59960939	-45.47170881
4.60693361	-57.39467985
4.61425783	-50.88005035
4.62158205	-46.47970828
4.62890627	-50.64928794
4.63623049	-66.26791428
4.64355471	-47.18047916
4.65087893	-46.63433569
4.65820314	-49.44442202
4.66552736	-49.97878123
4.67285158	-46.50190018
4.68017580	-50.21352926
4.68750002	-52.47485109
4.69482424	-54.30446897
4.70214846	-47.12053994
4.70947268	-58.43447479
4.71679689	-60.42433927
4.72412111	-44.85657192
4.73144533	-47.44513580
4.73876955	-53.70590558
4.74609377	-71.07917647
4.75341799	-47.79079474
4.76074221	-47.86186718
4.76806643	-48.47747928
4.77539064	-57.74231387
4.78271486	-63.10804232
4.79003908	-46.32651517
4.79736330	-43.84560128
4.80468752	-51.15283764
4.81201174	-46.71972693
4.81933596	-49.05084998
4.82666018	-43.92428484
4.83398440	-43.60017644
4.84130861	-47.82888554
4.84863283	-50.17914362
4.85595705	-53.26162326
4.86328127	-49.72323438
4.87060549	-63.15775897
4.87792971	-57.93778354
4.88525393	-50.30227627
4.89257815	-50.61685372
4.89990236	-54.77914113
4.90722658	-51.89598885
4.91455080	-48.10884532
4.92187502	-50.00523533
4.92919924	-46.82960524
4.93652346	-57.54802994
4.94384768	-54.85291889
4.95117190	-54.14586192
4.95849611	-50.19158576
4.96582033	-53.17939095
4.97314455	-66.57724075
4.98046877	-48.94191764
4.98779299	-48.66901361
4.99511721	-52.37821385
5.00244143	-54.57819905
5.00976565	-57.10143230
5.01708986	-49.29797410
5.02441408	-49.69615085
5.03173830	-55.61639753
5.03906252	-60.02101219
5.04638674	-54.15102053
5.05371096	-58.49471134
5.06103518	-56.65327811
5.06835940	-51.12640524
5.07568361	-46.88369256
5.08300783	-48.04712795
5.09033205	-46.81671798
5.09765627	-51.83636253
5.10498049	-68.48204953
5.11230471	-72.57337384
5.11962893	-47.59072214
5.12695315	-48.05313446
5.13427737	-57.82853348
5.14160158	-48.98386246
5.14892580	-55.07187802
5.15625002	-45.62605994
5.16357424	-46.68797726
5.17089846	-49.86853157
5.17822268	-49.06029664
5.18554690	-52.94284469
5.19287112	-47.15946490
5.20019533	-44.78617831
5.20751955	-55.36845012
5.21484377	-64.54998615
5.22216799	-48.40708760
5.22949221	-50.39591503
5.23681643	-48.78889565
5.24414065	-47.98924985
5.25146487	-51.76914673
5.25878908	-49.07837733
5.26611330	-45.37047279
5.27343752	-52.68261615
5.28076174	-55.92576644
5.28808596	-57.86487630
5.29541018	-52.66662480
5.30273440	-51.25616501
5.31005862	-52.55244766
5.31738283	-49.84565181
5.32470705	-51.77497084
5.33203127	-53.09798836
5.33935549	-50.89123331
5.34667971	-50.15316746
5.35400393	-55.64675029
5.36132815	-55.97843613
5.36865237	-48.17138791
5.37597658	-47.52753466
5.38330080	-50.20714332
5.39062502	-47.80620828
5.39794924	-45.26888369
5.40527346	-49.55311645
5.41259768	-50.23713038
5.41992190	-48.04180963
5.42724612	-46.91923803
5.43457034	-50.96229360
5.44189455	-57.43545951
5.44921877	-51.18924385
5.45654299	-52.60196031
5.46386721	-64.80739602
5.47119143	-49.93398490
5.47851565	-51.59693948
5.48583987	-59.62372598
5.49316409	-54.14385446
5.50048830	-63.32365466
5.50781252	-50.90210636
5.51513674	-57.83560781
5.52246096	-57.26733416
5.52978518	-56.68878311
5.53710940	-52.52729199
5.54443362	-47.90844413
5.55175784	-51.55819397
5.55908205	-48.18926534
5.56640627	-56.10431618
5.57373049	-52.01186021
5.58105471	-51.67825821
5.58837893	-51.64945707
5.59570315	-56.91414957
5.60302737	-53.20742487
5.61035159	-56.12334538
5.61767580	-51.17999702
5.62500002	-59.24461686
5.63232424	-55.50404094
5.63964846	-56.17254720
5.64697268	-48.54617844
5.65429690	-49.78064452
5.66162112	-53.31546350
5.66894534	-71.05786326
5.67626955	-59.62844803
5.68359377	-49.06239085
5.69091799	-49.55563936
5.69824221	-51.62578037
5.70556643	-55.74816900
5.71289065	-55.53287368
5.72021487	-63.76880597
5.72753909	-54.35012493
5.73486331	-51.34666402
5.74218752	-47.25896124
5.74951174	-49.69451141
5.75683596	-49.63549039
5.76416018	-57.57947945
5.77148440	-49.26823589
5.77880862	-49.67758643
5.78613284	-49.13363196
5.79345706	-56.48133314
5.80078127	-61.55371668
5.80810549	-61.28003560
5.81542971	-60.69668730
5.82275393	-58.03826743
5.83007815	-49.22043628
5.83740237	-48.61678570
5.84472659	-52.86270615
5.85205081	-45.17063831
5.85937502	-54.87718608
5.86669924	-50.21796406
5.87402346	-47.62538787
5.88134768	-51.95802560
5.88867190	-58.19980978
5.89599612	-55.29013056
5.90332034	-51.91479544
5.91064456	-48.94229984
5.91796877	-66.64141279
5.92529299	-60.21097924
5.93261721	-52.34720319
5.93994143	-52.56423757
5.94726565	-58.76574417
5.95458987	-60.44133955
5.96191409	-57.40973685
5.96923831	-50.06208575
5.97656252	-51.73120608
5.98388674	-69.64326538
5.99121096	-57.45237048
5.99853518	-60.72382100
6.00585940	-55.42100588
6.01318362	-64.04625424
6.02050784	-53.08977853
6.02783206	-54.25206376
6.03515628	-49.36325302
6.04248049	-52.70926864
6.04980471	-60.75535356
6.05712893	-52.46965383
6.06445315	-55.11599724
6.07177737	-54.41612109
6.07910159	-53.53250663
6.08642581	-49.48903213
6.09375003	-53.60704389
6.10107424	-49.80720097
6.10839846	-57.54559598
6.11572268	-53.64979124
6.12304690	-72.05046025
6.13037112	-55.39613186
6.13769534	-54.89625964
6.14501956	-48.53886544
6.15234378	-51.14326827
6.15966799	-54.52620247
6.16699221	-51.25797847
6.17431643	-49.38592291
6.18164065	-50.63287232
6.18896487	-59.30619683
6.19628909	-55.19882147
6.20361331	-48.84685277
6.21093753	-54.26033937
6.21826174	-51.30701482
6.22558596	-55.57749115
6.23291018	-56.26216736
6.24023440	-52.53432238
6.24755862	-49.69753525
6.25488284	-51.74868530
6.26220706	-50.86311378
6.26953128	-50.85432564
6.27685549	-55.41288574
6.28417971	-48.89854972
6.29150393	-50.19949065
6.29882815	-58.95658822
6.30615237	-58.41286558
6.31347659	-51.29983881
6.32080081	-52.05953395
6.32812503	-57.01630797
6.33544925	-51.87674544
6.34277346	-50.70124344
6.35009768	-57.49055200
6.35742190	-55.87821826
6.36474612	-49.58804269
6.37207034	-49.87681404
6.37939456	-57.84025749
6.38671878	-55.57831219
6.39404300	-57.42349007
6.40136721	-56.72713936
6.40869143	-56.19867417
6.41601565	-54.84032819
6.42333987	-63.23675704
6.43066409	-63.07479380
6.43798831	-52.43945317
6.44531253	-52.43905166
6.45263675	-62.07049807
6.45996096	-55.87370106
6.46728518	-62.50077118
6.47460940	-56.89209396
6.48193362	-57.60076527
6.48925784	-59.53714771
6.49658206	-59.00430398
6.50390628	-49.05853481
6.51123050	-45.72743229
6.51855471	-51.19775353
6.52587893	-59.76100471
6.53320315	-50.14183668
6.54052737	-49.37275928
6.54785159	-63.98494276
6.55517581	-64.51979905
6.56250003	-54.20038624
6.56982425	-49.78775114
6.57714846	-75.20514896
6.58447268	-51.29955862
6.59179690	-57.07667022
6.59912112	-48.21443308
6.60644534	-49.72423783
6.61376956	-52.89716802
6.62109378	-57.68803898
6.62841800	-54.61880768
6.63574222	-52.01316342
6.64306643	-52.45908645
6.65039065	-54.64966001
6.65771487	-57.37195014
6.66503909	-50.74412473
6.67236331	-52.08326649
6.67968753	-50.19237107
6.68701175	-64.57043538
6.69433597	-62.86346280
6.70166018	-59.34197856
6.70898440	-52.20286498
6.71630862	-61.21360395
6.72363284	-58.18245663
6.73095706	-57.72770652
6.73828128	-55.69352859
6.74560550	-54.09800384
6.75292972	-55.66674188
6.76025393	-55.15783511
6.76757815	-54.89901911
6.77490237	-53.59130221
6.78222659	-55.43742195
6.78955081	-46.39831193
6.79687503	-56.78428826
6.80419925	-52.26959034
6.81152347	-65.71674297
6.81884768	-52.39668874
6.82617190	-56.50825357
6.83349612	-56.05907879
6.84082034	-50.26659754
6.84814456	-57.15442948
6.85546878	-60.75564738
6.86279300	-50.82523889
6.87011722	-52.43097132
6.87744143	-58.63091858
6.88476565	-54.57460352
6.89208987	-63.88618252
6.89941409	-56.35838342
6.90673831	-60.18754012
6.91406253	-50.44581297
6.92138675	-52.13469548
6.92871097	-50.17327382
6.93603519	-61.44634775
6.94335940	-51.50102339
6.95068362	-65.26514186
6.95800784	-61.55264894
6.96533206	-56.51712519
6.97265628	-62.75405525
6.97998050	-58.58044444
6.98730472	-59.05691985
6.99462894	-53.77222633
7.00195315	-47.74336307
7.00927737	-52.66072288
7.01660159	-52.49690206
7.02392581	-64.09548970
7.03125003	-58.26260902
7.03857425	-64.45149736
7.04589847	-56.74111869
7.05322269	-56.74880340
7.06054690	-54.54096050
7.06787112	-55.57971469
7.07519534	-61.86660928
7.08251956	-67.97631725
7.08984378	-54.30781313
7.09716800	-51.65470566
7.10449222	-53.19734107
7.11181644	-56.38507679
7.11914065	-52.20156766
7.12646487	-82.03137456
7.13378909	-56.81287276
7.14111331	-47.12384505
7.14843753	-45.74510921
7.15576175	-62.29116872
7.16308597	-56.43232546
7.17041019	-48.60680299
7.17773440	-48.38655318
7.18505862	-55.13049369
7.19238284	-68.25002632
7.19970706	-66.94715684
7.20703128	-57.39140508
7.21435550	-66.27006376
7.22167972	-54.48707945
7.22900394	-48.95352143
7.23632816	-51.11838078
7.24365237	-72.58100983
7.25097659	-61.48203197
7.25830081	-58.63055856
7.26562503	-55.27154164
7.27294925	-54.74249632
7.28027347	-54.55126759
7.28759769	-54.00361467
7.29492191	-58.11891121
7.30224612	-51.74137902
7.30957034	-57.58601949
7.31689456	-49.23149214
7.32421878	-58.66408605
7.33154300	-53.21549169
7.33886722	-54.68410018
7.34619144	-59.34897474
7.35351566	-53.21612082
7.36083987	-67.19513965
7.36816409	-52.42565173
7.37548831	-61.16737191
7.38281253	-50.37018777
7.39013675	-60.40748582
7.39746097	-69.18270080
7.40478519	-52.88031174
7.41210941	-52.76479447
7.41943362	-55.88988175
7.42675784	-62.39935800
7.43408206	-58.40808860
7.44140628	-51.94524253
7.44873050	-55.42084495
7.45605472	-47.20922266
7.46337894	-68.06835173
7.47070316	-55.30151490
7.47802737	-55.37742384
7.48535159	-54.81371969
7.49267581	-48.22831692
7.50000003	-37.62804506
7.50732425	-45.31482409
7.51464847	-48.02468295
7.52197269	-63.76265508
7.52929691	-50.91886366
7.53662113	-50.88187604
7.54394534	-53.61700022
7.55126956	-46.37826961
7.55859378	-55.12276330
7.56591800	-56.59342614
7.57324222	-55.04370035
7.58056644	-54.47222844
7.58789066	-58.67495100
7.59521488	-54.68978553
7.60253909	-48.51996469
7.60986331	-49.11015509
7.61718753	-48.51403909
7.62451175	-52.75618630
7.63183597	-51.70714190
7.63916019	-58.36469376
7.64648441	-52.43795608
7.65380863	-51.90049788
7.66113284	-54.30079193
7.66845706	-53.46128407
7.67578128	-54.93150034
7.68310550	-53.37660951
7.69042972	-54.82414344
7.69775394	-54.95462673
7.70507816	-58.35808776
7.71240238	-53.13449423
7.71972659	-54.65236328
7.72705081	-58.93885850
7.73437503	-50.73774103
7.74169925	-64.15033422
7.74902347	-50.43713041
7.75634769	-62.87699757
7.76367191	-49.80984212
7.77099613	-54.30841812
7.77832034	-51.56835809
7.78564456	-59.28048399
7.79296878	-55.25723002
7.80029300	-60.44465774
7.80761722	-53.91781564
7.81494144	-52.26577471
7.82226566	-57.14509170
7.82958988	-51.67372285
7.83691410	-47.74397696
7.84423831	-51.64143421
7.85156253	-69.64830141
7.85888675	-58.30113114
7.86621097	-75.65517792
7.87353519	-58.40146554
7.88085941	-70.33199078
7.88818363	-64.86427116
7.89550785	-54.05583326
7.90283206	-51.95532040
7.91015628	-55.28079411
7.91748050	-53.31221699
7.92480472	-52.13503842
7.93212894	-62.28152612
7.93945316	-48.65403964
7.94677738	-50.35756748
7.95410160	-55.36372611
7.96142581	-52.92897585
7.96875003	-54.88241034
7.97607425	-56.96406140
7.98339847	-56.92108337
7.99072269	-52.91000983
7.99804691	-46.78366655
8.00537113	-49.57625112
8.01269535	-52.54722447
8.02001956	-62.63144778
8.02734378	-51.53090183
8.03466800	-51.72855782
8.04199222	-60.50394660
8.04931644	-60.31044883
8.05664066	-52.54707579
8.06396488	-52.97920891
8.07128910	-65.50642148
8.07861331	-58.78807033
8.08593753	-62.05850531
8.09326175	-81.47097501
8.10058597	-56.51042551
8.10791019	-54.69849619
8.11523441	-52.68085926
8.12255863	-46.92086232
8.12988285	-51.92045443
8.13720707	-52.17115606
8.14453128	-56.83228839
8.15185550	-51.48265432
8.15917972	-46.87211431
8.16650394	-52.50802820
8.17382816	-56.74589725
8.18115238	-54.53471655
8.18847660	-51.30381315
8.19580082	-60.89223549
8.20312503	-60.17511124
8.21044925	-49.12236700
8.21777347	-48.00183800
8.22509769	-50.04081246
8.23242191	-53.55540850
8.23974613	-53.33635689
8.24707035	-55.39874207
8.25439457	-61.93389400
8.26171878	-52.50951111
8.26904300	-56.06764947
8.27636722	-67.72434189
8.28369144	-57.85675231
8.29101566	-52.09074829
8.29833988	-57.41145437
8.30566410	-48.76564941
8.31298832	-55.39489394
8.32031253	-59.79520510
8.32763675	-55.35590960
8.33496097	-55.97325500
8.34228519	-54.13929132
8.34960941	-57.30704252
8.35693363	-61.69066900
8.36425785	-48.04210391
8.37158207	-47.66952148
8.37890628	-47.90136049
8.38623050	-50.90478331
8.39355472	-51.67750860
8.40087894	-47.55567114
8.40820316	-51.86153724
8.41552738	-51.52265075
8.42285160	-52.57147798
8.43017582	-56.82365545
8.43750004	-47.29471661
8.44482425	-46.36981674
8.45214847	-53.29481813
8.45947269	-50.33253991
8.46679691	-54.77126841
8.47412113	-60.78496608
8.48144535	-51.25362377
8.48876957	-52.66751854
8.49609379	-55.10233580
8.50341800	-60.11036053
8.51074222	-55.71966803
8.51806644	-57.85526865
8.52539066	-56.53876022
8.53271488	-50.56799219
8.54003910	-55.54494311
8.54736332	-59.38138557
8.55468754	-60.37961794
8.56201175	-60.71184986
8.56933597	-54.13850654
8.57666019	-50.94883042
8.58398441	-58.89462721
8.59130863	-49.67594499
8.59863285	-56.76219177
8.60595707	-48.93231615
8.61328129	-45.64093619
8.62060550	-54.46884370
8.62792972	-66.06449214
8.63525394	-58.83712429
8.64257816	-50.00569565
8.64990238	-54.07181302
8.65722660	-50.07832465
8.66455082	-47.11165333
8.67187504	-55.56783233
8.67919925	-59.81841097
8.68652347	-57.11383910
8.69384769	-55.03479265
8.70117191	-49.49406040
8.70849613	-55.79407186
8.71582035	-55.32384318
8.72314457	-52.72197779
8.73046879	-58.14478215
8.73779301	-52.72255390
8.74511722	-48.84880503
8.75244144	-50.44902959
8.75976566	-54.94491372
8.76708988	-57.32757408
8.77441410	-62.26485840
8.78173832	-65.37786364
8.78906254	-61.72006720
8.79638676	-53.86154235
8.80371097	-51.94576948
8.81103519	-61.24545916
8.81835941	-58.90589654
8.82568363	-59.92895362
8.83300785	-58.78164516
8.84033207	-55.20190057
8.84765629	-61.75256024
8.85498051	-53.39526123
8.86230472	-52.14141474
8.86962894	-56.59697122
8.87695316	-50.62028056
8.88427738	-46.65967724
8.89160160	-54.84970519
8.89892582	-48.75156368
8.90625004	-52.41429510
8.91357426	-58.08101025
8.92089847	-69.97077731
8.92822269	-52.54356981
8.93554691	-52.04799470
8.94287113	-58.42212153
8.95019535	-55.62379695
8.95751957	-58.48865423
8.96484379	-55.96997453
8.97216801	-75.51400674
8.97949222	-62.62502584
8.98681644	-55.92057261
8.99414066	-49.53076508
9.00146488	-47.85997404
9.00878910	-74.39855418
9.01611332	-57.95494970
9.02343754	-53.77203565
9.03076176	-51.50235639
9.03808598	-61.96292577
9.04541019	-53.44923139
9.05273441	-56.25097603
9.06005863	-55.72626122
9.06738285	-54.48212326
9.07470707	-51.52924772
9.08203129	-50.82534086
9.08935551	-50.35146281
9.09667973	-58.02438132
9.10400394	-45.13635456
9.11132816	-48.35506355
9.11865238	-58.26106433
9.12597660	-51.65216178
9.13330082	-55.41622516
9.14062504	-54.85471915
9.14794926	-65.23005127
9.15527348	-54.78650167
9.16259769	-49.72795124
9.16992191	-53.82063704
9.17724613	-60.51949766
9.18457035	-55.70000762
9.19189457	-57.92380400
9.19921879	-59.77291151
9.20654301	-56.75253894
9.21386723	-63.28539251
9.22119144	-51.62418191
9.22851566	-51.19672876
9.23583988	-54.11199068
9.24316410	-49.03390610
9.25048832	-58.68443475
9.25781254	-61.60246576
9.26513676	-53.29509732
9.27246098	-51.60028204
9.27978519	-54.24034979
9.28710941	-58.73349492
9.29443363	-51.86263338
9.30175785	-49.71369693
9.30908207	-58.88051470
9.31640629	-52.59540380
9.32373051	-55.21438522
9.33105473	-54.76744427
9.33837895	-55.06133541
9.34570316	-56.69814755
9.35302738	-56.10986864
9.36035160	-65.22160863
9.36767582	-52.11181284
9.37500004	-54.92030208
9.38232426	-55.01521710
9.38964848	-57.45276414
9.39697270	-46.79156485
9.40429691	-46.86639342
9.41162113	-60.88033959
9.41894535	-61.17025328
9.42626957	-51.33375032
9.43359379	-50.40888209
9.44091801	-54.25741317
9.44824223	-55.40499441
9.45556645	-49.40871374
9.46289066	-50.73767703
9.47021488	-58.00720598
9.47753910	-54.99079926
9.48486332	-48.98758074
9.49218754	-54.51575662
9.49951176	-51.35211363
9.50683598	-52.82300134
9.51416020	-52.38557740
9.52148441	-57.93719750
9.52880863	-52.26801432
9.53613285	-54.09949647
9.54345707	-49.47530106
9.55078129	-54.62284845
9.55810551	-55.11179040
9.56542973	-67.97660628
9.57275395	-57.10714771
9.58007816	-61.57754530
9.58740238	-53.64112231
9.59472660	-49.05692516
9.60205082	-53.39607930
9.60937504	-58.56504826
9.61669926	-54.32031959
9.62402348	-51.49929632
9.63134770	-56.32106328
9.63867192	-46.35888681
9.64599613	-51.92465907
9.65332035	-57.85458241
9.66064457	-59.16696188
9.66796879	-66.88037235
9.67529301	-57.46014990
9.68261723	-49.26439049
9.68994145	-64.93267024
9.69726567	-48.33782426
9.70458988	-56.26574182
9.71191410	-51.44386647
9.71923832	-55.72122106
9.72656254	-50.99434380
9.73388676	-63.14876684
9.74121098	-50.46496498
9.74853520	-56.60153886
9.75585942	-63.53311597
9.76318363	-50.69141399
9.77050785	-51.24793275
9.77783207	-61.87104728
9.78515629	-57.53125210
9.79248051	-54.29170276
9.79980473	-49.59781837
9.80712895	-47.81092994
9.81445317	-64.32991521
9.82177738	-50.39373703
9.82910160	-52.13322268
9.83642582	-52.38830673
9.84375004	-49.27657344
9.85107426	-52.49684090
9.85839848	-50.77300373
9.86572270	-55.45638821
9.87304692	-51.12413431
9.88037113	-54.92128552
9.88769535	-50.50471636
9.89501957	-61.99299372
9.90234379	-64.91046059
9.90966801	-55.50068454
9.91699223	-58.50315226
9.92431645	-49.72784960
9.93164067	-54.97968614
9.93896489	-59.80542341
9.94628910	-59.84430402
9.95361332	-60.30001908
9.96093754	-48.62070981
9.96826176	-53.76760226
9.97558598	-47.55829351
9.98291020	-52.93161152
9.99023442	-50.38691968
9.99755864	-53.32934117
10.00488285	-53.31254061
10.01220707	-48.39569441
10.01953129	-54.07715599
10.02685551	-53.26321630
10.03417973	-57.34405090
10.04150395	-52.74246198
10.04882817	-55.45800693
10.05615239	-61.32894225
10.06347660	-52.43866666
10.07080082	-53.00256287
10.07812504	-53.77503445
10.08544926	-51.18553140
10.09277348	-47.27092705
10.10009770	-53.59078213
10.10742192	-56.85443704
10.11474614	-56.64171959
10.12207035	-52.08626928
10.12939457	-58.31804294
10.13671879	-56.27527520
10.14404301	-65.38315397
10.15136723	-53.17150241
10.15869145	-52.29564687
10.16601567	-58.40256717
10.17333989	-50.92478563
10.18066410	-50.05200491
10.18798832	-53.48139703
10.19531254	-64.21132390
10.20263676	-63.18243796
10.20996098	-62.09224630
10.21728520	-50.96999810
10.22460942	-54.52033347
10.23193364	-49.16155019
10.23925786	-57.22429085
10.24658207	-54.91042687
10.25390629	-66.10213238
10.26123051	-62.31399107
10.26855473	-63.28696956
10.27587895	-55.36257264
10.28320317	-52.82348351
10.29052739	-57.21318451
10.29785161	-54.48362647
10.30517582	-49.13827870
10.31250004	-48.08964084
10.31982426	-52.21311649
10.32714848	-54.68126445
10.33447270	-66.96500109
10.34179692	-55.97776293
10.34912114	-50.94482449
10.35644536	-54.81514859
10.36376957	-51.13923791
10.37109379	-56.07083288
10.37841801	-56.06166843
10.38574223	-57.73453279
10.39306645	-50.25560520
10.40039067	-66.91251437
10.40771489	-56.04744619
10.41503911	-50.31327014
10.42236332	-49.15483646
10.42968754	-61.77200480
10.43701176	-52.90868445
10.44433598	-63.45179251
10.45166020	-52.40935727
10.45898442	-62.81480460
10.46630864	-51.36085548
10.47363286	-52.18162246
10.48095707	-58.83732121
10.48828129	-65.84281689
10.49560551	-58.06900188
10.50292973	-56.87954127
10.51025395	-55.20593114
10.51757817	-54.45608567
10.52490239	-49.44451637
10.53222661	-47.66067941
10.53955083	-56.01272657
10.54687504	-62.42417269
10.55419926	-61.54626229
10.56152348	-57.98317297
10.56884770	-64.48351357
10.57617192	-54.14437867
10.58349614	-59.50191918
10.59082036	-54.36778327
10.59814458	-54.61435060
10.60546879	-68.60657523
10.61279301	-50.59401400
10.62011723	-60.45903915
10.62744145	-53.70301800
10.63476567	-53.14736070
10.64208989	-62.41388403
10.64941411	-58.91493127
10.65673833	-59.27669324
10.66406254	-54.67065241
10.67138676	-54.94095434
10.67871098	-56.13402130
10.68603520	-68.59972935
10.69335942	-57.50589947
10.70068364	-51.66655890
10.70800786	-51.56492856
10.71533208	-53.22759833
10.72265629	-70.12173666
10.72998051	-51.33155764
10.73730473	-48.21733096
10.74462895	-59.99348772
10.75195317	-50.17581169
10.75927739	-55.19905467
10.76660161	-58.64941709
10.77392583	-63.27670584
10.78125004	-57.65883465
10.78857426	-60.75587171
10.79589848	-51.63179620
10.80322270	-58.44671530
10.81054692	-73.41695309
10.81787114	-50.32745482
10.82519536	-52.64082665
10.83251958	-62.24829002
10.83984380	-54.23482819
10.84716801	-50.38095095
10.85449223	-51.25063400
10.86181645	-49.33463910
10.86914067	-57.59855154
10.87646489	-54.92411819
10.88378911	-54.66706427
10.89111333	-48.20069134
10.89843755	-52.25655336
10.90576176	-57.95371264
10.91308598	-57.77388473
10.92041020	-59.05235895
10.92773442	-52.99104475
10.93505864	-51.62142022
10.94238286	-56.55629380
10.94970708	-57.04375431
10.95703130	-52.86178164
10.96435551	-58.47996471
10.97167973	-54.65343697
10.97900395	-54.30974567
10.98632817	-65.59061898
10.99365239	-52.82556749
11.00097661	-54.92581894
11.00830083	-48.81321962
11.01562505	-53.72409309
11.02294926	-60.46809779
11.03027348	-64.16764948
11.03759770	-61.36609768
11.04492192	-59.14317115
11.05224614	-59.42801748
11.05957036	-57.37410617
11.06689458	-55.58617566
11.07421880	-53.06187595
11.08154301	-52.20999134
11.08886723	-56.91340895
11.09619145	-56.71473495
11.10351567	-55.39049288
11.11083989	-50.26474982
11.11816411	-51.78206870
11.12548833	-53.48076624
11.13281255	-56.18802289
11.14013677	-55.93125777
11.14746098	-53.29775460
11.15478520	-58.79004884
11.16210942	-61.26648190
11.16943364	-54.42425581
11.17675786	-52.01589244
11.18408208	-65.90001696
11.19140630	-56.01421125
11.19873052	-63.29684744
11.20605473	-57.62689411
11.21337895	-55.62302961
11.22070317	-60.76437621
11.22802739	-57.32526899
11.23535161	-55.13713938
11.24267583	-52.42363356
11.25000005	-57.27452853
11.25732427	-54.35585638
11.26464848	-58.19001374
11.27197270	-63.94780794
11.27929692	-55.38033671
11.28662114	-60.80374981
11.29394536	-56.00713692
11.30126958	-50.32759888
11.30859380	-59.91835590
11.31591802	-54.06620776
11.32324223	-56.32553108
11.33056645	-54.05169482
11.33789067	-52.22338361
11.34521489	-52.00220464
11.35253911	-59.83010220
11.35986333	-63.38336795
11.36718755	-62.58482416
11.37451177	-54.17944789
11.38183598	-54.13870396
11.38916020	-54.96966320
11.39648442	-54.77087105
11.40380864	-55.73356603
11.41113286	-65.18367874
11.41845708	-77.07878452
11.42578130	-63.49454404
11.43310552	-61.64338396
11.44042974	-52.53907404
11.44775395	-52.22447133
11.45507817	-52.76945483
11.46240239	-55.36551694
11.46972661	-49.61808309
11.47705083	-49.64019289
11.48437505	-48.91276545
11.49169927	-46.76632274
11.49902349	-52.18816348
11.50634770	-58.81220578
11.51367192	-55.72105803
11.52099614	-66.07146228
11.52832036	-47.02309162
11.53564458	-48.54081416
11.54296880	-55.98694254
11.55029302	-55.50496893
11.55761724	-56.12173050
11.56494145	-61.11771975
11.57226567	-47.05604262
11.57958989	-45.62849696
11.58691411	-61.85404963
11.59423833	-50.49733081
11.60156255	-66.11429607
11.60888677	-46.73086309
11.61621099	-56.12269268
11.62353520	-52.86459759
11.63085942	-61.28549044
11.63818364	-54.07707626
11.64550786	-56.56658661
11.65283208	-53.19444332
11.66015630	-46.89186082
11.66748052	-61.67406445
11.67480474	-59.08896262
11.68212895	-58.22912316
11.68945317	-53.42345048
11.69677739	-52.11322523
11.70410161	-53.56125238
11.71142583	-50.66945129
11.71875005	-49.80418705
11.72607427	-64.08648116
11.73339849	-51.13045299
11.74072271	-50.25055650
11.74804692	-60.68013241
11.75537114	-52.22243402
11.76269536	-49.20438397
11.77001958	-52.77066629
11.77734380	-52.94045652
11.78466802	-52.24989772
11.79199224	-54.63661030
11.79931646	-57.50654988
11.80664067	-51.46589421
11.81396489	-51.23872331
11.82128911	-56.48372297
11.82861333	-54.84099847
11.83593755	-57.49270539
11.84326177	-52.82443903
11.85058599	-52.02037394
11.85791021	-49.64387835
11.86523442	-58.57696859
11.87255864	-64.06918007
11.87988286	-53.21028116
11.88720708	-50.68911923
11.89453130	-50.16033279
11.90185552	-56.00344714
11.90917974	-55.34276360
11.91650396	-56.37645610
11.92382817	-64.40696218
11.93115239	-52.83816467
11.93847661	-54.80452656
11.94580083	-54.85768490
11.95312505	-51.73786829
11.96044927	-52.18942526
11.96777349	-56.32124779
11.97509771	-54.89140317
11.98242192	-54.79314778
11.98974614	-75.05623931
11.99707036	-52.07337716
12.00439458	-51.62160920
12.01171880	-61.33474216
12.01904302	-49.70349826
12.02636724	-47.66330501
12.03369146	-62.59114820
12.04101568	-58.04385676
12.04833989	-56.02699343
12.05566411	-60.27210617
12.06298833	-54.73906383
12.07031255	-50.84367548
12.07763677	-56.71289061
12.08496099	-52.75806656
12.09228521	-56.04602115
12.09960943	-56.61763802
12.10693364	-54.41625965
12.11425786	-46.76825719
12.12158208	-45.13795916
12.12890630	-53.03073137
12.13623052	-68.00811916
12.14355474	-59.48339277
12.15087896	-50.09757255
12.15820318	-51.65379447
12.16552739	-52.05121659
12.17285161	-68.68728619
12.18017583	-53.55133503
12.18750005	-49.33552049
12.19482427	-46.52766786
12.20214849	-51.06024709
12.20947271	-62.09298225
12.21679693	-51.16990289
12.22412114	-53.21716673
12.23144536	-52.37053988
12.23876958	-51.08505825
12.24609380	-53.54714441
12.25341802	-48.93707156
12.26074224	-51.11927375
12.26806646	-57.79992438
12.27539068	-58.93466282
12.28271489	-71.69608863
12.29003911	-56.32148205
12.29736333	-49.76931645
12.30468755	-46.04922104
12.31201177	-55.96344109
12.31933599	-49.04022782
12.32666021	-50.01030765
12.33398443	-52.45123904
12.34130865	-48.65992566
12.34863286	-55.22969897
12.35595708	-56.60610290
12.36328130	-55.74097012
12.37060552	-61.74008294
12.37792974	-58.80681630
12.38525396	-54.97342920
12.39257818	-59.31994724
12.39990240	-47.39670116
12.40722661	-51.64686488
12.41455083	-52.25125446
12.42187505	-62.05151888
12.42919927	-59.28215416
12.43652349	-53.40102200
12.44384771	-49.50542406
12.45117193	-48.67828555
12.45849615	-54.04831980
12.46582036	-51.75292254
12.47314458	-63.87211244
12.48046880	-49.75757707
12.48779302	-55.11382927
12.49511724	-61.84505154
12.50244146	-64.77857843
12.50976568	-60.62631717
12.51708990	-59.48808374
12.52441411	-58.88012642
12.53173833	-61.14016480
12.53906255	-52.92115272
12.54638677	-49.06409766
12.55371099	-51.51891853
12.56103521	-56.99836228
12.56835943	-50.57870447
12.57568365	-48.19425917
12.58300786	-48.86965142
12.59033208	-53.71694436
12.59765630	-51.85035825
12.60498052	-51.52406080
12.61230474	-51.69661692
12.61962896	-47.78815809
12.62695318	-58.47664115
12.63427740	-53.97507919
12.64160162	-70.80008655
12.64892583	-77.45345529
12.65625005	-59.64129963
12.66357427	-47.13015860
12.67089849	-47.74671836
12.67822271	-49.24988519
12.68554693	-56.62004144
12.69287115	-50.96317032
12.70019537	-56.08232837
12.70751958	-50.57004048
12.71484380	-52.33076868
12.72216802	-50.84658157
12.72949224	-56.04122158
12.73681646	-48.89060800
12.74414068	-49.35180988
12.75146490	-47.65399897
12.75878912	-49.38737863
12.76611333	-51.36896593
12.77343755	-52.41505876
12.78076177	-56.79370618
12.78808599	-53.48774174
12.79541021	-60.99982383
12.80273443	-54.14116912
12.81005865	-58.21298360
12.81738287	-55.25604961
12.82470708	-52.21446146
12.83203130	-51.33138834
12.83935552	-56.97069324
12.84667974	-72.32709387
12.85400396	-53.07067996
12.86132818	-51.68853544
12.86865240	-54.48344993
12.87597662	-55.41020414
12.88330083	-51.52965467
12.89062505	-49.96454414
12.89794927	-47.35855604
12.90527349	-57.32585277
12.91259771	-52.66941904
12.91992193	-67.15156950
12.92724615	-61.63881243
12.93457037	-81.97095549
12.94189459	-58.99586091
12.94921880	-69.00741708
12.95654302	-66.28997897
12.96386724	-56.64071926
12.97119146	-56.93515979
12.97851568	-56.10462080
12.98583990	-48.19156536
12.99316412	-60.18036108
13.00048834	-54.32171588
13.00781255	-52.42764549
13.01513677	-51.77218265
13.02246099	-73.46650992
13.02978521	-56.79756079
13.03710943	-60.36032349
13.04443365	-52.26177224
13.05175787	-55.31335900
13.05908209	-52.80767956
13.06640630	-53.63362184
13.07373052	-59.05109141
13.08105474	-49.97712425
13.08837896	-53.55833547
13.09570318	-52.12357487
13.10302740	-54.23810507
13.11035162	-59.17671429
13.11767584	-80.07755354
13.12500005	-60.52986472
13.13232427	-53.71800070
13.13964849	-57.98384821
13.14697271	-53.72641214
13.15429693	-59.17270150
13.16162115	-78.85058677
13.16894537	-65.59477214
13.17626959	-53.06439136
13.18359380	-51.77931683
13.19091802	-55.25640862
13.19824224	-55.59706307
13.20556646	-59.18520946
13.21289068	-52.41512024
13.22021490	-64.06248106
13.22753912	-59.16440892
13.23486334	-53.41928400
13.24218756	-59.30521098
13.24951177	-54.35790137
13.25683599	-46.68924139
13.26416021	-52.21611768
13.27148443	-64.48329803
13.27880865	-49.26991400
13.28613287	-49.28992585
13.29345709	-47.03664753
13.30078131	-53.23421407
13.30810552	-60.25496222
13.31542974	-52.57343461
13.32275396	-55.86923013
13.33007818	-68.34618009
13.33740240	-53.49794770
13.34472662	-56.13863049
13.35205084	-55.00091979
13.35937506	-56.84367812
13.36669927	-65.25498152
13.37402349	-52.82309134
13.38134771	-56.03457557
13.38867193	-52.68174611
13.39599615	-59.15113426
13.40332037	-54.05508013
13.41064459	-56.66640374
13.41796881	-51.71882478
13.42529302	-59.42506076
13.43261724	-54.56261347
13.43994146	-50.82575550
13.44726568	-49.93964383
13.45458990	-61.56760756
13.46191412	-52.59602614
13.46923834	-54.47465461
13.47656256	-50.80610366
13.48388677	-59.13712060
13.49121099	-53.87850506
13.49853521	-54.07522870
13.50585943	-50.65845893
13.51318365	-50.12633538
13.52050787	-58.13631138
13.52783209	-59.82486475
13.53515631	-51.32675750
13.54248053	-51.68784468
13.54980474	-52.90859967
13.55712896	-64.07289215
13.56445318	-48.70211110
13.57177740	-57.60758432
13.57910162	-58.15207980
13.58642584	-64.65877897
13.59375006	-55.79320542
13.60107428	-74.75809805
13.60839849	-60.78297586
13.61572271	-56.78244104
13.62304693	-49.52446886
13.63037115	-59.73664946
13.63769537	-50.21062438
13.64501959	-48.93854529
13.65234381	-60.04325989
13.65966803	-54.13972858
13.66699224	-62.55695418
13.67431646	-62.08360614
13.68164068	-57.55055952
13.68896490	-68.28839239
13.69628912	-53.35909429
13.70361334	-52.71843339
13.71093756	-49.55994915
13.71826178	-52.20363153
13.72558599	-54.67069717
13.73291021	-52.46226450
13.74023443	-49.53298176
13.74755865	-48.18090936
13.75488287	-59.94443655
13.76220709	-65.37676270
13.76953131	-48.67818138
13.77685553	-50.77621047
13.78417974	-54.28225027
13.79150396	-64.06117231
13.79882818	-64.47711529
13.80615240	-58.59642738
13.81347662	-50.82359007
13.82080084	-48.32809373
13.82812506	-58.97682343
13.83544928	-53.34737437
13.84277350	-53.32148088
13.85009771	-52.25528182
13.85742193	-56.25588349
13.86474615	-50.63575589
13.87207037	-54.22206475
13.87939459	-58.32975475
13.88671881	-56.65412545
13.89404303	-54.53806429
13.90136725	-52.71125917
13.90869146	-54.40500882
13.91601568	-57.37088233
13.92333990	-52.69066237
13.93066412	-54.89842274
13.93798834	-50.80637281
13.94531256	-55.90484227
13.95263678	-63.29277309
13.95996100	-50.79635373
13.96728521	-49.61053732
13.97460943	-53.18738673
13.98193365	-53.54385407
13.98925787	-56.83995748
13.99658209	-59.35520306
14.00390631	-57.90768784
14.01123053	-54.01599844
14.01855475	-53.82018396
14.02587896	-57.84640018
14.03320318	-75.86440864
14.04052740	-51.36260298
14.04785162	-54.09032346
14.05517584	-62.60740176
14.06250006	-60.75590907
14.06982428	-52.16060853
14.07714850	-59.73170059
14.08447271	-50.06194625
14.09179693	-58.12940294
14.09912115	-53.05932037
14.10644537	-50.87747233
14.11376959	-54.23985686
14.12109381	-51.67704823
14.12841803	-53.09743183
14.13574225	-50.60285219
14.14306647	-64.09592373
14.15039068	-49.67238797
14.15771490	-50.49350444
14.16503912	-51.70400213
14.17236334	-46.35202121
14.17968756	-50.02847201
14.18701178	-55.77505913
14.19433600	-59.54358804
14.20166022	-58.85163030
14.20898443	-70.20263010
14.21630865	-52.31137729
14.22363287	-64.63876765
14.23095709	-54.08494157
14.23828131	-54.85406793
14.24560553	-53.07335464
14.25292975	-57.39662466
14.26025397	-51.96703721
14.26757818	-64.49280214
14.27490240	-55.03677079
14.28222662	-63.56706904
14.28955084	-53.03041814
14.29687506	-53.50736544
14.30419928	-54.57454441
14.31152350	-55.26746537
14.31884772	-47.00628219
14.32617193	-46.41207238
14.33349615	-53.07093857
14.34082037	-53.79594118
14.34814459	-53.07856228
14.35546881	-51.81781132
14.36279303	-60.21873256
14.37011725	-49.44714949
14.37744147	-47.90454252
14.38476568	-53.51368113
14.39208990	-73.25046741
14.39941412	-56.02419656
14.40673834	-56.39749032
14.41406256	-53.82354217
14.42138678	-50.96636955
14.42871100	-68.47626132
14.43603522	-64.82678815
14.44335944	-53.21112052
14.45068365	-57.76960647
14.45800787	-69.41608564
14.46533209	-53.72865595
14.47265631	-48.38905446
14.47998053	-56.09724017
14.48730475	-52.12786950
14.49462897	-61.48828839
14.50195319	-62.27953060
14.50927740	-52.99669041
14.51660162	-60.55067695
14.52392584	-52.80216518
14.53125006	-71.15359125
14.53857428	-50.33216579
14.54589850	-52.69093242
14.55322272	-73.88702469
14.56054694	-59.37582504
14.56787115	-56.89555765
14.57519537	-61.44456372
14.58251959	-76.81190349
14.58984381	-56.02696969
14.59716803	-55.71340726
14.60449225	-70.48124384
14.61181647	-62.60321914
14.61914069	-62.32698288
14.62646490	-54.46241604
14.63378912	-49.90208796
14.64111334	-65.34935866
14.64843756	-51.69890382
14.65576178	-58.49659681
14.66308600	-55.77732095
14.67041022	-47.90873210
14.67773444	-50.06657875
14.68505865	-48.81230473
14.69238287	-52.99726047
14.69970709	-50.90676076
14.70703131	-50.80002511
14.71435553	-51.04505536
14.72167975	-52.61248357
14.72900397	-54.56832642
14.73632819	-53.47772026
14.74365241	-54.52383337
14.75097662	-55.19235127
14.75830084	-51.35080844
14.76562506	-51.61822472
14.77294928	-51.57851666
14.78027350	-47.15792824
14.78759772	-59.69203496
14.79492194	-51.69118539
14.80224616	-51.14711443
14.80957037	-64.97461412
14.81689459	-54.10396896
14.82421881	-53.13193878
14.83154303	-48.96218311
14.83886725	-56.07164303
14.84619147	-52.94530064
14.85351569	-55.24408487
14.86083991	-59.05831390
14.86816412	-61.01335364
14.87548834	-53.09687017
14.88281256	-53.98093361
14.89013678	-57.99004480
14.89746100	-51.62503937
14.90478522	-51.45597355
14.91210944	-57.02399866
14.91943366	-56.01438262
14.92675787	-46.98131764
14.93408209	-51.51533694
14.94140631	-63.92852844
14.94873053	-65.43546092
14.95605475	-61.29286307
14.96337897	-59.34562283
14.97070319	-54.53888432
14.97802741	-50.90208276
14.98535162	-60.64252912
14.99267584	-55.96550348
