# COMPUTED by lab1_analysis.m (not an instrument capture)
# FFT of Assignment1_calibration.txt, Tukey alpha=0.1, Nfft=4096
# Frequency [THz]	THz Signal [dB]
0.00000000	-0.31638926
0.00732422	-0.90983376
0.01464844	10.24500522
0.02197266	10.00687981
0.02929688	4.76102310
0.03662109	-0.35764758
0.04394531	11.25706161
0.05126953	13.90619489
0.05859375	11.26693586
0.06591797	13.64871953
0.07324219	18.20597659
0.08056641	11.56365318
0.08789063	16.62096957
0.09521484	23.93820673
0.10253906	22.42162697
0.10986328	18.91334641
0.11718750	25.55367664
0.12451172	25.82532924
0.13183594	23.91006173
0.13916016	26.60552738
0.14648438	27.74864741
0.15380859	26.75568325
0.16113281	27.17582824
0.16845703	29.10732215
0.17578125	29.25854859
0.18310547	27.79101100
0.19042969	29.07285344
0.19775391	30.54411021
0.20507813	30.01776371
0.21240234	29.65713677
0.21972656	30.86406132
0.22705078	31.97381254
0.23437500	31.55002132
0.24169922	30.85632415
0.24902344	32.35520426
0.25634766	32.55221258
0.26367188	31.52312803
0.27099609	32.89848082
0.27832031	33.41017359
0.28564453	32.36832576
0.29296875	33.02826138
0.30029297	33.66982898
0.30761719	33.19370833
0.31494141	33.14903709
0.32226563	33.50631171
0.32958985	33.71716993
0.33691406	33.57439045
0.34423828	33.55489746
0.35156250	34.06956004
0.35888672	34.12347580
0.36621094	33.84184743
0.37353516	33.89948019
0.38085938	34.15676545
0.38818360	34.50531220
0.39550781	34.55355325
0.40283203	34.51115445
0.41015625	34.68572471
0.41748047	34.60470530
0.42480469	34.45200796
0.43212891	34.37151345
0.43945313	34.28839278
0.44677735	34.36360755
0.45410156	34.33001703
0.46142578	34.24303610
0.46875000	34.13137043
0.47607422	34.07071711
0.48339844	34.23099191
0.49072266	34.25542169
0.49804688	34.30414280
0.50537110	34.27252381
0.51269531	34.34002664
0.52001953	34.58515084
0.52734375	34.00690014
0.53466797	33.98844798
0.54199219	34.59601150
0.54931641	33.10060348
0.55664063	31.00287357
0.56396485	32.29976442
0.57128906	33.50365935
0.57861328	33.74089289
0.58593750	33.31507900
0.59326172	33.46345472
0.60058594	33.77843760
0.60791016	33.21836015
0.61523438	33.38148781
0.62255860	33.53515355
0.62988282	33.23756891
0.63720703	33.51521137
0.64453125	33.26745007
0.65185547	33.28482028
0.65917969	33.38290885
0.66650391	32.77302313
0.67382813	33.07340164
0.68115235	32.82306658
0.68847657	32.23075495
0.69580078	32.74456278
0.70312500	32.14472427
0.71044922	31.85292290
0.71777344	32.28912455
0.72509766	31.45943163
0.73242188	31.52531724
0.73974610	31.66555939
0.74707032	30.05835601
0.75439453	29.46317316
0.76171875	30.64449960
0.76904297	31.18971862
0.77636719	30.95210429
0.78369141	30.88506611
0.79101563	31.01983234
0.79833985	30.73657000
0.80566407	30.63974817
0.81298828	30.49864581
0.82031250	30.16427100
0.82763672	30.16670030
0.83496094	30.07310998
0.84228516	29.90778207
0.84960938	29.74084757
0.85693360	29.64158506
0.86425782	29.52096133
0.87158203	29.29175723
0.87890625	29.42877347
0.88623047	29.29187035
0.89355469	29.17649912
0.90087891	29.31562874
0.90820313	28.95399190
0.91552735	28.98148422
0.92285157	28.99763871
0.93017579	28.74966483
0.93750000	28.79817194
0.94482422	28.45014612
0.95214844	28.52052845
0.95947266	28.40378610
0.96679688	27.81685114
0.97412110	28.09117678
0.98144532	27.24065387
0.98876954	26.18690794
0.99609375	27.21037297
1.00341797	27.51437143
1.01074219	27.42849680
1.01806641	27.31887807
1.02539063	27.22174884
1.03271485	27.28846889
1.04003907	27.09992657
1.04736329	27.09760345
1.05468750	26.74487191
1.06201172	26.65021448
1.06933594	26.60442262
1.07666016	26.08266379
1.08398438	26.28416221
1.09130860	23.53079272
1.09863282	13.50873285
1.10595704	22.19235795
1.11328125	23.01957320
1.12060547	23.51224434
1.12792969	25.74347318
1.13525391	25.34694147
1.14257813	24.82822267
1.14990235	24.45106032
1.15722657	20.42433305
1.16455079	11.79911199
1.17187500	22.07090129
1.17919922	24.92868141
1.18652344	24.50951389
1.19384766	24.88584360
1.20117188	24.22640527
1.20849610	20.77775418
1.21582032	23.38159512
1.22314454	23.80014431
1.23046876	21.13785088
1.23779297	23.62000679
1.24511719	24.42560936
1.25244141	23.98973089
1.25976563	24.48078302
1.26708985	24.14168889
1.27441407	24.05926643
1.28173829	23.99297917
1.28906251	23.76488822
1.29638672	23.94582985
1.30371094	23.60847541
1.31103516	23.45456248
1.31835938	23.21107212
1.32568360	22.82751169
1.33300782	23.07542842
1.34033204	22.92239704
1.34765626	22.68936320
1.35498047	22.75986927
1.36230469	22.54037874
1.36962891	22.35853659
1.37695313	22.43541798
1.38427735	22.02004709
1.39160157	21.73621242
1.39892579	21.81289883
1.40625001	18.48935446
1.41357422	11.40807018
1.42089844	19.86881637
1.42822266	21.38100742
1.43554688	20.88027415
1.44287110	21.41604541
1.45019532	21.10172096
1.45751954	20.90905987
1.46484376	21.00120115
1.47216797	20.63375907
1.47949219	20.72427742
1.48681641	20.54855075
1.49414063	20.43816550
1.50146485	20.33554182
1.50878907	19.97718137
1.51611329	20.03491137
1.52343751	19.83067468
1.53076173	19.69366484
1.53808594	19.49898072
1.54541016	19.27148401
1.55273438	19.46438096
1.56005860	19.05891610
1.56738282	19.09346095
1.57470704	19.06800515
1.58203126	18.52317238
1.58935548	18.78322740
1.59667969	17.03973398
1.60400391	13.69540017
1.61132813	16.48257772
1.61865235	17.83801299
1.62597657	17.61320982
1.63330079	17.27612769
1.64062501	16.95013729
1.64794923	16.21560032
1.65527344	12.49221427
1.66259766	2.49073636
1.66992188	-9.04737936
1.67724610	5.02985988
1.68457032	13.14749704
1.69189454	15.19425904
1.69921876	14.76545005
1.70654298	12.96543322
1.71386719	6.62920101
1.72119141	3.56936896
1.72851563	11.52139608
1.73583985	14.00271073
1.74316407	14.88667739
1.75048829	14.70746405
1.75781251	13.50914310
1.76513673	12.59881454
1.77246094	13.41154286
1.77978516	14.17625581
1.78710938	13.10960401
1.79443360	9.79995305
1.80175782	9.46470220
1.80908204	13.01713665
1.81640626	13.44332615
1.82373048	12.53252753
1.83105470	13.02359427
1.83837891	12.77769179
1.84570313	11.95855844
1.85302735	12.62185655
1.86035157	11.15586635
1.86767579	2.83281419
1.87500001	7.23654850
1.88232423	11.46454958
1.88964845	11.62168566
1.89697266	11.16090191
1.90429688	11.61128945
1.91162110	10.57025341
1.91894532	4.95350869
1.92626954	6.73811778
1.93359376	10.94288563
1.94091798	10.71041672
1.94824220	10.54618753
1.95556641	11.10639998
1.96289063	10.18772464
1.97021485	9.80274495
1.97753907	9.85608452
1.98486329	9.66256132
1.99218751	9.92120398
1.99951173	9.78120300
2.00683595	9.56964409
2.01416016	9.03413844
2.02148438	8.90709588
2.02880860	9.32357537
2.03613282	6.93766455
2.04345704	4.05985815
2.05078126	7.48785641
2.05810548	9.12488047
2.06542970	8.30339680
2.07275391	6.04675685
2.08007813	5.77559872
2.08740235	7.85768920
2.09472657	8.38554177
2.10205079	7.96818887
2.10937501	7.73061927
2.11669923	7.32816933
2.12402345	7.46426774
2.13134767	7.57174473
2.13867188	6.73050254
2.14599610	6.43094107
2.15332032	5.93296390
2.16064454	1.68702981
2.16796876	-12.96771543
2.17529298	3.61814771
2.18261720	5.78399362
2.18994142	3.45376968
2.19726563	-8.82670845
2.20458985	-0.08024817
2.21191407	3.81136671
2.21923829	-0.71890539
2.22656251	-5.30442510
2.23388673	3.41550258
2.24121095	3.76530100
2.24853517	3.74752942
2.25585938	2.92483850
2.26318360	-5.10091917
2.27050782	-4.35886866
2.27783204	2.11513071
2.28515626	3.76445435
2.29248048	4.45922350
2.29980470	3.74033837
2.30712892	3.10849056
2.31445313	3.34082602
2.32177735	1.49535050
2.32910157	1.31499429
2.33642579	2.27552991
2.34375001	-1.23468213
2.35107423	-1.44813338
2.35839845	0.82016916
2.36572267	-3.25299342
2.37304688	-2.45852921
2.38037110	-0.41669587
2.38769532	-4.90557546
2.39501954	-14.92422838
2.40234376	-3.05233330
2.40966798	-0.19793817
2.41699220	0.87342431
2.42431642	-0.41035050
2.43164064	-1.52996753
2.43896485	-1.27813676
2.44628907	-0.97091486
2.45361329	-1.65808988
2.46093751	-7.47599050
2.46826173	-12.24744900
2.47558595	-2.88730030
2.48291017	-1.41099815
2.49023439	-0.50559294
2.49755860	0.15485826
2.50488282	-1.11621636
2.51220704	-1.68098956
2.51953126	-0.86569638
2.52685548	-0.87383133
2.53417970	-1.06572977
2.54150392	-1.63724872
2.54882814	-1.39897273
2.55615235	-0.60922072
2.56347657	-1.33496100
2.57080079	-2.25073127
2.57812501	-2.56613169
2.58544923	-3.35310664
2.59277345	-2.59272636
2.60009767	-2.61857169
2.60742189	-3.82106001
2.61474610	-3.89922548
2.62207032	-5.16154648
2.62939454	-9.67420484
2.63671876	-37.03031767
2.64404298	-15.69225510
2.65136720	-15.75962394
2.65869142	-8.11251922
2.66601564	-6.79168766
2.67333985	-4.37179274
2.68066407	-5.03231922
2.68798829	-10.80061422
2.69531251	-6.11902063
2.70263673	-3.28917768
2.70996095	-4.05663104
2.71728517	-5.10750026
2.72460939	-4.67387029
2.73193361	-4.95319510
2.73925782	-5.42767565
2.74658204	-6.91810617
2.75390626	-6.29794217
2.76123048	-6.26435316
2.76855470	-13.18067544
2.77587892	-16.00126169
2.78320314	-21.38464509
2.79052736	-9.36481316
2.79785157	-6.50908921
2.80517579	-5.37088352
2.81250001	-5.50409335
2.81982423	-6.34876070
2.82714845	-6.10826883
2.83447267	-4.33995117
2.84179689	-4.52296025
2.84912111	-5.64320061
2.85644532	-5.88959397
2.86376954	-5.78154022
2.87109376	-6.69883245
2.87841798	-14.04231792
2.88574220	-17.99185002
2.89306642	-10.11572232
2.90039064	-8.50668542
2.90771486	-7.02411124
2.91503907	-6.01914676
2.92236329	-7.39000980
2.92968751	-9.20393582
2.93701173	-8.33444265
2.94433595	-7.04733596
2.95166017	-7.52066164
2.95898439	-12.12076774
2.96630861	-16.69242226
2.97363282	-19.72498069
2.98095704	-16.89307029
2.98828126	-9.35691325
2.99560548	-12.35775459
3.00292970	-12.62148330
3.01025392	-15.82652757
3.01757814	-17.89820944
3.02490236	-14.28564931
3.03222658	-13.43577580
3.03955079	-14.38722450
3.04687501	-22.86938977
3.05419923	-9.94890972
3.06152345	-9.14456177
3.06884767	-10.87902999
3.07617189	-10.28809213
3.08349611	-8.26463021
3.09082033	-9.33873544
3.09814454	-11.66383277
3.10546876	-10.83722287
3.11279298	-11.17756360
3.12011720	-15.45700284
3.12744142	-19.33410377
3.13476564	-16.54593524
3.14208986	-25.26498290
3.14941408	-15.75273757
3.15673829	-17.79250013
3.16406251	-22.17194260
3.17138673	-23.79025640
3.17871095	-13.01722357
3.18603517	-14.68374544
3.19335939	-15.42855735
3.20068361	-12.74232835
3.20800783	-10.92040253
3.21533204	-10.04684536
3.22265626	-13.50109888
3.22998048	-28.38610031
3.23730470	-18.29475888
3.24462892	-14.11975337
3.25195314	-13.19189927
3.25927736	-13.83422577
3.26660158	-14.64168277
3.27392579	-11.94073983
3.28125001	-11.17252106
3.28857423	-13.92451552
3.29589845	-15.53068427
3.30322267	-16.01758663
3.31054689	-15.43216290
3.31787111	-12.93413508
3.32519533	-15.32687791
3.33251955	-32.55343768
3.33984376	-22.18517620
3.34716798	-16.90233162
3.35449220	-15.59607933
3.36181642	-14.97567980
3.36914064	-13.16201880
3.37646486	-14.19508839
3.38378908	-17.44849836
3.39111330	-18.28982615
3.39843751	-15.65995323
3.40576173	-15.26075965
3.41308595	-16.16218986
3.42041017	-16.62661261
3.42773439	-17.51152308
3.43505861	-14.44090400
3.44238283	-14.41348715
3.44970705	-12.27998728
3.45703126	-13.62317375
3.46435548	-16.80823929
3.47167970	-18.23288132
3.47900392	-16.50353440
3.48632814	-15.53052990
3.49365236	-17.60644240
3.50097658	-18.98867620
3.50830080	-14.84802431
3.51562501	-14.45260814
3.52294923	-16.26805148
3.53027345	-15.28207667
3.53759767	-18.39728562
3.54492189	-26.41685552
3.55224611	-20.06919744
3.55957033	-15.38816232
3.56689455	-14.96292445
3.57421876	-19.78472347
3.58154298	-19.31383495
3.58886720	-16.75056417
3.59619142	-29.09067246
3.60351564	-19.87789466
3.61083986	-20.50714981
3.61816408	-42.30013464
3.62548830	-17.22195238
3.63281252	-22.73905788
3.64013673	-18.23638460
3.64746095	-39.43531186
3.65478517	-17.79365491
3.66210939	-27.39880902
3.66943361	-22.75588092
3.67675783	-35.29419203
3.68408205	-28.27653400
3.69140627	-31.50407143
3.69873048	-19.88744784
3.70605470	-15.67683239
3.71337892	-17.67116839
3.72070314	-24.62370866
3.72802736	-30.52904254
3.73535158	-24.89140056
3.74267580	-21.55449502
3.75000002	-18.60033088
3.75732423	-17.69927031
3.76464845	-19.23266451
3.77197267	-38.43552413
3.77929689	-17.25550906
3.78662111	-21.83527532
3.79394533	-22.94868843
3.80126955	-24.46593041
3.80859377	-28.69772079
3.81591798	-31.02683826
3.82324220	-21.90649251
3.83056642	-26.46629050
3.83789064	-21.55823339
3.84521486	-28.51197986
3.85253908	-21.60712901
3.85986330	-23.75077862
3.86718752	-22.71735317
3.87451173	-22.36454217
3.88183595	-27.70496734
3.88916017	-24.38339813
3.89648439	-24.34197689
3.90380861	-20.13780040
3.91113283	-19.80144538
3.91845705	-19.23568455
3.92578127	-18.33272223
3.93310549	-23.84449011
3.94042970	-21.28752971
3.94775392	-27.57423123
3.95507814	-23.69155314
3.96240236	-33.82037363
3.96972658	-17.11702893
3.97705080	-22.41206707
3.98437502	-19.68898323
3.99169924	-28.11251948
3.99902345	-20.04181601
4.00634767	-36.06615376
4.01367189	-20.16390815
4.02099611	-33.13268540
4.02832033	-18.88037355
4.03564455	-21.86331234
4.04296877	-20.71345779
4.05029299	-19.35639191
4.05761720	-27.08898747
4.06494142	-21.12569149
4.07226564	-23.44662447
4.07958986	-19.73284934
4.08691408	-44.28615985
4.09423830	-24.93764536
4.10156252	-22.60559196
4.10888674	-18.52920186
4.11621095	-19.50334104
4.12353517	-20.48126505
4.13085939	-32.37964636
4.13818361	-29.01867830
4.14550783	-22.94265527
4.15283205	-25.97609534
4.16015627	-21.33538543
4.16748049	-19.89565877
4.17480470	-21.30426503
4.18212892	-28.93434128
4.18945314	-20.28468602
4.19677736	-23.10282742
4.20410158	-30.66687974
4.21142580	-24.42294266
4.21875002	-27.36316850
4.22607424	-19.80195711
4.23339846	-43.30936246
4.24072267	-20.80677160
4.24804689	-36.23432963
4.25537111	-26.18410801
4.26269533	-23.82044692
4.27001955	-16.40163978
4.27734377	-28.92039417
4.28466799	-19.91525330
4.29199221	-19.70517674
4.29931642	-16.56677571
4.30664064	-23.94418055
4.31396486	-37.82425358
4.32128908	-26.42944070
4.32861330	-24.25054022
4.33593752	-40.06096966
4.34326174	-19.53788782
4.35058596	-17.96200369
4.35791017	-32.56111162
4.36523439	-20.56937705
4.37255861	-22.96288511
4.37988283	-19.55188352
4.38720705	-24.97265827
4.39453127	-22.89075238
4.40185549	-23.60369235
4.40917971	-19.10706605
4.41650392	-20.97355334
4.42382814	-19.82524680
4.43115236	-22.72262397
4.43847658	-21.85616838
4.44580080	-20.47645326
4.45312502	-23.62070737
4.46044924	-25.86965429
4.46777346	-19.67445318
4.47509767	-22.52646171
4.48242189	-27.56473805
4.48974611	-19.23941124
4.49707033	-24.24595034
4.50439455	-18.21262616
4.51171877	-23.28609023
4.51904299	-21.03089652
4.52636721	-25.73348635
4.53369143	-27.78584285
4.54101564	-25.10364919
4.54833986	-23.48664816
4.55566408	-31.28427972
4.56298830	-26.32180933
4.57031252	-21.68329973
4.57763674	-25.69041984
4.58496096	-20.14075986
4.59228518	-15.06258072
4.59960939	-25.33658614
4.60693361	-22.87859958
4.61425783	-24.89802257
4.62158205	-20.26698344
4.62890627	-20.62543534
4.63623049	-21.44616101
4.64355471	-24.16160181
4.65087893	-20.40404601
4.65820314	-23.02919439
4.66552736	-18.48514895
4.67285158	-30.18429705
4.68017580	-20.15511975
4.68750002	-22.09320523
4.69482424	-23.50155545
4.70214846	-20.22350972
4.70947268	-20.55705096
4.71679689	-24.75273690
4.72412111	-18.20613332
4.73144533	-25.66879546
4.73876955	-25.94650462
4.74609377	-20.56870329
4.75341799	-23.89173372
4.76074221	-19.77416091
4.76806643	-16.33998500
4.77539064	-30.51288497
4.78271486	-18.55035795
4.79003908	-25.64142822
4.79736330	-26.21540492
4.80468752	-30.36387078
4.81201174	-25.09978677
4.81933596	-19.65004068
4.82666018	-21.80830362
4.83398440	-18.71368944
4.84130861	-26.41424286
4.84863283	-16.82127450
4.85595705	-21.06080627
4.86328127	-24.32264270
4.87060549	-38.87602461
4.87792971	-22.11997818
4.88525393	-18.36672154
4.89257815	-27.25847948
4.89990236	-20.93574555
4.90722658	-25.23669744
4.91455080	-24.14770520
4.92187502	-26.41896090
4.92919924	-23.77227167
4.93652346	-21.38722670
4.94384768	-19.20627971
4.95117190	-16.88778770
4.95849611	-26.43137958
4.96582033	-15.88787911
4.97314455	-22.02882806
4.98046877	-26.60311767
4.98779299	-26.67594681
4.99511721	-21.06940421
5.00244143	-32.27076582
5.00976565	-22.40181949
5.01708986	-36.05243789
5.02441408	-24.03132790
5.03173830	-25.08959684
5.03906252	-22.70335825
5.04638674	-31.38364439
5.05371096	-23.63048240
5.06103518	-26.72027312
5.06835940	-20.62895667
5.07568361	-19.49799994
5.08300783	-14.97310600
5.09033205	-18.89052364
5.09765627	-22.31006661
5.10498049	-21.29281512
5.11230471	-28.30114351
5.11962893	-24.55954450
5.12695315	-21.23423397
5.13427737	-25.95501469
5.14160158	-31.86709868
5.14892580	-19.31300550
5.15625002	-19.06987373
5.16357424	-30.14077014
5.17089846	-22.89121536
5.17822268	-30.96769953
5.18554690	-23.68300488
5.19287112	-26.95262036
5.20019533	-27.18207996
5.20751955	-20.67432791
5.21484377	-24.56480485
5.22216799	-26.47035832
5.22949221	-25.95148517
5.23681643	-24.98363940
5.24414065	-30.41364376
5.25146487	-25.84766504
5.25878908	-33.07542027
5.26611330	-26.34936335
5.27343752	-31.66551079
5.28076174	-30.26978969
5.28808596	-35.72516001
5.29541018	-39.00783906
5.30273440	-25.89624122
5.31005862	-26.35629886
5.31738283	-32.72609609
5.32470705	-27.49550141
5.33203127	-19.57065092
5.33935549	-25.67524127
5.34667971	-18.29332597
5.35400393	-18.97677099
5.36132815	-16.70401333
5.36865237	-21.55108214
5.37597658	-20.07435718
5.38330080	-22.70363367
5.39062502	-23.48994522
5.39794924	-30.19500391
5.40527346	-35.64882922
5.41259768	-25.03769315
5.41992190	-25.63885254
5.42724612	-20.23567248
5.43457034	-24.41343754
5.44189455	-16.79497538
5.44921877	-19.68979674
5.45654299	-21.84752902
5.46386721	-22.79564550
5.47119143	-20.96827885
5.47851565	-21.44714491
5.48583987	-26.80221547
5.49316409	-20.24663814
5.50048830	-21.95532024
5.50781252	-32.88684910
5.51513674	-23.69339161
5.52246096	-21.56415987
5.52978518	-18.19119994
5.53710940	-30.30281301
5.54443362	-24.12714491
5.55175784	-19.96609849
5.55908205	-18.49859144
5.56640627	-27.60202868
5.57373049	-18.53031241
5.58105471	-29.03802232
5.58837893	-22.58626227
5.59570315	-21.69189425
5.60302737	-31.33726971
5.61035159	-34.04621156
5.61767580	-25.39363243
5.62500002	-27.27190850
5.63232424	-18.89683473
5.63964846	-31.25613637
5.64697268	-31.18301186
5.65429690	-22.92636485
5.66162112	-22.83836708
5.66894534	-25.02465223
5.67626955	-23.62965066
5.68359377	-36.62655156
5.69091799	-21.00484172
5.69824221	-23.18529721
5.70556643	-26.58469191
5.71289065	-27.02947257
5.72021487	-22.53054555
5.72753909	-23.65565761
5.73486331	-16.83602414
5.74218752	-14.89620163
5.74951174	-28.42561342
5.75683596	-19.01936834
5.76416018	-29.94849386
5.77148440	-26.16566629
5.77880862	-21.69389262
5.78613284	-37.49366488
5.79345706	-24.78052103
5.80078127	-31.05056751
5.80810549	-28.05030337
5.81542971	-20.66330060
5.82275393	-24.45493555
5.83007815	-38.18892005
5.83740237	-35.89372477
5.84472659	-23.40033622
5.85205081	-28.35071753
5.85937502	-26.70350892
5.86669924	-23.60014405
5.87402346	-25.73040404
5.88134768	-24.73287269
5.88867190	-25.87257683
5.89599612	-26.68806018
5.90332034	-27.54933246
5.91064456	-27.51724249
5.91796877	-22.76125726
5.92529299	-25.87931177
5.93261721	-23.88319207
5.93994143	-19.71843865
5.94726565	-29.28838194
5.95458987	-36.81782829
5.96191409	-23.53703715
5.96923831	-32.97775305
5.97656252	-27.77788558
5.98388674	-26.85936738
5.99121096	-26.49259291
5.99853518	-22.37679165
6.00585940	-19.36086465
6.01318362	-22.62445396
6.02050784	-24.24977497
6.02783206	-19.38302982
6.03515628	-21.57108378
6.04248049	-24.35998003
6.04980471	-21.47343210
6.05712893	-42.74144910
6.06445315	-18.07628793
6.07177737	-18.26064633
6.07910159	-18.38144142
6.08642581	-17.63127899
6.09375003	-19.35896264
6.10107424	-18.94355087
6.10839846	-28.80328711
6.11572268	-23.80120797
6.12304690	-24.08388666
6.13037112	-28.12967633
6.13769534	-23.57061691
6.14501956	-23.15560615
6.15234378	-27.31026602
6.15966799	-19.49527314
6.16699221	-31.20023859
6.17431643	-19.07455486
6.18164065	-28.91846585
6.18896487	-25.54175645
6.19628909	-27.17910030
6.20361331	-30.51052223
6.21093753	-23.28963726
6.21826174	-23.51698960
6.22558596	-16.39694510
6.23291018	-19.84829909
6.24023440	-18.92624751
6.24755862	-31.18274538
6.25488284	-21.27715282
6.26220706	-19.15042386
6.26953128	-22.10988345
6.27685549	-32.15880824
6.28417971	-24.13720629
6.29150393	-21.29373778
6.29882815	-36.18495739
6.30615237	-20.85536115
6.31347659	-21.48837768
6.32080081	-28.59778196
6.32812503	-23.70282178
6.33544925	-21.54656357
6.34277346	-21.13653324
6.35009768	-29.01384211
6.35742190	-23.18314802
6.36474612	-26.40363135
6.37207034	-18.88824948
6.37939456	-30.60108917
6.38671878	-24.55387907
6.39404300	-25.08430635
6.40136721	-37.57690526
6.40869143	-21.41277925
6.41601565	-32.60732238
6.42333987	-30.38737044
6.43066409	-25.48248243
6.43798831	-23.47421790
6.44531253	-32.15020411
6.45263675	-19.14133006
6.45996096	-25.30165655
6.46728518	-22.28140614
6.47460940	-20.01577128
6.48193362	-19.07701579
6.48925784	-20.92952354
6.49658206	-21.00121264
6.50390628	-19.97794306
6.51123050	-20.08945873
6.51855471	-23.91844637
6.52587893	-20.54168875
6.53320315	-19.93927646
6.54052737	-27.70373849
6.54785159	-25.17645541
6.55517581	-26.26484222
6.56250003	-25.36896159
6.56982425	-28.78336235
6.57714846	-21.71398231
6.58447268	-26.06497090
6.59179690	-26.40707868
6.59912112	-24.28315882
6.60644534	-29.49262721
6.61376956	-19.71884162
6.62109378	-24.42464934
6.62841800	-19.97889865
6.63574222	-28.44127748
6.64306643	-20.48265478
6.65039065	-23.16599099
6.65771487	-25.67810547
6.66503909	-19.27661091
6.67236331	-20.75033965
6.67968753	-26.98996123
6.68701175	-22.20550531
6.69433597	-21.55287951
6.70166018	-24.25226461
6.70898440	-21.82317540
6.71630862	-19.38825216
6.72363284	-19.38470505
6.73095706	-25.97739013
6.73828128	-27.11496353
6.74560550	-26.37382261
6.75292972	-21.57930985
6.76025393	-25.26369397
6.76757815	-16.22237255
6.77490237	-21.49737472
6.78222659	-33.00398227
6.78955081	-21.51824237
6.79687503	-23.87274544
6.80419925	-25.40802242
6.81152347	-22.04132008
6.81884768	-24.38146221
6.82617190	-25.42326609
6.83349612	-21.21975976
6.84082034	-27.26556580
6.84814456	-17.47052760
6.85546878	-31.72160991
6.86279300	-19.73688748
6.87011722	-27.49609003
6.87744143	-19.93795181
6.88476565	-24.46151543
6.89208987	-23.98863509
6.89941409	-21.72792347
6.90673831	-27.11355275
6.91406253	-21.15583369
6.92138675	-26.21910142
6.92871097	-28.94298881
6.93603519	-21.91126663
6.94335940	-28.17887023
6.95068362	-17.59482872
6.95800784	-18.38525949
6.96533206	-24.67358203
6.97265628	-26.00410657
6.97998050	-33.35501559
6.98730472	-26.25763557
6.99462894	-29.36049851
7.00195315	-25.90895197
7.00927737	-21.15661073
7.01660159	-16.64249588
7.02392581	-29.64724758
7.03125003	-26.45798665
7.03857425	-26.70887530
7.04589847	-34.59249369
7.05322269	-22.60591147
7.06054690	-21.82534031
7.06787112	-17.36157600
7.07519534	-20.30577870
7.08251956	-25.62360449
7.08984378	-26.56198983
7.09716800	-25.18582479
7.10449222	-21.53789217
7.11181644	-33.92639958
7.11914065	-26.09805139
7.12646487	-26.88629905
7.13378909	-26.41259874
7.14111331	-30.49856070
7.14843753	-23.66364141
7.15576175	-22.00794893
7.16308597	-27.21646293
7.17041019	-29.73088869
7.17773440	-24.48393288
7.18505862	-25.51055781
7.19238284	-25.57104477
7.19970706	-23.53741928
7.20703128	-24.96060038
7.21435550	-36.62131351
7.22167972	-19.66934995
7.22900394	-18.57991786
7.23632816	-31.05880513
7.24365237	-19.25410755
7.25097659	-26.48256416
7.25830081	-19.85768482
7.26562503	-21.21685451
7.27294925	-22.48002231
7.28027347	-21.61179022
7.28759769	-21.46892952
7.29492191	-24.94200720
7.30224612	-45.71168331
7.30957034	-18.30622562
7.31689456	-27.57133397
7.32421878	-19.23914785
7.33154300	-20.94427436
7.33886722	-29.92568922
7.34619144	-27.45983390
7.35351566	-22.47115823
7.36083987	-24.18767751
7.36816409	-24.98161658
7.37548831	-22.76912354
7.38281253	-23.99646330
7.39013675	-25.26298771
7.39746097	-30.60959838
7.40478519	-23.14205849
7.41210941	-23.18046634
7.41943362	-24.84175556
7.42675784	-20.31919665
7.43408206	-23.84758088
7.44140628	-24.28242024
7.44873050	-20.94462300
7.45605472	-22.63509752
7.46337894	-27.82145841
7.47070316	-23.94144328
7.47802737	-23.49027149
7.48535159	-38.92839685
7.49267581	-20.09151349
7.50000003	-28.06287996
7.50732425	-18.80547585
7.51464847	-25.08388512
7.52197269	-26.53920268
7.52929691	-26.95996256
7.53662113	-26.37472203
7.54394534	-24.69831036
7.55126956	-20.15953393
7.55859378	-22.85600048
7.56591800	-32.63259159
7.57324222	-25.67651058
7.58056644	-20.88577636
7.58789066	-23.42443641
7.59521488	-21.92044324
7.60253909	-27.70954342
7.60986331	-25.80038608
7.61718753	-20.08216239
7.62451175	-25.73669039
7.63183597	-29.27904299
7.63916019	-25.50115985
7.64648441	-24.04229393
7.65380863	-22.10607380
7.66113284	-23.64186780
7.66845706	-25.64084240
7.67578128	-25.48084515
7.68310550	-30.53326907
7.69042972	-26.10736493
7.69775394	-23.99981316
7.70507816	-21.48588602
7.71240238	-33.23079885
7.71972659	-23.71117347
7.72705081	-25.03125496
7.73437503	-24.70253764
7.74169925	-26.87791825
7.74902347	-24.46523343
7.75634769	-24.44320563
7.76367191	-33.40521901
7.77099613	-37.69640571
7.77832034	-25.27325067
7.78564456	-21.62777813
7.79296878	-30.66381122
7.80029300	-29.37669619
7.80761722	-20.96038484
7.81494144	-21.30131700
7.82226566	-22.20545741
7.82958988	-19.72863596
7.83691410	-24.53690672
7.84423831	-20.48949010
7.85156253	-48.79500591
7.85888675	-36.18767465
7.86621097	-30.92537400
7.87353519	-19.04628755
7.88085941	-20.87805759
7.88818363	-19.60605681
7.89550785	-24.32105263
7.90283206	-22.02456835
7.91015628	-22.66569550
7.91748050	-22.72297408
7.92480472	-19.36955484
7.93212894	-28.56629745
7.93945316	-21.55340234
7.94677738	-21.62888513
7.95410160	-19.06082229
7.96142581	-21.22435286
7.96875003	-22.76350837
7.97607425	-22.55319521
7.98339847	-26.86485895
7.99072269	-25.05545692
7.99804691	-22.71628256
8.00537113	-22.65272531
8.01269535	-21.10406302
8.02001956	-24.06165456
8.02734378	-17.55160582
8.03466800	-31.43137843
8.04199222	-16.81361330
8.04931644	-21.20931133
8.05664066	-29.38556994
8.06396488	-28.14238163
8.07128910	-23.76977461
8.07861331	-28.89876612
8.08593753	-18.08970749
8.09326175	-19.49832378
8.10058597	-24.16685436
8.10791019	-20.83736954
8.11523441	-28.13700839
8.12255863	-16.87497899
8.12988285	-20.23269583
8.13720707	-34.56656729
8.14453128	-17.04816928
8.15185550	-28.91146669
8.15917972	-18.78424479
8.16650394	-17.63540169
8.17382816	-29.41183677
8.18115238	-21.80874185
8.18847660	-26.09916674
8.19580082	-24.89111873
8.20312503	-30.83338769
8.21044925	-21.13709133
8.21777347	-40.63346352
8.22509769	-33.48383107
8.23242191	-23.66055084
8.23974613	-31.64820234
8.24707035	-24.26483513
8.25439457	-21.82186898
8.26171878	-24.37467797
8.26904300	-22.15519943
8.27636722	-22.89759597
8.28369144	-20.46578195
8.29101566	-35.59724044
8.29833988	-24.26070302
8.30566410	-22.42576576
8.31298832	-22.66549006
8.32031253	-26.62181090
8.32763675	-24.12308642
8.33496097	-31.90819373
8.34228519	-24.16420364
8.34960941	-24.24690550
8.35693363	-31.09273098
8.36425785	-27.04104901
8.37158207	-19.87799978
8.37890628	-16.75882204
8.38623050	-24.82022732
8.39355472	-20.78023641
8.40087894	-22.80441845
8.40820316	-22.95754294
8.41552738	-31.62367578
8.42285160	-18.80711892
8.43017582	-32.86592472
8.43750004	-19.03449639
8.44482425	-23.59986807
8.45214847	-25.18286055
8.45947269	-26.74527789
8.46679691	-31.97580095
8.47412113	-22.27763413
8.48144535	-19.56233187
8.48876957	-22.41759593
8.49609379	-22.01330522
8.50341800	-22.98129069
8.51074222	-34.51497710
8.51806644	-23.11777220
8.52539066	-26.56369914
8.53271488	-37.15714583
8.54003910	-30.16273371
8.54736332	-27.04408600
8.55468754	-24.10886003
8.56201175	-27.92062587
8.56933597	-25.01509644
8.57666019	-33.97485962
8.58398441	-27.47556844
8.59130863	-26.07825288
8.59863285	-28.13773061
8.60595707	-17.86815563
8.61328129	-17.84525637
8.62060550	-26.04078151
8.62792972	-25.34312681
8.63525394	-28.22633204
8.64257816	-27.81276076
8.64990238	-24.01737122
8.65722660	-23.09237303
8.66455082	-31.00819691
8.67187504	-20.26899669
8.67919925	-18.97757062
8.68652347	-29.20925168
8.69384769	-43.92159802
8.70117191	-23.84047255
8.70849613	-30.33446784
8.71582035	-29.57090808
8.72314457	-26.03914617
8.73046879	-24.65262011
8.73779301	-19.62860545
8.74511722	-23.44074811
8.75244144	-21.65580184
8.75976566	-30.74653817
8.76708988	-32.01103025
8.77441410	-28.01902325
8.78173832	-22.78806423
8.78906254	-20.81446574
8.79638676	-35.67606419
8.80371097	-23.56808266
8.81103519	-23.95646856
8.81835941	-20.88873927
8.82568363	-26.78370002
8.83300785	-21.54171301
8.84033207	-23.65111782
8.84765629	-23.79961020
8.85498051	-31.18185580
8.86230472	-19.33225466
8.86962894	-40.23953220
8.87695316	-21.37137532
8.88427738	-19.19740036
8.89160160	-31.78300918
8.89892582	-21.79210646
8.90625004	-24.62910564
8.91357426	-26.09710711
8.92089847	-22.17829892
8.92822269	-21.86493549
8.93554691	-20.67260437
8.94287113	-19.53458839
8.95019535	-31.75504452
8.95751957	-23.56630262
8.96484379	-35.60070193
8.97216801	-27.13559520
8.97949222	-16.67712327
8.98681644	-17.57625322
8.99414066	-25.57170496
9.00146488	-18.18544971
9.00878910	-33.61127416
9.01611332	-25.62336173
9.02343754	-24.32698399
9.03076176	-22.94592533
9.03808598	-61.49750010
9.04541019	-37.85323461
9.05273441	-26.25257845
9.06005863	-18.83491850
9.06738285	-17.85716408
9.07470707	-28.71584035
9.08203129	-27.42972220
9.08935551	-27.49330511
9.09667973	-24.77840856
9.10400394	-26.15534489
9.11132816	-21.89485564
9.11865238	-24.66688049
9.12597660	-22.85693623
9.13330082	-21.45869263
9.14062504	-20.83810400
9.14794926	-36.21653822
9.15527348	-32.78723068
9.16259769	-23.46314240
9.16992191	-23.94326852
9.17724613	-26.35789771
9.18457035	-30.19707927
9.19189457	-22.84533649
9.19921879	-26.59711590
9.20654301	-22.66851934
9.21386723	-47.07174354
9.22119144	-24.99507406
9.22851566	-27.69994981
9.23583988	-23.32244211
9.24316410	-22.90846041
9.25048832	-19.91318191
9.25781254	-25.41632819
9.26513676	-35.62419320
9.27246098	-26.96990219
9.27978519	-23.31430709
9.28710941	-32.02715091
9.29443363	-24.67690074
9.30175785	-50.02381411
9.30908207	-26.28783436
9.31640629	-29.53319350
9.32373051	-27.92182087
9.33105473	-25.33493021
9.33837895	-36.05107195
9.34570316	-21.44474243
9.35302738	-25.58247968
9.36035160	-27.99169621
9.36767582	-32.74815407
9.37500004	-30.24715486
9.38232426	-25.11621276
9.38964848	-19.04473181
9.39697270	-21.24450088
9.40429691	-24.82529749
9.41162113	-36.67749081
9.41894535	-20.00482399
9.42626957	-27.38429058
9.43359379	-38.00533983
9.44091801	-16.81966157
9.44824223	-17.78768326
9.45556645	-24.18437821
9.46289066	-28.27352831
9.47021488	-21.25821832
9.47753910	-26.66609121
9.48486332	-23.59307074
9.49218754	-31.90289480
9.49951176	-24.50179401
9.50683598	-33.63998174
9.51416020	-23.26421085
9.52148441	-27.58701817
9.52880863	-30.53313545
9.53613285	-23.88511222
9.54345707	-31.02859385
9.55078129	-30.35522463
9.55810551	-22.78545658
9.56542973	-22.22637564
9.57275395	-30.29429549
9.58007816	-22.36292508
9.58740238	-24.24974799
9.59472660	-24.24707739
9.60205082	-26.96122709
9.60937504	-26.62296664
9.61669926	-26.11287221
9.62402348	-25.05876709
9.63134770	-22.40315779
9.63867192	-23.72402810
9.64599613	-29.41208356
9.65332035	-22.98128012
9.66064457	-27.34781982
9.66796879	-20.83716428
9.67529301	-26.50919641
9.68261723	-18.75294865
9.68994145	-23.18867200
9.69726567	-21.94219786
9.70458988	-22.91121782
9.71191410	-29.76449234
9.71923832	-32.38232959
9.72656254	-26.23596961
9.73388676	-32.45164004
9.74121098	-23.70646924
9.74853520	-22.76169833
9.75585942	-18.23646726
9.76318363	-24.23796072
9.77050785	-19.63381163
9.77783207	-19.80613099
9.78515629	-30.15243101
9.79248051	-24.50560681
9.79980473	-32.09746874
9.80712895	-34.69978138
9.81445317	-34.74049023
9.82177738	-31.08182499
9.82910160	-26.82152670
9.83642582	-22.53862970
9.84375004	-19.65693506
9.85107426	-29.04972325
9.85839848	-23.77854809
9.86572270	-38.27597779
9.87304692	-24.95253832
9.88037113	-22.38335863
9.88769535	-20.80016441
9.89501957	-29.28485213
9.90234379	-25.44477617
9.90966801	-27.20136170
9.91699223	-21.06779312
9.92431645	-20.76614647
9.93164067	-23.32884424
9.93896489	-22.37897821
9.94628910	-29.98754051
9.95361332	-23.14975429
9.96093754	-33.17981895
9.96826176	-18.23281975
9.97558598	-21.07713476
9.98291020	-31.47773472
9.99023442	-23.35913949
9.99755864	-31.42560243
10.00488285	-22.89226667
10.01220707	-31.28677136
10.01953129	-18.19879630
10.02685551	-22.81214749
10.03417973	-33.86164496
10.04150395	-25.73680234
10.04882817	-30.99132996
10.05615239	-51.57082300
10.06347660	-25.19831205
10.07080082	-24.65984387
10.07812504	-31.79325059
10.08544926	-30.42962400
10.09277348	-27.81764171
10.10009770	-37.99911948
10.10742192	-27.50191984
10.11474614	-28.32753293
10.12207035	-32.56194109
10.12939457	-32.12175228
10.13671879	-20.59247116
10.14404301	-19.86775929
10.15136723	-23.95202918
10.15869145	-34.27014484
10.16601567	-28.60102640
10.17333989	-23.74005998
10.18066410	-22.58441666
10.18798832	-17.53706176
10.19531254	-23.46709908
10.20263676	-31.25115548
10.20996098	-26.05924189
10.21728520	-29.24789056
10.22460942	-42.31406396
10.23193364	-30.81315968
10.23925786	-23.21552512
10.24658207	-25.29002863
10.25390629	-21.22568421
10.26123051	-23.84899017
10.26855473	-20.57076101
10.27587895	-18.11219873
10.28320317	-19.75330775
10.29052739	-19.50859421
10.29785161	-17.22296056
10.30517582	-27.71988733
10.31250004	-27.82435079
10.31982426	-22.36114515
10.32714848	-22.42650078
10.33447270	-26.62730100
10.34179692	-26.40595948
10.34912114	-33.88548124
10.35644536	-52.77278313
10.36376957	-22.85974122
10.37109379	-18.47610194
10.37841801	-24.36352466
10.38574223	-25.57884458
10.39306645	-29.45040910
10.40039067	-32.04620056
10.40771489	-38.92234337
10.41503911	-29.13921589
10.42236332	-23.28075915
10.42968754	-24.52623973
10.43701176	-18.47777055
10.44433598	-26.89995198
10.45166020	-31.31834856
10.45898442	-20.89206748
10.46630864	-22.97808332
10.47363286	-20.98014658
10.48095707	-45.26567233
10.48828129	-24.96015800
10.49560551	-27.21085715
10.50292973	-27.16505169
10.51025395	-17.87997499
10.51757817	-30.35707185
10.52490239	-22.25481829
10.53222661	-46.17236394
10.53955083	-23.31265385
10.54687504	-20.06668647
10.55419926	-25.69358409
10.56152348	-30.81960980
10.56884770	-20.81000523
10.57617192	-17.61334768
10.58349614	-29.21049130
10.59082036	-17.09279009
10.59814458	-21.72000252
10.60546879	-26.97275870
10.61279301	-26.18670763
10.62011723	-40.26310559
10.62744145	-22.81964371
10.63476567	-24.69202337
10.64208989	-21.91359989
10.64941411	-23.77440886
10.65673833	-25.23096142
10.66406254	-25.44358095
10.67138676	-20.16428877
10.67871098	-22.99488427
10.68603520	-18.11170498
10.69335942	-27.40483495
10.70068364	-20.70653059
10.70800786	-28.09067888
10.71533208	-32.25531973
10.72265629	-28.38049816
10.72998051	-23.87058771
10.73730473	-29.43317773
10.74462895	-19.65540560
10.75195317	-30.68064628
10.75927739	-39.01541695
10.76660161	-35.84761046
10.77392583	-32.41527170
10.78125004	-29.42658568
10.78857426	-25.39511070
10.79589848	-32.62909506
10.80322270	-27.89371428
10.81054692	-27.44410726
10.81787114	-28.11486391
10.82519536	-23.93408697
10.83251958	-22.22056660
10.83984380	-19.91765056
10.84716801	-23.90903464
10.85449223	-22.29877146
10.86181645	-24.02612548
10.86914067	-19.10894253
10.87646489	-22.45675552
10.88378911	-27.03247915
10.89111333	-27.23726035
10.89843755	-30.32616947
10.90576176	-26.61424960
10.91308598	-23.63232829
10.92041020	-22.34205350
10.92773442	-16.02386952
10.93505864	-23.88255472
10.94238286	-28.65002840
10.94970708	-22.35608408
10.95703130	-31.83478958
10.96435551	-22.25810829
10.97167973	-16.83393319
10.97900395	-22.53818895
10.98632817	-27.22430036
10.99365239	-24.30837572
11.00097661	-21.51141047
11.00830083	-17.75347186
11.01562505	-34.64108550
11.02294926	-18.72004326
11.03027348	-20.33754384
11.03759770	-32.84759526
11.04492192	-29.38788500
11.05224614	-37.17883481
11.05957036	-28.26038715
11.06689458	-28.90738534
11.07421880	-19.54023023
11.08154301	-20.62955180
11.08886723	-29.99503879
11.09619145	-21.65070543
11.10351567	-23.01616852
11.11083989	-28.11858432
11.11816411	-25.23109698
11.12548833	-20.94298027
11.13281255	-27.29684929
11.14013677	-23.15877186
11.14746098	-32.20383246
11.15478520	-20.86707268
11.16210942	-27.07505872
11.16943364	-25.11760384
11.17675786	-30.14196614
11.18408208	-23.77865236
11.19140630	-34.14695047
11.19873052	-31.97066590
11.20605473	-25.75181508
11.21337895	-25.55266873
11.22070317	-21.97567374
11.22802739	-17.99707087
11.23535161	-25.50301938
11.24267583	-26.23745049
11.25000005	-25.13059389
11.25732427	-24.34100859
11.26464848	-18.99190683
11.27197270	-21.75352271
11.27929692	-32.99951718
11.28662114	-35.98780207
11.29394536	-34.93233268
11.30126958	-33.52100971
11.30859380	-29.31432985
11.31591802	-34.79233360
11.32324223	-28.39142814
11.33056645	-41.04741044
11.33789067	-33.43597776
11.34521489	-30.15285012
11.35253911	-20.71147994
11.35986333	-15.18896387
11.36718755	-21.30015603
11.37451177	-31.93571687
11.38183598	-21.79751375
11.38916020	-23.18233510
11.39648442	-25.70465290
11.40380864	-20.54572244
11.41113286	-19.59948493
11.41845708	-26.44691289
11.42578130	-33.50560614
11.43310552	-18.26948266
11.44042974	-35.61712211
11.44775395	-19.57228953
11.45507817	-23.95432627
11.46240239	-26.09491807
11.46972661	-20.76116540
11.47705083	-23.48217928
11.48437505	-27.26949388
11.49169927	-32.01032966
11.49902349	-20.08864522
11.50634770	-20.06844208
11.51367192	-26.62637942
11.52099614	-24.84840120
11.52832036	-26.98633425
11.53564458	-31.67421151
11.54296880	-35.12337986
11.55029302	-24.91347894
11.55761724	-24.81075243
11.56494145	-26.46485410
11.57226567	-28.50101929
11.57958989	-30.51560445
11.58691411	-30.03269906
11.59423833	-22.27050521
11.60156255	-22.58995939
11.60888677	-28.20560243
11.61621099	-26.76985155
11.62353520	-20.79134082
11.63085942	-24.21826315
11.63818364	-26.59450880
11.64550786	-23.76408524
11.65283208	-29.13053837
11.66015630	-19.90191311
11.66748052	-27.26455029
11.67480474	-21.31752781
11.68212895	-15.60895885
11.68945317	-24.10243998
11.69677739	-21.03778791
11.70410161	-22.66426371
11.71142583	-14.29540882
11.71875005	-26.52425025
11.72607427	-26.42664272
11.73339849	-27.95495731
11.74072271	-24.08983679
11.74804692	-35.34586390
11.75537114	-25.64148530
11.76269536	-19.15540463
11.77001958	-33.69572424
11.77734380	-17.80345095
11.78466802	-21.57323641
11.79199224	-23.50809883
11.79931646	-39.15491925
11.80664067	-32.37659767
11.81396489	-35.08180743
11.82128911	-31.70116153
11.82861333	-23.22519377
11.83593755	-21.09430965
11.84326177	-20.90336480
11.85058599	-17.72228958
11.85791021	-21.79051867
11.86523442	-28.49964494
11.87255864	-20.03237511
11.87988286	-20.05445703
11.88720708	-21.26043736
11.89453130	-32.50123722
11.90185552	-35.49738147
11.90917974	-21.69529683
11.91650396	-36.55623766
11.92382817	-22.57899554
11.93115239	-31.57633140
11.93847661	-22.82764309
11.94580083	-28.27531875
11.95312505	-22.63899824
11.96044927	-21.30464298
11.96777349	-24.50517846
11.97509771	-30.23962749
11.98242192	-30.71097576
11.98974614	-23.32963081
11.99707036	-23.96630131
12.00439458	-27.94386733
12.01171880	-26.66525888
12.01904302	-24.69717225
12.02636724	-22.90105200
12.03369146	-25.31400085
12.04101568	-27.24335460
12.04833989	-23.48753097
12.05566411	-28.17033303
12.06298833	-37.57998106
12.07031255	-24.13097415
12.07763677	-38.44581040
12.08496099	-23.30579957
12.09228521	-20.50624128
12.09960943	-33.53299499
12.10693364	-21.03842219
12.11425786	-38.82889864
12.12158208	-24.43405187
12.12890630	-20.12977799
12.13623052	-24.38854855
12.14355474	-21.15326519
12.15087896	-21.44566030
12.15820318	-25.44913927
12.16552739	-27.58290505
12.17285161	-18.78570433
12.18017583	-30.03481843
12.18750005	-17.80617334
12.19482427	-20.00278086
12.20214849	-43.29918285
12.20947271	-26.72027470
12.21679693	-27.47725162
12.22412114	-20.02863209
12.23144536	-21.26708553
12.23876958	-23.69444510
12.24609380	-25.95560600
12.25341802	-20.28411044
12.26074224	-34.42367478
12.26806646	-32.51031449
12.27539068	-18.25758743
12.28271489	-21.69715985
12.29003911	-27.66102229
12.29736333	-25.93260312
12.30468755	-31.66728554
12.31201177	-33.36153028
12.31933599	-24.04927744
12.32666021	-24.97920754
12.33398443	-30.05173429
12.34130865	-22.99622349
12.34863286	-27.33467812
12.35595708	-19.31853584
12.36328130	-22.83686957
12.37060552	-24.53686004
12.37792974	-24.94442692
12.38525396	-24.48911008
12.39257818	-27.87550895
12.39990240	-37.35748430
12.40722661	-24.79479030
12.41455083	-29.95989401
12.42187505	-20.28893777
12.42919927	-26.03727160
12.43652349	-19.81123049
12.44384771	-18.31333752
12.45117193	-21.56362557
12.45849615	-24.50488445
12.46582036	-32.25535287
12.47314458	-27.28755241
12.48046880	-25.37490197
12.48779302	-39.68900960
12.49511724	-22.66898411
12.50244146	-27.21368604
12.50976568	-18.19211014
12.51708990	-17.19298270
12.52441411	-26.17080403
12.53173833	-22.89807421
12.53906255	-32.56119836
12.54638677	-27.33959846
12.55371099	-35.08105172
12.56103521	-26.08997378
12.56835943	-18.29157906
12.57568365	-26.86550355
12.58300786	-21.31548181
12.59033208	-23.17069416
12.59765630	-31.59143079
12.60498052	-21.89996236
12.61230474	-32.51532019
12.61962896	-23.02435781
12.62695318	-21.80663179
12.63427740	-25.57865906
12.64160162	-28.53435306
12.64892583	-26.12030462
12.65625005	-24.64329600
12.66357427	-24.87890652
12.67089849	-19.49115127
12.67822271	-26.77494306
12.68554693	-24.48351708
12.69287115	-27.74528932
12.70019537	-21.76289168
12.70751958	-20.40155353
12.71484380	-24.75709679
12.72216802	-23.40149639
12.72949224	-22.85550294
12.73681646	-30.78657032
12.74414068	-22.05341542
12.75146490	-31.47308144
12.75878912	-22.11254827
12.76611333	-29.91328304
12.77343755	-22.54768748
12.78076177	-25.65138604
12.78808599	-29.04656265
12.79541021	-27.98675020
12.80273443	-26.79089194
12.81005865	-22.03989924
12.81738287	-17.20581071
12.82470708	-30.42501556
12.83203130	-21.61935857
12.83935552	-25.85239524
12.84667974	-29.85296468
12.85400396	-20.32486642
12.86132818	-18.66160354
12.86865240	-26.70717455
12.87597662	-22.16400199
12.88330083	-31.54736162
12.89062505	-27.86186539
12.89794927	-31.55765488
12.90527349	-25.86978955
12.91259771	-26.56976365
12.91992193	-17.95745695
12.92724615	-32.88614461
12.93457037	-26.59546179
12.94189459	-23.19506263
12.94921880	-23.06210014
12.95654302	-27.61507701
12.96386724	-20.01782731
12.97119146	-30.45287290
12.97851568	-25.41934491
12.98583990	-26.48544106
12.99316412	-27.90855657
13.00048834	-19.15973570
13.00781255	-19.60860145
13.01513677	-24.50033106
13.02246099	-30.58779495
13.02978521	-20.92458476
13.03710943	-32.85038857
13.04443365	-26.04822935
13.05175787	-25.77636135
13.05908209	-30.12989578
13.06640630	-20.54901568
13.07373052	-28.54984800
13.08105474	-27.92160455
13.08837896	-21.35800923
13.09570318	-18.16995885
13.10302740	-25.37076460
13.11035162	-23.36309761
13.11767584	-25.57733698
13.12500005	-29.96705905
13.13232427	-26.39224794
13.13964849	-34.56095490
13.14697271	-40.45162205
13.15429693	-25.36733707
13.16162115	-26.47106582
13.16894537	-17.42668199
13.17626959	-22.68933517
13.18359380	-25.72272406
13.19091802	-18.91718756
13.19824224	-20.93376838
13.20556646	-21.78226151
13.21289068	-18.72501147
13.22021490	-24.25063372
13.22753912	-33.17892725
13.23486334	-36.06783579
13.24218756	-27.35579191
13.24951177	-33.04601444
13.25683599	-20.53729245
13.26416021	-19.25803291
13.27148443	-24.08117977
13.27880865	-26.81148685
13.28613287	-24.96302606
13.29345709	-22.21540310
13.30078131	-22.92052020
13.30810552	-20.48373403
13.31542974	-41.16798688
13.32275396	-24.04845064
13.33007818	-23.85369800
13.33740240	-21.02905619
13.34472662	-18.67128389
13.35205084	-27.55468874
13.35937506	-31.20568923
13.36669927	-31.02845364
13.37402349	-24.50476040
13.38134771	-28.17997699
13.38867193	-16.29335856
13.39599615	-15.21030278
13.40332037	-24.21510119
13.41064459	-28.16800097
13.41796881	-25.20040187
13.42529302	-28.43540723
13.43261724	-25.51926322
13.43994146	-22.55610051
13.44726568	-27.60215865
13.45458990	-18.30548154
13.46191412	-18.47400852
13.46923834	-24.03385942
13.47656256	-23.96989831
13.48388677	-26.21592048
13.49121099	-22.89856615
13.49853521	-23.05223973
13.50585943	-29.87854454
13.51318365	-23.21859506
13.52050787	-28.54992208
13.52783209	-25.31998631
13.53515631	-33.79637150
13.54248053	-45.01920680
13.54980474	-30.18682242
13.55712896	-33.59732377
13.56445318	-22.29612952
13.57177740	-20.37418191
13.57910162	-27.52336724
13.58642584	-33.15389328
13.59375006	-29.13589463
13.60107428	-25.07155174
13.60839849	-18.68147225
13.61572271	-32.21349339
13.62304693	-21.34218055
13.63037115	-22.51065572
13.63769537	-26.12309393
13.64501959	-19.12552148
13.65234381	-22.21303528
13.65966803	-22.06307789
13.66699224	-27.74762751
13.67431646	-22.46180390
13.68164068	-34.62039833
13.68896490	-26.13850334
13.69628912	-25.44417749
13.70361334	-30.38119462
13.71093756	-21.39068021
13.71826178	-18.85714039
13.72558599	-30.99089701
13.73291021	-26.38070828
13.74023443	-27.41174835
13.74755865	-27.43017686
13.75488287	-30.64587485
13.76220709	-26.54966254
13.76953131	-20.50659523
13.77685553	-20.03013459
13.78417974	-18.99722936
13.79150396	-21.13661918
13.79882818	-31.51774450
13.80615240	-23.58726782
13.81347662	-27.00436302
13.82080084	-21.75271194
13.82812506	-26.36956965
13.83544928	-40.92970517
13.84277350	-29.34933165
13.85009771	-23.88611279
13.85742193	-20.91476383
13.86474615	-24.45064050
13.87207037	-19.32427629
13.87939459	-33.85228161
13.88671881	-21.56466397
13.89404303	-22.59143575
13.90136725	-27.56615971
13.90869146	-17.89689341
13.91601568	-28.08833409
13.92333990	-24.29923248
13.93066412	-22.34454026
13.93798834	-28.39732506
13.94531256	-20.65589308
13.95263678	-28.90497042
13.95996100	-19.72015818
13.96728521	-23.80730563
13.97460943	-21.78489487
13.98193365	-30.13856593
13.98925787	-32.60063639
13.99658209	-28.12745733
14.00390631	-34.15632715
14.01123053	-24.62862492
14.01855475	-20.46322555
14.02587896	-36.41713811
14.03320318	-18.75463515
14.04052740	-21.84966420
14.04785162	-20.58741222
14.05517584	-18.27252555
14.06250006	-19.64689510
14.06982428	-19.09571379
14.07714850	-36.38970733
14.08447271	-26.60912849
14.09179693	-34.04281140
14.09912115	-29.34769223
14.10644537	-21.01523323
14.11376959	-30.58882862
14.12109381	-29.35099704
14.12841803	-23.58589961
14.13574225	-22.91011508
14.14306647	-20.70463035
14.15039068	-28.90988584
14.15771490	-20.96846774
14.16503912	-23.34226220
14.17236334	-32.42142358
14.17968756	-21.53813565
14.18701178	-20.14025232
14.19433600	-28.07668863
14.20166022	-17.33421718
14.20898443	-19.11295820
14.21630865	-20.16171209
14.22363287	-23.31440465
14.23095709	-24.19557949
14.23828131	-27.27456091
14.24560553	-26.07800338
14.25292975	-25.49752918
14.26025397	-21.47834009
14.26757818	-21.90551278
14.27490240	-25.68696401
14.28222662	-22.38673345
14.28955084	-35.89877044
14.29687506	-29.19086844
14.30419928	-26.82005620
14.31152350	-28.14535102
14.31884772	-27.86344002
14.32617193	-28.21425064
14.33349615	-24.63795128
14.34082037	-45.52659970
14.34814459	-26.58023778
14.35546881	-34.53564584
14.36279303	-21.55857525
14.37011725	-27.40970748
14.37744147	-45.43087980
14.38476568	-26.30505880
14.39208990	-22.68091440
14.39941412	-24.95749447
14.40673834	-29.99676599
14.41406256	-26.53476968
14.42138678	-22.28628293
14.42871100	-23.01979404
14.43603522	-27.64811426
14.44335944	-28.85097870
14.45068365	-24.91635474
14.45800787	-25.16814631
14.46533209	-33.42822510
14.47265631	-28.09783312
14.47998053	-25.63456029
14.48730475	-39.56714305
14.49462897	-24.76919370
14.50195319	-27.36331886
14.50927740	-42.30523946
14.51660162	-41.22893951
14.52392584	-25.77106659
14.53125006	-23.36079367
14.53857428	-19.04844640
14.54589850	-26.81978106
14.55322272	-50.39572833
14.56054694	-22.68885929
14.56787115	-33.18379535
14.57519537	-18.52993708
14.58251959	-23.08391695
14.58984381	-25.49634583
14.59716803	-26.29274373
14.60449225	-29.07463505
14.61181647	-22.73191046
14.61914069	-24.27824301
14.62646490	-21.83825224
14.63378912	-24.07343697
14.64111334	-42.40958878
14.64843756	-29.79755078
14.65576178	-24.39503170
14.66308600	-19.38877478
14.67041022	-35.37360361
14.67773444	-20.03075763
14.68505865	-19.13708219
14.69238287	-31.53643880
14.69970709	-31.97044156
14.70703131	-22.94395345
14.71435553	-25.82959308
14.72167975	-34.39590408
14.72900397	-22.62632133
14.73632819	-22.09796657
14.74365241	-22.65107276
14.75097662	-18.33333571
14.75830084	-18.76322376
14.76562506	-30.43098992
14.77294928	-25.47742215
14.78027350	-29.26593886
14.78759772	-27.63327658
14.79492194	-23.05958712
14.80224616	-29.05286495
14.80957037	-27.81110225
14.81689459	-25.05341297
14.82421881	-32.00006212
14.83154303	-31.95217206
14.83886725	-28.35630397
14.84619147	-26.86114183
14.85351569	-34.91488562
14.86083991	-27.55922870
14.86816412	-25.34226729
14.87548834	-29.69542723
14.88281256	-29.96158283
14.89013678	-26.95369307
14.89746100	-25.04494051
14.90478522	-25.17382629
14.91210944	-22.49036069
14.91943366	-26.65023561
14.92675787	-18.34666029
14.93408209	-30.35006797
14.94140631	-22.38461670
14.94873053	-17.81046335
14.95605475	-29.43637503
14.96337897	-19.58293482
14.97070319	-19.57331144
14.97802741	-21.37614899
14.98535162	-19.92823801
14.99267584	-23.82626752
