# Menlo Systems GmbH ScanControl
# Program Version 1.3.3
# Start: -327.00000000 ps, Average over 100 waveforms. Timestamp: 2026-05-07T11:52:51
# Window type: Tukey, parameters: alpha = 0.1
# User time axis shift: 0 ps
# Time [ps]	THz Signal [a.u.]
-326.90000000	0.00000000
-326.86666667	0.00000005
-326.83333333	-0.00000005
-326.80000000	-0.00000009
-326.76666667	-0.00000025
-326.73333333	0.00000003
-326.70000000	0.00000013
-326.66666667	-0.00000069
-326.63333333	-0.00000185
-326.60000000	-0.00000090
-326.56666667	-0.00000055
-326.53333334	-0.00000055
-326.50000000	-0.00000065
-326.46666667	0.00000372
-326.43333334	-0.00000331
-326.40000000	0.00000083
-326.36666667	0.00000199
-326.33333334	0.00000049
-326.30000000	-0.00000155
-326.26666667	0.00000484
-326.23333334	-0.00000260
-326.20000000	-0.00001034
-326.16666667	0.00001188
-326.13333334	-0.00000082
-326.10000000	-0.00001126
-326.06666667	-0.00000754
-326.03333334	0.00001696
-326.00000000	0.00000788
-325.96666667	-0.00000116
-325.93333334	0.00001364
-325.90000000	0.00001711
-325.86666667	0.00003508
-325.83333334	-0.00003525
-325.80000000	-0.00001000
-325.76666667	-0.00000600
-325.73333334	-0.00002154
-325.70000000	0.00001475
-325.66666667	0.00000443
-325.63333334	0.00002490
-325.60000000	0.00004264
-325.56666667	0.00004330
-325.53333334	-0.00001580
-325.50000000	-0.00004964
-325.46666667	0.00001470
-325.43333334	0.00003172
-325.40000000	0.00000867
-325.36666667	0.00005968
-325.33333334	0.00004831
-325.30000000	0.00000856
-325.26666667	0.00002286
-325.23333334	0.00005669
-325.20000000	0.00004293
-325.16666667	0.00004508
-325.13333334	-0.00005048
-325.10000000	0.00001224
-325.06666667	0.00003121
-325.03333334	-0.00001830
-325.00000000	-0.00000938
-324.96666667	-0.00000358
-324.93333334	-0.00001761
-324.90000000	0.00000804
-324.86666667	-0.00004896
-324.83333334	0.00008902
-324.80000000	-0.00002946
-324.76666667	0.00004252
-324.73333334	0.00012819
-324.70000000	0.00012331
-324.66666667	0.00013126
-324.63333334	0.00012488
-324.60000000	0.00009975
-324.56666667	0.00013952
-324.53333334	-0.00001007
-324.50000000	0.00001208
-324.46666667	0.00011625
-324.43333334	0.00006389
-324.40000000	-0.00005786
-324.36666667	0.00021354
-324.33333334	0.00013992
-324.30000000	0.00017144
-324.26666667	0.00015779
-324.23333334	0.00015747
-324.20000000	0.00016147
-324.16666667	-0.00003366
-324.13333334	0.00014222
-324.10000001	0.00016584
-324.06666667	0.00020401
-324.03333334	0.00004718
-324.00000001	0.00008435
-323.96666667	0.00021425
-323.93333334	0.00025825
-323.90000001	0.00016735
-323.86666667	0.00015440
-323.83333334	0.00015319
-323.80000001	0.00013671
-323.76666667	0.00012274
-323.73333334	0.00008151
-323.70000001	0.00014605
-323.66666667	0.00019519
-323.63333334	0.00018265
-323.60000001	0.00014350
-323.56666667	0.00025112
-323.53333334	0.00008108
-323.50000001	0.00041862
-323.46666667	0.00032173
-323.43333334	0.00034265
-323.40000001	0.00038426
-323.36666667	0.00016543
-323.33333334	0.00044463
-323.30000001	0.00024830
-323.26666667	0.00018346
-323.23333334	0.00013316
-323.20000001	0.00025677
-323.16666667	0.00034868
-323.13333334	0.00045302
-323.10000001	0.00024503
-323.06666667	0.00028412
-323.03333334	0.00032692
-323.00000001	0.00042885
-322.96666667	0.00030380
-322.93333334	0.00003265
-322.90000001	0.00026634
-322.86666667	0.00020803
-322.83333334	0.00000807
-322.80000001	-0.00000465
-322.76666667	0.00023008
-322.73333334	-0.00006001
-322.70000001	0.00014589
-322.66666667	0.00022894
-322.63333334	0.00011419
-322.60000001	0.00010436
-322.56666667	0.00041274
-322.53333334	0.00028624
-322.50000001	0.00020006
-322.46666667	0.00021495
-322.43333334	0.00020476
-322.40000001	-0.00003898
-322.36666667	0.00007452
-322.33333334	-0.00017198
-322.30000001	0.00005828
-322.26666667	-0.00025499
-322.23333334	0.00001173
-322.20000001	0.00000656
-322.16666667	0.00015359
-322.13333334	-0.00015523
-322.10000001	-0.00005233
-322.06666667	0.00021870
-322.03333334	0.00012912
-322.00000001	0.00008026
-321.96666667	-0.00003845
-321.93333334	0.00009566
-321.90000001	0.00011884
-321.86666667	-0.00000957
-321.83333334	0.00019346
-321.80000001	0.00047859
-321.76666667	0.00032799
-321.73333334	0.00033350
-321.70000001	0.00011670
-321.66666667	0.00038619
-321.63333334	0.00003197
-321.60000001	0.00007413
-321.56666668	0.00004869
-321.53333334	-0.00007306
-321.50000001	0.00027654
-321.46666668	0.00006825
-321.43333334	-0.00017996
-321.40000001	0.00017450
-321.36666668	0.00013068
-321.33333334	-0.00002569
-321.30000001	-0.00035116
-321.26666668	-0.00033751
-321.23333334	0.00001056
-321.20000001	-0.00010140
-321.16666668	-0.00018274
-321.13333334	0.00009372
-321.10000001	-0.00004544
-321.06666668	-0.00017930
-321.03333334	-0.00013541
-321.00000001	-0.00027231
-320.96666668	0.00012460
-320.93333334	-0.00004997
-320.90000001	-0.00004792
-320.86666668	0.00012489
-320.83333334	-0.00014260
-320.80000001	0.00012204
-320.76666668	-0.00009978
-320.73333334	-0.00034749
-320.70000001	-0.00034657
-320.66666668	0.00007679
-320.63333334	-0.00025879
-320.60000001	-0.00039558
-320.56666668	-0.00022496
-320.53333334	-0.00003676
-320.50000001	-0.00035696
-320.46666668	0.00011127
-320.43333334	-0.00002332
-320.40000001	0.00014546
-320.36666668	0.00002701
-320.33333334	0.00008209
-320.30000001	-0.00006882
-320.26666668	0.00007392
-320.23333334	-0.00010705
-320.20000001	0.00006578
-320.16666668	-0.00011579
-320.13333334	0.00013851
-320.10000001	0.00025144
-320.06666668	0.00022594
-320.03333334	0.00022660
-320.00000001	-0.00006062
-319.96666668	0.00026585
-319.93333334	0.00027623
-319.90000001	0.00011388
-319.86666668	0.00012706
-319.83333334	0.00031289
-319.80000001	0.00023423
-319.76666668	0.00002299
-319.73333334	0.00006966
-319.70000001	0.00000275
-319.66666668	-0.00019191
-319.63333334	-0.00006186
-319.60000001	0.00013877
-319.56666668	-0.00011559
-319.53333334	0.00011108
-319.50000001	0.00020283
-319.46666668	0.00020064
-319.43333334	0.00035740
-319.40000001	0.00010566
-319.36666668	0.00008372
-319.33333334	0.00025366
-319.30000001	-0.00003328
-319.26666668	0.00016228
-319.23333334	0.00017568
-319.20000001	0.00005584
-319.16666668	0.00015285
-319.13333335	0.00012597
-319.10000001	0.00024117
-319.06666668	0.00016800
-319.03333335	0.00015693
-319.00000001	-0.00000615
-318.96666668	0.00015087
-318.93333335	-0.00001574
-318.90000001	0.00017938
-318.86666668	0.00013288
-318.83333335	-0.00002597
-318.80000001	-0.00032566
-318.76666668	0.00019987
-318.73333335	-0.00008224
-318.70000001	0.00018381
-318.66666668	0.00011909
-318.63333335	0.00011582
-318.60000001	0.00023782
-318.56666668	0.00016580
-318.53333335	0.00004238
-318.50000001	0.00033067
-318.46666668	0.00024146
-318.43333335	0.00020856
-318.40000001	0.00003203
-318.36666668	0.00000737
-318.33333335	-0.00004516
-318.30000001	0.00053366
-318.26666668	-0.00021331
-318.23333335	0.00007224
-318.20000001	-0.00003049
-318.16666668	0.00035190
-318.13333335	-0.00000636
-318.10000001	0.00025270
-318.06666668	0.00046123
-318.03333335	0.00040553
-318.00000001	0.00012906
-317.96666668	0.00021216
-317.93333335	0.00023441
-317.90000001	0.00036226
-317.86666668	0.00025213
-317.83333335	0.00013982
-317.80000001	0.00041134
-317.76666668	0.00037871
-317.73333335	0.00043448
-317.70000001	0.00032840
-317.66666668	0.00054612
-317.63333335	0.00018740
-317.60000001	0.00039951
-317.56666668	0.00061365
-317.53333335	0.00043952
-317.50000001	0.00037509
-317.46666668	0.00031166
-317.43333335	0.00040680
-317.40000001	0.00039563
-317.36666668	0.00079997
-317.33333335	0.00035450
-317.30000001	0.00038525
-317.26666668	0.00044836
-317.23333335	0.00031240
-317.20000001	0.00034753
-317.16666668	0.00052258
-317.13333335	0.00073398
-317.10000001	0.00057243
-317.06666668	0.00027894
-317.03333335	0.00048376
-317.00000001	0.00050322
-316.96666668	0.00020679
-316.93333335	0.00029928
-316.90000001	0.00050890
-316.86666668	0.00047210
-316.83333335	0.00029172
-316.80000001	0.00035678
-316.76666668	0.00049072
-316.73333335	0.00025406
-316.70000002	0.00040840
-316.66666668	0.00025129
-316.63333335	0.00018191
-316.60000002	0.00032360
-316.56666668	0.00046393
-316.53333335	0.00047897
-316.50000002	0.00028066
-316.46666668	0.00080474
-316.43333335	0.00019076
-316.40000002	0.00032540
-316.36666668	0.00025312
-316.33333335	0.00001541
-316.30000002	0.00014378
-316.26666668	0.00029166
-316.23333335	0.00030865
-316.20000002	0.00024345
-316.16666668	0.00029699
-316.13333335	0.00025432
-316.10000002	0.00030203
-316.06666668	0.00014170
-316.03333335	0.00039531
-316.00000002	0.00041328
-315.96666668	0.00022622
-315.93333335	0.00021810
-315.90000002	0.00030211
-315.86666668	0.00006993
-315.83333335	0.00010105
-315.80000002	0.00025665
-315.76666668	0.00021901
-315.73333335	0.00025864
-315.70000002	0.00015857
-315.66666668	0.00027017
-315.63333335	0.00019514
-315.60000002	0.00048230
-315.56666668	0.00039294
-315.53333335	0.00037873
-315.50000002	0.00033440
-315.46666668	0.00020630
-315.43333335	0.00038239
-315.40000002	0.00028983
-315.36666668	0.00009847
-315.33333335	0.00029632
-315.30000002	0.00037030
-315.26666668	0.00028076
-315.23333335	0.00021748
-315.20000002	0.00051658
-315.16666668	0.00027649
-315.13333335	0.00046037
-315.10000002	0.00031030
-315.06666668	0.00027919
-315.03333335	0.00071613
-315.00000002	0.00025506
-314.96666668	0.00044857
-314.93333335	0.00022215
-314.90000002	0.00034621
-314.86666668	0.00034114
-314.83333335	0.00018312
-314.80000002	0.00031235
-314.76666668	0.00050807
-314.73333335	0.00038311
-314.70000002	0.00036751
-314.66666668	0.00028957
-314.63333335	0.00043052
-314.60000002	0.00040341
-314.56666668	0.00054473
-314.53333335	0.00054167
-314.50000002	0.00026167
-314.46666668	0.00044815
-314.43333335	0.00073285
-314.40000002	0.00050044
-314.36666668	0.00019532
-314.33333335	0.00053239
-314.30000002	0.00049531
-314.26666668	0.00029781
-314.23333335	0.00033055
-314.20000002	0.00023562
-314.16666669	0.00046640
-314.13333335	0.00003181
-314.10000002	0.00018583
-314.06666669	0.00028283
-314.03333335	0.00042185
-314.00000002	0.00027032
-313.96666669	0.00049716
-313.93333335	0.00056805
-313.90000002	0.00014729
-313.86666669	0.00036098
-313.83333335	0.00027478
-313.80000002	0.00032145
-313.76666669	0.00019328
-313.73333335	0.00018612
-313.70000002	0.00047225
-313.66666669	0.00054143
-313.63333335	0.00020251
-313.60000002	0.00026395
-313.56666669	0.00050714
-313.53333335	0.00066230
-313.50000002	0.00047258
-313.46666669	0.00039726
-313.43333335	0.00043879
-313.40000002	0.00025102
-313.36666669	0.00032793
-313.33333335	0.00040940
-313.30000002	0.00066870
-313.26666669	0.00027652
-313.23333335	0.00020578
-313.20000002	0.00028422
-313.16666669	0.00017382
-313.13333335	0.00053531
-313.10000002	0.00036778
-313.06666669	0.00021364
-313.03333335	0.00023076
-313.00000002	0.00036937
-312.96666669	0.00019695
-312.93333335	0.00007367
-312.90000002	0.00038150
-312.86666669	0.00040013
-312.83333335	0.00041437
-312.80000002	0.00020807
-312.76666669	0.00030560
-312.73333335	0.00050670
-312.70000002	0.00044534
-312.66666669	0.00028886
-312.63333335	0.00033995
-312.60000002	0.00030556
-312.56666669	0.00049035
-312.53333335	0.00021717
-312.50000002	0.00044231
-312.46666669	0.00035104
-312.43333335	0.00054628
-312.40000002	0.00044174
-312.36666669	0.00021216
-312.33333335	0.00043114
-312.30000002	0.00024257
-312.26666669	0.00054337
-312.23333335	0.00036374
-312.20000002	0.00040601
-312.16666669	0.00062166
-312.13333335	0.00049764
-312.10000002	0.00045276
-312.06666669	0.00034170
-312.03333335	0.00057924
-312.00000002	0.00058547
-311.96666669	0.00057129
-311.93333335	0.00070023
-311.90000002	0.00061689
-311.86666669	0.00028406
-311.83333335	0.00038558
-311.80000002	0.00047574
-311.76666669	0.00063125
-311.73333336	0.00045956
-311.70000002	0.00049731
-311.66666669	0.00029138
-311.63333336	0.00040571
-311.60000002	0.00053154
-311.56666669	0.00063871
-311.53333336	0.00045328
-311.50000002	0.00069807
-311.46666669	0.00059155
-311.43333336	0.00042678
-311.40000002	0.00075704
-311.36666669	0.00041832
-311.33333336	0.00053914
-311.30000002	0.00048608
-311.26666669	0.00043046
-311.23333336	0.00051663
-311.20000002	0.00041124
-311.16666669	0.00049916
-311.13333336	0.00050087
-311.10000002	0.00045881
-311.06666669	0.00055324
-311.03333336	0.00060866
-311.00000002	0.00082797
-310.96666669	0.00104229
-310.93333336	0.00091635
-310.90000002	0.00063118
-310.86666669	0.00078689
-310.83333336	0.00077390
-310.80000002	0.00074638
-310.76666669	0.00080736
-310.73333336	0.00066870
-310.70000002	0.00079953
-310.66666669	0.00061318
-310.63333336	0.00070900
-310.60000002	0.00044310
-310.56666669	0.00082042
-310.53333336	0.00068630
-310.50000002	0.00056919
-310.46666669	0.00074475
-310.43333336	0.00061653
-310.40000002	0.00067328
-310.36666669	0.00092594
-310.33333336	0.00073430
-310.30000002	0.00078928
-310.26666669	0.00089428
-310.23333336	0.00046137
-310.20000002	0.00069058
-310.16666669	0.00080522
-310.13333336	0.00114158
-310.10000002	0.00103181
-310.06666669	0.00079150
-310.03333336	0.00074940
-310.00000002	0.00075938
-309.96666669	0.00075028
-309.93333336	0.00079941
-309.90000002	0.00086398
-309.86666669	0.00095559
-309.83333336	0.00074623
-309.80000002	0.00093858
-309.76666669	0.00081569
-309.73333336	0.00054431
-309.70000002	0.00074947
-309.66666669	0.00079083
-309.63333336	0.00062963
-309.60000002	0.00027184
-309.56666669	0.00068447
-309.53333336	0.00056598
-309.50000002	0.00071000
-309.46666669	0.00071988
-309.43333336	0.00055816
-309.40000002	0.00102537
-309.36666669	0.00084045
-309.33333336	0.00071660
-309.30000003	0.00079276
-309.26666669	0.00072632
-309.23333336	0.00063931
-309.20000003	0.00078132
-309.16666669	0.00052310
-309.13333336	0.00025621
-309.10000003	0.00024660
-309.06666669	0.00077652
-309.03333336	0.00060619
-309.00000003	0.00062823
-308.96666669	0.00034246
-308.93333336	0.00047012
-308.90000003	0.00028940
-308.86666669	0.00063905
-308.83333336	0.00047236
-308.80000003	0.00036759
-308.76666669	0.00063840
-308.73333336	0.00065189
-308.70000003	0.00035976
-308.66666669	0.00051143
-308.63333336	0.00044011
-308.60000003	0.00053791
-308.56666669	0.00048874
-308.53333336	0.00066354
-308.50000003	0.00039020
-308.46666669	0.00041691
-308.43333336	0.00032533
-308.40000003	0.00061786
-308.36666669	0.00077222
-308.33333336	0.00077538
-308.30000003	0.00051066
-308.26666669	0.00055435
-308.23333336	0.00047154
-308.20000003	0.00047962
-308.16666669	0.00041946
-308.13333336	0.00066235
-308.10000003	0.00039018
-308.06666669	0.00037303
-308.03333336	0.00041821
-308.00000003	0.00050357
-307.96666669	0.00023445
-307.93333336	0.00027646
-307.90000003	0.00025442
-307.86666669	0.00035869
-307.83333336	0.00025082
-307.80000003	0.00060822
-307.76666669	0.00027530
-307.73333336	0.00037177
-307.70000003	0.00041207
-307.66666669	0.00055549
-307.63333336	0.00061574
-307.60000003	0.00025181
-307.56666669	0.00034274
-307.53333336	0.00036463
-307.50000003	0.00026860
-307.46666669	0.00061623
-307.43333336	0.00046009
-307.40000003	0.00035444
-307.36666669	0.00021605
-307.33333336	0.00030215
-307.30000003	0.00022385
-307.26666669	0.00034729
-307.23333336	0.00017990
-307.20000003	0.00043288
-307.16666669	0.00037685
-307.13333336	0.00030954
-307.10000003	0.00029632
-307.06666669	0.00050585
-307.03333336	0.00029458
-307.00000003	0.00005934
-306.96666669	0.00041164
-306.93333336	0.00033677
-306.90000003	0.00044151
-306.86666669	0.00052204
-306.83333336	0.00033614
-306.80000003	0.00026652
-306.76666670	0.00028792
-306.73333336	0.00018263
-306.70000003	0.00052078
-306.66666670	0.00019931
-306.63333336	0.00044765
-306.60000003	0.00053134
-306.56666670	0.00019022
-306.53333336	0.00028952
-306.50000003	0.00018824
-306.46666670	0.00036276
-306.43333336	0.00035410
-306.40000003	0.00028354
-306.36666670	0.00038541
-306.33333336	0.00060200
-306.30000003	0.00029040
-306.26666670	0.00013451
-306.23333336	0.00021566
-306.20000003	0.00036521
-306.16666670	0.00034541
-306.13333336	0.00038682
-306.10000003	0.00035401
-306.06666670	-0.00003347
-306.03333336	0.00014779
-306.00000003	0.00015814
-305.96666670	-0.00003012
-305.93333336	0.00006884
-305.90000003	0.00034066
-305.86666670	0.00014294
-305.83333336	0.00028876
-305.80000003	0.00016569
-305.76666670	0.00036061
-305.73333336	0.00009800
-305.70000003	0.00006566
-305.66666670	0.00022062
-305.63333336	0.00003164
-305.60000003	0.00060543
-305.56666670	0.00017140
-305.53333336	0.00026712
-305.50000003	0.00026963
-305.46666670	0.00018070
-305.43333336	-0.00014761
-305.40000003	-0.00014380
-305.36666670	0.00036721
-305.33333336	0.00038990
-305.30000003	0.00022763
-305.26666670	0.00033983
-305.23333336	0.00013738
-305.20000003	0.00019063
-305.16666670	0.00042758
-305.13333336	0.00021893
-305.10000003	0.00031751
-305.06666670	0.00047919
-305.03333336	0.00013812
-305.00000003	0.00010648
-304.96666670	0.00002345
-304.93333336	0.00021061
-304.90000003	0.00056914
-304.86666670	0.00032517
-304.83333336	0.00041101
-304.80000003	0.00011110
-304.76666670	0.00003459
-304.73333336	-0.00001714
-304.70000003	0.00039266
-304.66666670	0.00029856
-304.63333336	0.00032980
-304.60000003	0.00024118
-304.56666670	0.00047822
-304.53333336	0.00014016
-304.50000003	0.00033302
-304.46666670	-0.00003852
-304.43333336	0.00027825
-304.40000003	0.00018689
-304.36666670	0.00013378
-304.33333337	-0.00022639
-304.30000003	0.00013414
-304.26666670	0.00018755
-304.23333337	0.00000268
-304.20000003	-0.00000327
-304.16666670	0.00011389
-304.13333337	0.00017505
-304.10000003	0.00012870
-304.06666670	0.00039332
-304.03333337	0.00011307
-304.00000003	0.00016555
-303.96666670	0.00000960
-303.93333337	0.00017552
-303.90000003	0.00013114
-303.86666670	-0.00004018
-303.83333337	0.00002132
-303.80000003	0.00008856
-303.76666670	0.00009013
-303.73333337	0.00017365
-303.70000003	0.00005450
-303.66666670	0.00019461
-303.63333337	-0.00010156
-303.60000003	0.00014678
-303.56666670	0.00035383
-303.53333337	0.00008534
-303.50000003	-0.00005528
-303.46666670	0.00018121
-303.43333337	0.00011845
-303.40000003	-0.00003657
-303.36666670	0.00000275
-303.33333337	0.00010249
-303.30000003	0.00047156
-303.26666670	0.00030253
-303.23333337	0.00010620
-303.20000003	0.00021049
-303.16666670	0.00013081
-303.13333337	0.00035928
-303.10000003	0.00008028
-303.06666670	-0.00009331
-303.03333337	-0.00005415
-303.00000003	-0.00004328
-302.96666670	-0.00005273
-302.93333337	-0.00017291
-302.90000003	0.00005285
-302.86666670	0.00002119
-302.83333337	-0.00004409
-302.80000003	-0.00017401
-302.76666670	-0.00015858
-302.73333337	-0.00020669
-302.70000003	0.00020047
-302.66666670	-0.00004473
-302.63333337	-0.00002447
-302.60000003	0.00019549
-302.56666670	-0.00013573
-302.53333337	0.00013623
-302.50000003	0.00016791
-302.46666670	-0.00002987
-302.43333337	0.00009404
-302.40000003	-0.00026297
-302.36666670	0.00010735
-302.33333337	-0.00008752
-302.30000003	-0.00001117
-302.26666670	-0.00001530
-302.23333337	0.00003680
-302.20000003	-0.00001814
-302.16666670	-0.00001669
-302.13333337	-0.00021180
-302.10000003	-0.00002747
-302.06666670	0.00006291
-302.03333337	-0.00021351
-302.00000003	-0.00021801
-301.96666670	-0.00014433
-301.93333337	-0.00007394
-301.90000004	0.00004623
-301.86666670	-0.00012008
-301.83333337	-0.00023988
-301.80000004	-0.00008343
-301.76666670	-0.00003951
-301.73333337	-0.00017979
-301.70000004	-0.00035857
-301.66666670	-0.00023469
-301.63333337	-0.00042024
-301.60000004	-0.00019298
-301.56666670	-0.00023745
-301.53333337	-0.00003248
-301.50000004	-0.00020855
-301.46666670	-0.00021432
-301.43333337	-0.00013056
-301.40000004	-0.00000897
-301.36666670	-0.00001293
-301.33333337	0.00004349
-301.30000004	-0.00012142
-301.26666670	-0.00014403
-301.23333337	0.00025273
-301.20000004	-0.00006403
-301.16666670	-0.00020713
-301.13333337	-0.00010792
-301.10000004	-0.00013341
-301.06666670	0.00018750
-301.03333337	-0.00000454
-301.00000004	-0.00007186
-300.96666670	0.00003287
-300.93333337	-0.00014093
-300.90000004	-0.00037325
-300.86666670	-0.00012653
-300.83333337	-0.00012413
-300.80000004	0.00006986
-300.76666670	-0.00011202
-300.73333337	0.00001944
-300.70000004	-0.00010940
-300.66666670	-0.00011560
-300.63333337	-0.00029778
-300.60000004	-0.00024332
-300.56666670	-0.00053113
-300.53333337	-0.00036485
-300.50000004	-0.00057654
-300.46666670	-0.00013510
-300.43333337	-0.00020615
-300.40000004	-0.00022464
-300.36666670	-0.00020377
-300.33333337	-0.00029844
-300.30000004	-0.00016293
-300.26666670	-0.00025853
-300.23333337	-0.00012310
-300.20000004	-0.00018402
-300.16666670	-0.00010915
-300.13333337	-0.00012043
-300.10000004	-0.00000058
-300.06666670	0.00000261
-300.03333337	-0.00002009
-300.00000004	0.00000884
-299.96666670	-0.00020611
-299.93333337	-0.00020012
-299.90000004	-0.00022484
-299.86666670	0.00013278
-299.83333337	0.00003442
-299.80000004	-0.00006970
-299.76666670	0.00013037
-299.73333337	-0.00015515
-299.70000004	-0.00040310
-299.66666670	-0.00019428
-299.63333337	0.00032496
-299.60000004	0.00017388
-299.56666670	-0.00008623
-299.53333337	-0.00022520
-299.50000004	0.00012146
-299.46666670	-0.00015008
-299.43333337	-0.00024276
-299.40000004	0.00008819
-299.36666671	-0.00015212
-299.33333337	0.00009339
-299.30000004	-0.00014229
-299.26666671	-0.00012980
-299.23333337	-0.00005706
-299.20000004	-0.00014845
-299.16666671	-0.00016575
-299.13333337	-0.00032592
-299.10000004	-0.00031773
-299.06666671	-0.00017886
-299.03333337	-0.00009065
-299.00000004	-0.00040052
-298.96666671	-0.00027739
-298.93333337	-0.00015171
-298.90000004	-0.00006288
-298.86666671	-0.00007875
-298.83333337	-0.00028427
-298.80000004	-0.00002552
-298.76666671	-0.00012897
-298.73333337	-0.00035635
-298.70000004	-0.00047129
-298.66666671	-0.00031297
-298.63333337	-0.00023276
-298.60000004	-0.00051558
-298.56666671	-0.00072015
-298.53333337	-0.00043162
-298.50000004	-0.00054553
-298.46666671	-0.00021178
-298.43333337	-0.00039963
-298.40000004	-0.00045338
-298.36666671	-0.00064774
-298.33333337	-0.00050722
-298.30000004	-0.00062441
-298.26666671	-0.00058113
-298.23333337	-0.00058447
-298.20000004	-0.00039045
-298.16666671	-0.00069502
-298.13333337	-0.00066956
-298.10000004	-0.00060561
-298.06666671	-0.00074558
-298.03333337	-0.00058389
-298.00000004	-0.00051354
-297.96666671	-0.00090715
-297.93333337	-0.00059221
-297.90000004	-0.00095024
-297.86666671	-0.00076653
-297.83333337	-0.00058240
-297.80000004	-0.00054426
-297.76666671	-0.00047690
-297.73333337	-0.00077896
-297.70000004	-0.00092983
-297.66666671	-0.00090311
-297.63333337	-0.00094953
-297.60000004	-0.00107179
-297.56666671	-0.00076299
-297.53333337	-0.00088276
-297.50000004	-0.00094058
-297.46666671	-0.00093122
-297.43333337	-0.00091828
-297.40000004	-0.00067973
-297.36666671	-0.00075839
-297.33333337	-0.00075569
-297.30000004	-0.00064844
-297.26666671	-0.00070183
-297.23333337	-0.00092390
-297.20000004	-0.00064376
-297.16666671	-0.00062199
-297.13333337	-0.00084252
-297.10000004	-0.00105272
-297.06666671	-0.00038599
-297.03333337	-0.00075126
-297.00000004	-0.00061721
-296.96666671	-0.00063877
-296.93333338	-0.00093693
-296.90000004	-0.00092802
-296.86666671	-0.00067428
-296.83333338	-0.00087682
-296.80000004	-0.00074293
-296.76666671	-0.00050237
-296.73333338	-0.00051530
-296.70000004	-0.00018110
-296.66666671	-0.00042060
-296.63333338	-0.00043833
-296.60000004	-0.00030256
-296.56666671	-0.00022059
-296.53333338	-0.00016841
-296.50000004	-0.00021527
-296.46666671	-0.00055160
-296.43333338	-0.00027966
-296.40000004	-0.00024374
-296.36666671	-0.00029282
-296.33333338	-0.00032071
-296.30000004	-0.00040226
-296.26666671	-0.00013738
-296.23333338	-0.00040463
-296.20000004	-0.00013380
-296.16666671	-0.00016158
-296.13333338	-0.00024460
-296.10000004	-0.00040366
-296.06666671	-0.00002028
-296.03333338	-0.00002919
-296.00000004	-0.00009670
-295.96666671	-0.00019513
-295.93333338	0.00015223
-295.90000004	-0.00016114
-295.86666671	0.00004829
-295.83333338	-0.00009707
-295.80000004	-0.00003342
-295.76666671	0.00006767
-295.73333338	-0.00002823
-295.70000004	-0.00013187
-295.66666671	-0.00016739
-295.63333338	-0.00010055
-295.60000004	-0.00042822
-295.56666671	-0.00046520
-295.53333338	-0.00008261
-295.50000004	-0.00036406
-295.46666671	-0.00038275
-295.43333338	-0.00049165
-295.40000004	-0.00035912
-295.36666671	-0.00038716
-295.33333338	-0.00038983
-295.30000004	-0.00036985
-295.26666671	-0.00062653
-295.23333338	-0.00066286
-295.20000004	-0.00066921
-295.16666671	-0.00089913
-295.13333338	-0.00092046
-295.10000004	-0.00084618
-295.06666671	-0.00100460
-295.03333338	-0.00115339
-295.00000004	-0.00095253
-294.96666671	-0.00089719
-294.93333338	-0.00109096
-294.90000004	-0.00107875
-294.86666671	-0.00125023
-294.83333338	-0.00145285
-294.80000004	-0.00114390
-294.76666671	-0.00123511
-294.73333338	-0.00144646
-294.70000004	-0.00128761
-294.66666671	-0.00129965
-294.63333338	-0.00146266
-294.60000004	-0.00135428
-294.56666671	-0.00106385
-294.53333338	-0.00106235
-294.50000005	-0.00096758
-294.46666671	-0.00094211
-294.43333338	-0.00124822
-294.40000005	-0.00113094
-294.36666671	-0.00114853
-294.33333338	-0.00102128
-294.30000005	-0.00070126
-294.26666671	-0.00098254
-294.23333338	-0.00103351
-294.20000005	-0.00078978
-294.16666671	-0.00060829
-294.13333338	-0.00055822
-294.10000005	-0.00031240
-294.06666671	-0.00018647
-294.03333338	-0.00019074
-294.00000005	-0.00016757
-293.96666671	-0.00009585
-293.93333338	-0.00018149
-293.90000005	0.00010327
-293.86666671	0.00007278
-293.83333338	0.00005342
-293.80000005	0.00038253
-293.76666671	0.00049928
-293.73333338	0.00055101
-293.70000005	0.00051183
-293.66666671	0.00070682
-293.63333338	0.00130533
-293.60000005	0.00143112
-293.56666671	0.00139159
-293.53333338	0.00162008
-293.50000005	0.00172708
-293.46666671	0.00169559
-293.43333338	0.00186156
-293.40000005	0.00209054
-293.36666671	0.00218517
-293.33333338	0.00218927
-293.30000005	0.00240687
-293.26666671	0.00263333
-293.23333338	0.00260523
-293.20000005	0.00284800
-293.16666671	0.00291465
-293.13333338	0.00301704
-293.10000005	0.00285267
-293.06666671	0.00302087
-293.03333338	0.00320582
-293.00000005	0.00300601
-292.96666671	0.00344405
-292.93333338	0.00322151
-292.90000005	0.00337375
-292.86666671	0.00356040
-292.83333338	0.00345123
-292.80000005	0.00352809
-292.76666671	0.00352657
-292.73333338	0.00367127
-292.70000005	0.00358799
-292.66666671	0.00339224
-292.63333338	0.00370200
-292.60000005	0.00347293
-292.56666671	0.00381515
-292.53333338	0.00373618
-292.50000005	0.00351794
-292.46666671	0.00350520
-292.43333338	0.00386713
-292.40000005	0.00348140
-292.36666671	0.00365180
-292.33333338	0.00350602
-292.30000005	0.00352166
-292.26666671	0.00311080
-292.23333338	0.00347315
-292.20000005	0.00340067
-292.16666671	0.00359993
-292.13333338	0.00336845
-292.10000005	0.00371599
-292.06666671	0.00336323
-292.03333338	0.00376148
-292.00000005	0.00354660
-291.96666672	0.00374379
-291.93333338	0.00394795
-291.90000005	0.00360944
-291.86666672	0.00372520
-291.83333338	0.00339195
-291.80000005	0.00384303
-291.76666672	0.00350292
-291.73333338	0.00361505
-291.70000005	0.00371722
-291.66666672	0.00362418
-291.63333338	0.00357926
-291.60000005	0.00344155
-291.56666672	0.00344443
-291.53333338	0.00364587
-291.50000005	0.00323948
-291.46666672	0.00323587
-291.43333338	0.00336925
-291.40000005	0.00334789
-291.36666672	0.00310960
-291.33333338	0.00320156
-291.30000005	0.00317385
-291.26666672	0.00300583
-291.23333338	0.00273183
-291.20000005	0.00241808
-291.16666672	0.00272967
-291.13333338	0.00251080
-291.10000005	0.00267716
-291.06666672	0.00243096
-291.03333338	0.00241557
-291.00000005	0.00230385
-290.96666672	0.00216849
-290.93333338	0.00188150
-290.90000005	0.00205352
-290.86666672	0.00164888
-290.83333338	0.00151634
-290.80000005	0.00175948
-290.76666672	0.00115827
-290.73333338	0.00110944
-290.70000005	0.00134187
-290.66666672	0.00064580
-290.63333338	0.00058053
-290.60000005	0.00052398
-290.56666672	0.00030873
-290.53333338	-0.00002168
-290.50000005	-0.00016921
-290.46666672	-0.00051582
-290.43333338	-0.00063898
-290.40000005	-0.00097383
-290.36666672	-0.00101152
-290.33333338	-0.00136073
-290.30000005	-0.00158171
-290.26666672	-0.00171626
-290.23333338	-0.00186320
-290.20000005	-0.00193737
-290.16666672	-0.00250947
-290.13333338	-0.00272805
-290.10000005	-0.00297000
-290.06666672	-0.00270678
-290.03333338	-0.00302029
-290.00000005	-0.00311821
-289.96666672	-0.00297351
-289.93333338	-0.00303431
-289.90000005	-0.00296565
-289.86666672	-0.00330950
-289.83333338	-0.00360008
-289.80000005	-0.00372006
-289.76666672	-0.00357596
-289.73333338	-0.00390491
-289.70000005	-0.00373651
-289.66666672	-0.00395995
-289.63333338	-0.00349812
-289.60000005	-0.00343086
-289.56666672	-0.00365023
-289.53333339	-0.00337836
-289.50000005	-0.00349626
-289.46666672	-0.00330206
-289.43333339	-0.00330762
-289.40000005	-0.00315562
-289.36666672	-0.00297950
-289.33333339	-0.00288044
-289.30000005	-0.00285855
-289.26666672	-0.00263271
-289.23333339	-0.00282562
-289.20000005	-0.00217447
-289.16666672	-0.00245771
-289.13333339	-0.00229259
-289.10000005	-0.00202590
-289.06666672	-0.00185172
-289.03333339	-0.00190962
-289.00000005	-0.00170298
-288.96666672	-0.00132379
-288.93333339	-0.00135445
-288.90000005	-0.00122221
-288.86666672	-0.00113963
-288.83333339	-0.00079681
-288.80000005	-0.00083896
-288.76666672	-0.00042143
-288.73333339	-0.00013172
-288.70000005	0.00001813
-288.66666672	0.00025643
-288.63333339	0.00031827
-288.60000005	0.00050200
-288.56666672	0.00045619
-288.53333339	0.00077150
-288.50000005	0.00107773
-288.46666672	0.00119668
-288.43333339	0.00135639
-288.40000005	0.00147242
-288.36666672	0.00175497
-288.33333339	0.00208436
-288.30000005	0.00221463
-288.26666672	0.00235166
-288.23333339	0.00246110
-288.20000005	0.00256554
-288.16666672	0.00266274
-288.13333339	0.00303194
-288.10000005	0.00287568
-288.06666672	0.00320621
-288.03333339	0.00330318
-288.00000005	0.00337703
-287.96666672	0.00340603
-287.93333339	0.00337044
-287.90000005	0.00326484
-287.86666672	0.00344421
-287.83333339	0.00379026
-287.80000005	0.00350720
-287.76666672	0.00377917
-287.73333339	0.00382197
-287.70000005	0.00356004
-287.66666672	0.00378434
-287.63333339	0.00393029
-287.60000005	0.00383220
-287.56666672	0.00379423
-287.53333339	0.00366862
-287.50000005	0.00380281
-287.46666672	0.00389793
-287.43333339	0.00391606
-287.40000005	0.00424011
-287.36666672	0.00401724
-287.33333339	0.00388421
-287.30000005	0.00411491
-287.26666672	0.00397616
-287.23333339	0.00371100
-287.20000005	0.00341823
-287.16666672	0.00360099
-287.13333339	0.00346309
-287.10000006	0.00342885
-287.06666672	0.00314651
-287.03333339	0.00326243
-287.00000006	0.00282860
-286.96666672	0.00290093
-286.93333339	0.00276985
-286.90000006	0.00264999
-286.86666672	0.00242116
-286.83333339	0.00227787
-286.80000006	0.00211284
-286.76666672	0.00198277
-286.73333339	0.00211240
-286.70000006	0.00179822
-286.66666672	0.00144076
-286.63333339	0.00150453
-286.60000006	0.00134309
-286.56666672	0.00127584
-286.53333339	0.00094091
-286.50000006	0.00086453
-286.46666672	0.00081002
-286.43333339	0.00057146
-286.40000006	0.00052993
-286.36666672	0.00068473
-286.33333339	0.00038569
-286.30000006	0.00016432
-286.26666672	0.00048520
-286.23333339	0.00026610
-286.20000006	0.00024518
-286.16666672	0.00018419
-286.13333339	0.00003637
-286.10000006	-0.00003271
-286.06666672	-0.00005211
-286.03333339	0.00001303
-286.00000006	-0.00011807
-285.96666672	0.00005513
-285.93333339	-0.00038690
-285.90000006	-0.00008069
-285.86666672	-0.00021197
-285.83333339	-0.00031748
-285.80000006	-0.00031128
-285.76666672	-0.00030327
-285.73333339	-0.00035200
-285.70000006	-0.00027346
-285.66666672	-0.00037808
-285.63333339	-0.00029889
-285.60000006	-0.00058962
-285.56666672	-0.00060714
-285.53333339	-0.00049004
-285.50000006	-0.00068605
-285.46666672	-0.00066531
-285.43333339	-0.00072385
-285.40000006	-0.00069712
-285.36666672	-0.00094980
-285.33333339	-0.00077818
-285.30000006	-0.00078584
-285.26666672	-0.00074793
-285.23333339	-0.00101437
-285.20000006	-0.00077071
-285.16666672	-0.00073435
-285.13333339	-0.00070838
-285.10000006	-0.00070398
-285.06666672	-0.00069057
-285.03333339	-0.00082571
-285.00000006	-0.00062070
-284.96666672	-0.00049481
-284.93333339	-0.00061336
-284.90000006	-0.00052386
-284.86666672	-0.00049970
-284.83333339	-0.00069127
-284.80000006	-0.00080051
-284.76666672	-0.00042545
-284.73333339	-0.00046269
-284.70000006	-0.00036316
-284.66666672	-0.00040796
-284.63333339	-0.00046134
-284.60000006	-0.00065408
-284.56666673	-0.00044626
-284.53333339	0.00006606
-284.50000006	0.00017418
-284.46666673	-0.00000781
-284.43333339	0.00009249
-284.40000006	0.00016261
-284.36666673	0.00030958
-284.33333339	0.00062476
-284.30000006	0.00065498
-284.26666673	0.00056108
-284.23333339	0.00089401
-284.20000006	0.00078695
-284.16666673	0.00117569
-284.13333339	0.00124666
-284.10000006	0.00153361
-284.06666673	0.00176324
-284.03333339	0.00170536
-284.00000006	0.00203349
-283.96666673	0.00230805
-283.93333339	0.00248871
-283.90000006	0.00283780
-283.86666673	0.00264919
-283.83333339	0.00312765
-283.80000006	0.00317581
-283.76666673	0.00307074
-283.73333339	0.00307164
-283.70000006	0.00330836
-283.66666673	0.00283647
-283.63333339	0.00266538
-283.60000006	0.00202790
-283.56666673	0.00192395
-283.53333339	0.00134735
-283.50000006	0.00082156
-283.46666673	0.00058692
-283.43333339	-0.00010729
-283.40000006	-0.00070518
-283.36666673	-0.00102018
-283.33333339	-0.00168820
-283.30000006	-0.00159219
-283.26666673	-0.00171403
-283.23333339	-0.00169967
-283.20000006	-0.00169422
-283.16666673	-0.00157952
-283.13333339	-0.00095782
-283.10000006	-0.00055597
-283.06666673	-0.00026072
-283.03333339	0.00013329
-283.00000006	0.00066373
-282.96666673	0.00119465
-282.93333339	0.00129882
-282.90000006	0.00179694
-282.86666673	0.00233377
-282.83333339	0.00258874
-282.80000006	0.00301101
-282.76666673	0.00386362
-282.73333339	0.00410785
-282.70000006	0.00419376
-282.66666673	0.00463067
-282.63333339	0.00484479
-282.60000006	0.00508206
-282.56666673	0.00550340
-282.53333339	0.00560271
-282.50000006	0.00556952
-282.46666673	0.00581701
-282.43333339	0.00590536
-282.40000006	0.00578086
-282.36666673	0.00574893
-282.33333339	0.00512363
-282.30000006	0.00514663
-282.26666673	0.00479652
-282.23333339	0.00416109
-282.20000006	0.00375183
-282.16666673	0.00320872
-282.13333340	0.00260282
-282.10000006	0.00200406
-282.06666673	0.00125120
-282.03333340	0.00038569
-282.00000006	-0.00042192
-281.96666673	-0.00096363
-281.93333340	-0.00153605
-281.90000006	-0.00195908
-281.86666673	-0.00253390
-281.83333340	-0.00239528
-281.80000006	-0.00228141
-281.76666673	-0.00202969
-281.73333340	-0.00162753
-281.70000006	-0.00112482
-281.66666673	-0.00041394
-281.63333340	0.00002508
-281.60000006	0.00059529
-281.56666673	0.00142719
-281.53333340	0.00226997
-281.50000006	0.00287661
-281.46666673	0.00306201
-281.43333340	0.00395494
-281.40000006	0.00447168
-281.36666673	0.00493577
-281.33333340	0.00526666
-281.30000006	0.00524297
-281.26666673	0.00579068
-281.23333340	0.00609293
-281.20000006	0.00639623
-281.16666673	0.00634118
-281.13333340	0.00645225
-281.10000006	0.00626782
-281.06666673	0.00668776
-281.03333340	0.00701712
-281.00000006	0.00707001
-280.96666673	0.00719283
-280.93333340	0.00697737
-280.90000006	0.00715326
-280.86666673	0.00730215
-280.83333340	0.00724341
-280.80000006	0.00724402
-280.76666673	0.00733456
-280.73333340	0.00739668
-280.70000006	0.00753741
-280.66666673	0.00720489
-280.63333340	0.00739977
-280.60000006	0.00713342
-280.56666673	0.00710584
-280.53333340	0.00691081
-280.50000006	0.00718652
-280.46666673	0.00709766
-280.43333340	0.00700049
-280.40000006	0.00702315
-280.36666673	0.00684408
-280.33333340	0.00712085
-280.30000006	0.00701843
-280.26666673	0.00721614
-280.23333340	0.00713375
-280.20000006	0.00709745
-280.16666673	0.00723002
-280.13333340	0.00710788
-280.10000006	0.00726122
-280.06666673	0.00770693
-280.03333340	0.00744165
-280.00000006	0.00790201
-279.96666673	0.00783876
-279.93333340	0.00800087
-279.90000006	0.00790536
-279.86666673	0.00798586
-279.83333340	0.00807925
-279.80000006	0.00797362
-279.76666673	0.00807104
-279.73333340	0.00800137
-279.70000007	0.00812667
-279.66666673	0.00809752
-279.63333340	0.00788968
-279.60000007	0.00783999
-279.56666673	0.00824699
-279.53333340	0.00810772
-279.50000007	0.00777766
-279.46666673	0.00839849
-279.43333340	0.00806121
-279.40000007	0.00801196
-279.36666673	0.00793345
-279.33333340	0.00838878
-279.30000007	0.00833615
-279.26666673	0.00864874
-279.23333340	0.00861513
-279.20000007	0.00862540
-279.16666673	0.00855049
-279.13333340	0.00844728
-279.10000007	0.00833483
-279.06666673	0.00790659
-279.03333340	0.00752940
-279.00000007	0.00685159
-278.96666673	0.00643089
-278.93333340	0.00587783
-278.90000007	0.00543171
-278.86666673	0.00476442
-278.83333340	0.00455951
-278.80000007	0.00415157
-278.76666673	0.00460254
-278.73333340	0.00496600
-278.70000007	0.00524773
-278.66666673	0.00598570
-278.63333340	0.00688753
-278.60000007	0.00796238
-278.56666673	0.00944621
-278.53333340	0.01066698
-278.50000007	0.01212812
-278.46666673	0.01318402
-278.43333340	0.01457486
-278.40000007	0.01600408
-278.36666673	0.01720112
-278.33333340	0.01851596
-278.30000007	0.01938760
-278.26666673	0.02056152
-278.23333340	0.02180542
-278.20000007	0.02282731
-278.16666673	0.02346578
-278.13333340	0.02457672
-278.10000007	0.02557944
-278.06666673	0.02657295
-278.03333340	0.02772885
-278.00000007	0.02886589
-277.96666673	0.03012425
-277.93333340	0.03180561
-277.90000007	0.03295076
-277.86666673	0.03453637
-277.83333340	0.03610270
-277.80000007	0.03784836
-277.76666673	0.03962828
-277.73333340	0.04158004
-277.70000007	0.04360413
-277.66666673	0.04588544
-277.63333340	0.04801592
-277.60000007	0.05038699
-277.56666673	0.05268566
-277.53333340	0.05526320
-277.50000007	0.05783937
-277.46666673	0.06076726
-277.43333340	0.06382303
-277.40000007	0.06687364
-277.36666673	0.07027862
-277.33333340	0.07424035
-277.30000007	0.07823978
-277.26666673	0.08230867
-277.23333340	0.08651467
-277.20000007	0.09121946
-277.16666674	0.09629024
-277.13333340	0.10177995
-277.10000007	0.10688977
-277.06666674	0.11287193
-277.03333340	0.11893468
-277.00000007	0.12523800
-276.96666674	0.13158368
-276.93333340	0.13832447
-276.90000007	0.14540715
-276.86666674	0.15286508
-276.83333340	0.16085945
-276.80000007	0.16947465
-276.76666674	0.17780798
-276.73333340	0.18690422
-276.70000007	0.19657496
-276.66666674	0.20650152
-276.63333340	0.21685785
-276.60000007	0.22743960
-276.56666674	0.23830688
-276.53333340	0.24945825
-276.50000007	0.26028717
-276.46666674	0.27099366
-276.43333340	0.28097777
-276.40000007	0.29048155
-276.36666674	0.29862340
-276.33333340	0.30535436
-276.30000007	0.31038394
-276.26666674	0.31277353
-276.23333340	0.31177245
-276.20000007	0.30641615
-276.16666674	0.29564619
-276.13333340	0.27685404
-276.10000007	0.24840281
-276.06666674	0.20656561
-276.03333340	0.14800467
-276.00000007	0.06858506
-275.96666674	-0.03650648
-275.93333340	-0.17145582
-275.90000007	-0.33892159
-275.86666674	-0.54135927
-275.83333340	-0.77683924
-275.80000007	-1.04017109
-275.76666674	-1.32225500
-275.73333340	-1.61080638
-275.70000007	-1.89010260
-275.66666674	-2.14251878
-275.63333340	-2.35090454
-275.60000007	-2.50122599
-275.56666674	-2.58134417
-275.53333340	-2.58682024
-275.50000007	-2.51666767
-275.46666674	-2.37744447
-275.43333340	-2.17805394
-275.40000007	-1.93132854
-275.36666674	-1.64967039
-275.33333340	-1.34699751
-275.30000007	-1.03577077
-275.26666674	-0.72693944
-275.23333340	-0.42977172
-275.20000007	-0.15251098
-275.16666674	0.09947298
-275.13333340	0.32196583
-275.10000007	0.51293080
-275.06666674	0.67221718
-275.03333340	0.80172830
-275.00000007	0.90386915
-274.96666674	0.98125612
-274.93333340	1.03829354
-274.90000007	1.07751184
-274.86666674	1.10222500
-274.83333340	1.11480432
-274.80000007	1.11770785
-274.76666674	1.11300705
-274.73333341	1.10238166
-274.70000007	1.08757028
-274.66666674	1.06858089
-274.63333341	1.04619909
-274.60000007	1.01986975
-274.56666674	0.98910027
-274.53333341	0.95349996
-274.50000007	0.91278721
-274.46666674	0.86667953
-274.43333341	0.81647109
-274.40000007	0.76189045
-274.36666674	0.70437133
-274.33333341	0.64419335
-274.30000007	0.58218202
-274.26666674	0.51988677
-274.23333341	0.45899453
-274.20000007	0.40168521
-274.16666674	0.34962580
-274.13333341	0.30581868
-274.10000007	0.27178597
-274.06666674	0.24803441
-274.03333341	0.23482812
-274.00000007	0.23051434
-273.96666674	0.23330516
-273.93333341	0.24086163
-273.90000007	0.24900809
-273.86666674	0.25594746
-273.83333341	0.25899986
-273.80000007	0.25506283
-273.76666674	0.24360685
-273.73333341	0.22361655
-273.70000007	0.19546305
-273.66666674	0.16101674
-273.63333341	0.12198961
-273.60000007	0.08209394
-273.56666674	0.04437716
-273.53333341	0.01195000
-273.50000007	-0.01422184
-273.46666674	-0.03155046
-273.43333341	-0.04102970
-273.40000007	-0.04270446
-273.36666674	-0.03961891
-273.33333341	-0.03284359
-273.30000007	-0.02456460
-273.26666674	-0.01554204
-273.23333341	-0.00690917
-273.20000007	0.00109163
-273.16666674	0.00823152
-273.13333341	0.01436578
-273.10000007	0.01933260
-273.06666674	0.02279959
-273.03333341	0.02492950
-273.00000007	0.02505174
-272.96666674	0.02393392
-272.93333341	0.02108584
-272.90000007	0.01714298
-272.86666674	0.01261289
-272.83333341	0.00809653
-272.80000007	0.00317541
-272.76666674	-0.00244496
-272.73333341	-0.00813692
-272.70000007	-0.01471324
-272.66666674	-0.02317263
-272.63333341	-0.03279258
-272.60000007	-0.04450407
-272.56666674	-0.05806279
-272.53333341	-0.07204469
-272.50000007	-0.08567922
-272.46666674	-0.09813918
-272.43333341	-0.10753739
-272.40000007	-0.11315789
-272.36666674	-0.11358207
-272.33333341	-0.10915829
-272.30000008	-0.09969362
-272.26666674	-0.08574192
-272.23333341	-0.06847059
-272.20000008	-0.04774473
-272.16666674	-0.02478608
-272.13333341	-0.00084129
-272.10000008	0.02282914
-272.06666674	0.04474681
-272.03333341	0.06267209
-272.00000008	0.07515504
-271.96666674	0.08007201
-271.93333341	0.07712961
-271.90000008	0.06588202
-271.86666674	0.04756486
-271.83333341	0.02403801
-271.80000008	-0.00177045
-271.76666674	-0.02810746
-271.73333341	-0.05204547
-271.70000008	-0.07066464
-271.66666674	-0.08308693
-271.63333341	-0.08777475
-271.60000008	-0.08599899
-271.56666674	-0.07769009
-271.53333341	-0.06552045
-271.50000008	-0.05064877
-271.46666674	-0.03550461
-271.43333341	-0.02180642
-271.40000008	-0.01172258
-271.36666674	-0.00560538
-271.33333341	-0.00452032
-271.30000008	-0.00834210
-271.26666674	-0.01630073
-271.23333341	-0.02735780
-271.20000008	-0.04000469
-271.16666674	-0.05351730
-271.13333341	-0.06634193
-271.10000008	-0.07862843
-271.06666674	-0.08879696
-271.03333341	-0.09708138
-271.00000008	-0.10299677
-270.96666674	-0.10688975
-270.93333341	-0.10832305
-270.90000008	-0.10759100
-270.86666674	-0.10431073
-270.83333341	-0.09944868
-270.80000008	-0.09265887
-270.76666674	-0.08450563
-270.73333341	-0.07530576
-270.70000008	-0.06589936
-270.66666674	-0.05739277
-270.63333341	-0.04973526
-270.60000008	-0.04462897
-270.56666674	-0.04036260
-270.53333341	-0.03699845
-270.50000008	-0.03322149
-270.46666674	-0.02864611
-270.43333341	-0.02084422
-270.40000008	-0.01077847
-270.36666674	0.00093871
-270.33333341	0.01314624
-270.30000008	0.02445799
-270.26666674	0.03306480
-270.23333341	0.03787022
-270.20000008	0.03843024
-270.16666674	0.03517035
-270.13333341	0.02938453
-270.10000008	0.02216959
-270.06666674	0.01431557
-270.03333341	0.00648344
-270.00000008	-0.00025115
-269.96666674	-0.00656403
-269.93333341	-0.01263122
-269.90000008	-0.01814986
-269.86666675	-0.02437830
-269.83333341	-0.03047217
-269.80000008	-0.03593852
-269.76666675	-0.04063585
-269.73333341	-0.04447749
-269.70000008	-0.04700292
-269.66666675	-0.04906621
-269.63333341	-0.05053519
-269.60000008	-0.05184026
-269.56666675	-0.05408602
-269.53333341	-0.05638088
-269.50000008	-0.05904138
-269.46666675	-0.06125709
-269.43333341	-0.06215920
-269.40000008	-0.06067656
-269.36666675	-0.05674884
-269.33333341	-0.05074661
-269.30000008	-0.04296321
-269.26666675	-0.03419756
-269.23333341	-0.02564764
-269.20000008	-0.01848424
-269.16666675	-0.01306838
-269.13333341	-0.00940776
-269.10000008	-0.00878257
-269.06666675	-0.00914037
-269.03333341	-0.01122764
-269.00000008	-0.01461572
-268.96666675	-0.01823230
-268.93333341	-0.02113974
-268.90000008	-0.02306011
-268.86666675	-0.02381232
-268.83333341	-0.02321768
-268.80000008	-0.02148648
-268.76666675	-0.01905580
-268.73333341	-0.01603065
-268.70000008	-0.01322890
-268.66666675	-0.00984778
-268.63333341	-0.00598549
-268.60000008	-0.00128412
-268.56666675	0.00372933
-268.53333341	0.00973048
-268.50000008	0.01558216
-268.46666675	0.02026782
-268.43333341	0.02324394
-268.40000008	0.02297557
-268.36666675	0.01937367
-268.33333341	0.01277289
-268.30000008	0.00329923
-268.26666675	-0.00729237
-268.23333341	-0.01859737
-268.20000008	-0.02882112
-268.16666675	-0.03780829
-268.13333341	-0.04517305
-268.10000008	-0.05075559
-268.06666675	-0.05479868
-268.03333341	-0.05742381
-268.00000008	-0.05856692
-267.96666675	-0.05845047
-267.93333341	-0.05694682
-267.90000008	-0.05385870
-267.86666675	-0.04915208
-267.83333341	-0.04217955
-267.80000008	-0.03430219
-267.76666675	-0.02642631
-267.73333341	-0.01865986
-267.70000008	-0.01224367
-267.66666675	-0.00818611
-267.63333341	-0.00650985
-267.60000008	-0.00662894
-267.56666675	-0.00775917
-267.53333341	-0.00836158
-267.50000008	-0.00821825
-267.46666675	-0.00664075
-267.43333341	-0.00266428
-267.40000008	0.00320352
-267.36666675	0.01015882
-267.33333342	0.01737515
-267.30000008	0.02385912
-267.26666675	0.02896789
-267.23333342	0.03196865
-267.20000008	0.03324319
-267.16666675	0.03218529
-267.13333342	0.02933052
-267.10000008	0.02522887
-267.06666675	0.02005531
-267.03333342	0.01444340
-267.00000008	0.00846992
-266.96666675	0.00294750
-266.93333342	-0.00226212
-266.90000008	-0.00623863
-266.86666675	-0.00938508
-266.83333342	-0.01056095
-266.80000008	-0.01001635
-266.76666675	-0.00741400
-266.73333342	-0.00223405
-266.70000008	0.00444826
-266.66666675	0.01265269
-266.63333342	0.02131934
-266.60000008	0.03041456
-266.56666675	0.03936866
-266.53333342	0.04799661
-266.50000008	0.05533026
-266.46666675	0.06166598
-266.43333342	0.06627232
-266.40000008	0.06920681
-266.36666675	0.06890938
-266.33333342	0.06634145
-266.30000008	0.06006937
-266.26666675	0.05077713
-266.23333342	0.03909826
-266.20000008	0.02536475
-266.16666675	0.01094366
-266.13333342	-0.00306178
-266.10000008	-0.01594776
-266.06666675	-0.02628682
-266.03333342	-0.03441780
-266.00000008	-0.04017063
-265.96666675	-0.04366448
-265.93333342	-0.04502455
-265.90000008	-0.04489501
-265.86666675	-0.04358937
-265.83333342	-0.04170327
-265.80000008	-0.03968098
-265.76666675	-0.03664435
-265.73333342	-0.03293709
-265.70000008	-0.02855002
-265.66666675	-0.02335593
-265.63333342	-0.01716331
-265.60000008	-0.01003291
-265.56666675	-0.00335330
-265.53333342	0.00295948
-265.50000008	0.00822316
-265.46666675	0.01185281
-265.43333342	0.01317389
-265.40000008	0.01294159
-265.36666675	0.01134609
-265.33333342	0.00967776
-265.30000008	0.00794700
-265.26666675	0.00749106
-265.23333342	0.00795065
-265.20000008	0.00984119
-265.16666675	0.01221558
-265.13333342	0.01472313
-265.10000008	0.01762386
-265.06666675	0.01999192
-265.03333342	0.02272665
-265.00000008	0.02517411
-264.96666675	0.02759036
-264.93333342	0.03127947
-264.90000009	0.03474237
-264.86666675	0.03853274
-264.83333342	0.04176415
-264.80000009	0.04430339
-264.76666675	0.04607130
-264.73333342	0.04629696
-264.70000009	0.04557046
-264.66666675	0.04439589
-264.63333342	0.04223688
-264.60000009	0.04039802
-264.56666675	0.03815570
-264.53333342	0.03495160
-264.50000009	0.03205697
-264.46666675	0.02804087
-264.43333342	0.02317883
-264.40000009	0.01787608
-264.36666675	0.01242768
-264.33333342	0.00732648
-264.30000009	0.00207816
-264.26666675	-0.00270844
-264.23333342	-0.00771106
-264.20000009	-0.01322669
-264.16666675	-0.01993082
-264.13333342	-0.02741448
-264.10000009	-0.03550877
-264.06666675	-0.04362781
-264.03333342	-0.05094494
-264.00000009	-0.05654535
-263.96666675	-0.05951706
-263.93333342	-0.05965434
-263.90000009	-0.05717336
-263.86666675	-0.05186507
-263.83333342	-0.04433692
-263.80000009	-0.03498309
-263.76666675	-0.02444492
-263.73333342	-0.01300771
-263.70000009	-0.00101359
-263.66666675	0.01159858
-263.63333342	0.02356690
-263.60000009	0.03478428
-263.56666675	0.04427339
-263.53333342	0.05111264
-263.50000009	0.05439053
-263.46666675	0.05413108
-263.43333342	0.04891997
-263.40000009	0.04031549
-263.36666675	0.02844430
-263.33333342	0.01421625
-263.30000009	-0.00040484
-263.26666675	-0.01423304
-263.23333342	-0.02580113
-263.20000009	-0.03389260
-263.16666675	-0.03835026
-263.13333342	-0.03927731
-263.10000009	-0.03625981
-263.06666675	-0.03014304
-263.03333342	-0.02144030
-263.00000009	-0.01135561
-262.96666675	0.00023669
-262.93333342	0.01217715
-262.90000009	0.02378835
-262.86666675	0.03485011
-262.83333342	0.04430161
-262.80000009	0.05091242
-262.76666675	0.05375484
-262.73333342	0.05333676
-262.70000009	0.04925589
-262.66666675	0.04135296
-262.63333342	0.03157248
-262.60000009	0.02017165
-262.56666675	0.00828956
-262.53333342	-0.00225168
-262.50000009	-0.01143730
-262.46666676	-0.01849000
-262.43333342	-0.02313075
-262.40000009	-0.02584989
-262.36666676	-0.02685695
-262.33333342	-0.02677606
-262.30000009	-0.02577993
-262.26666676	-0.02455225
-262.23333342	-0.02371904
-262.20000009	-0.02311373
-262.16666676	-0.02241811
-262.13333342	-0.02241861
-262.10000009	-0.02196881
-262.06666676	-0.02104063
-262.03333342	-0.01900796
-262.00000009	-0.01636581
-261.96666676	-0.01179827
-261.93333342	-0.00599899
-261.90000009	0.00068007
-261.86666676	0.00785940
-261.83333342	0.01442922
-261.80000009	0.01966015
-261.76666676	0.02307557
-261.73333342	0.02392431
-261.70000009	0.02226826
-261.66666676	0.01748407
-261.63333342	0.01099255
-261.60000009	0.00267399
-261.56666676	-0.00680594
-261.53333342	-0.01668719
-261.50000009	-0.02583430
-261.46666676	-0.03376083
-261.43333342	-0.03885906
-261.40000009	-0.04129765
-261.36666676	-0.04024831
-261.33333342	-0.03498683
-261.30000009	-0.02537878
-261.26666676	-0.01265998
-261.23333342	0.00259943
-261.20000009	0.01915123
-261.16666676	0.03554305
-261.13333342	0.04964736
-261.10000009	0.05985307
-261.06666676	0.06649315
-261.03333342	0.06819067
-261.00000009	0.06517400
-260.96666676	0.05819075
-260.93333342	0.04886155
-260.90000009	0.03750812
-260.86666676	0.02613030
-260.83333342	0.01522779
-260.80000009	0.00516043
-260.76666676	-0.00324273
-260.73333342	-0.01025196
-260.70000009	-0.01608079
-260.66666676	-0.02129234
-260.63333342	-0.02632936
-260.60000009	-0.03128875
-260.56666676	-0.03758309
-260.53333342	-0.04428886
-260.50000009	-0.05157131
-260.46666676	-0.05838187
-260.43333342	-0.06486383
-260.40000009	-0.06931278
-260.36666676	-0.07137373
-260.33333342	-0.07012039
-260.30000009	-0.06557813
-260.26666676	-0.05810235
-260.23333342	-0.04714991
-260.20000009	-0.03373877
-260.16666676	-0.01832216
-260.13333342	-0.00239767
-260.10000009	0.01309659
-260.06666676	0.02704139
-260.03333342	0.03783145
-260.00000009	0.04492372
-259.96666676	0.04792552
-259.93333343	0.04594010
-259.90000009	0.03988261
-259.86666676	0.02950499
-259.83333343	0.01626475
-259.80000009	0.00154387
-259.76666676	-0.01388827
-259.73333343	-0.02867247
-259.70000009	-0.04077602
-259.66666676	-0.04927125
-259.63333343	-0.05268751
-259.60000009	-0.05073708
-259.56666676	-0.04250130
-259.53333343	-0.02879084
-259.50000009	-0.01046674
-259.46666676	0.00998346
-259.43333343	0.03166987
-259.40000009	0.05156207
-259.36666676	0.06747798
-259.33333343	0.07852651
-259.30000009	0.08391446
-259.26666676	0.08379032
-259.23333343	0.07757409
-259.20000009	0.06661304
-259.16666676	0.05271844
-259.13333343	0.03715522
-259.10000009	0.02065188
-259.06666676	0.00404220
-259.03333343	-0.01121778
-259.00000009	-0.02586905
-258.96666676	-0.03860182
-258.93333343	-0.04992255
-258.90000009	-0.05988694
-258.86666676	-0.06792297
-258.83333343	-0.07376342
-258.80000009	-0.07721274
-258.76666676	-0.07790348
-258.73333343	-0.07610898
-258.70000009	-0.07195819
-258.66666676	-0.06561030
-258.63333343	-0.05728401
-258.60000009	-0.04780955
-258.56666676	-0.03781237
-258.53333343	-0.02734244
-258.50000009	-0.01747462
-258.46666676	-0.00822897
-258.43333343	-0.00026552
-258.40000009	0.00623311
-258.36666676	0.01109918
-258.33333343	0.01484641
-258.30000009	0.01647245
-258.26666676	0.01739478
-258.23333343	0.01632463
-258.20000009	0.01429455
-258.16666676	0.01138739
-258.13333343	0.00743185
-258.10000009	0.00233021
-258.06666676	-0.00357237
-258.03333343	-0.01020849
-258.00000009	-0.01759059
-257.96666676	-0.02577393
-257.93333343	-0.03304582
-257.90000009	-0.03918644
-257.86666676	-0.04321599
-257.83333343	-0.04409960
-257.80000009	-0.04199310
-257.76666676	-0.03703475
-257.73333343	-0.02890845
-257.70000009	-0.01869408
-257.66666676	-0.00694049
-257.63333343	0.00499375
-257.60000009	0.01686664
-257.56666676	0.02716452
-257.53333343	0.03596789
-257.50000010	0.04231130
-257.46666676	0.04599590
-257.43333343	0.04638095
-257.40000010	0.04408247
-257.36666676	0.03897093
-257.33333343	0.03163430
-257.30000010	0.02241373
-257.26666676	0.01263385
-257.23333343	0.00290730
-257.20000010	-0.00614532
-257.16666676	-0.01372012
-257.13333343	-0.01935473
-257.10000010	-0.02327186
-257.06666676	-0.02535318
-257.03333343	-0.02630172
-257.00000010	-0.02620721
-256.96666676	-0.02553150
-256.93333343	-0.02454057
-256.90000010	-0.02367311
-256.86666676	-0.02273529
-256.83333343	-0.02196385
-256.80000010	-0.02055665
-256.76666676	-0.01969853
-256.73333343	-0.01797678
-256.70000010	-0.01577250
-256.66666676	-0.01236581
-256.63333343	-0.00866561
-256.60000010	-0.00422940
-256.56666676	0.00075008
-256.53333343	0.00578525
-256.50000010	0.01069908
-256.46666676	0.01385834
-256.43333343	0.01574641
-256.40000010	0.01534069
-256.36666676	0.01262674
-256.33333343	0.00827280
-256.30000010	0.00156057
-256.26666676	-0.00622617
-256.23333343	-0.01490155
-256.20000010	-0.02377273
-256.16666676	-0.03143546
-256.13333343	-0.03712113
-256.10000010	-0.04058096
-256.06666676	-0.04113883
-256.03333343	-0.03825059
-256.00000010	-0.03194884
-255.96666676	-0.02171798
-255.93333343	-0.00865307
-255.90000010	0.00601954
-255.86666676	0.02117385
-255.83333343	0.03534767
-255.80000010	0.04701802
-255.76666676	0.05423804
-255.73333343	0.05761590
-255.70000010	0.05617380
-255.66666676	0.05103613
-255.63333343	0.04245205
-255.60000010	0.03161928
-255.56666676	0.01970476
-255.53333343	0.00743658
-255.50000010	-0.00411739
-255.46666676	-0.01346144
-255.43333343	-0.02220782
-255.40000010	-0.02733264
-255.36666676	-0.03137008
-255.33333343	-0.03251258
-255.30000010	-0.03227141
-255.26666676	-0.03091244
-255.23333343	-0.02897373
-255.20000010	-0.02680801
-255.16666676	-0.02544528
-255.13333343	-0.02436411
-255.10000010	-0.02347638
-255.06666677	-0.02303545
-255.03333343	-0.02224001
-255.00000010	-0.02118986
-254.96666677	-0.02024739
-254.93333343	-0.01912607
-254.90000010	-0.01846738
-254.86666677	-0.01750007
-254.83333343	-0.01653871
-254.80000010	-0.01624475
-254.76666677	-0.01580400
-254.73333343	-0.01479058
-254.70000010	-0.01423824
-254.66666677	-0.01359252
-254.63333343	-0.01263549
-254.60000010	-0.01145276
-254.56666677	-0.01007412
-254.53333343	-0.00863198
-254.50000010	-0.00672798
-254.46666677	-0.00456229
-254.43333343	-0.00167459
-254.40000010	0.00137543
-254.36666677	0.00485257
-254.33333343	0.00881564
-254.30000010	0.01260015
-254.26666677	0.01637658
-254.23333343	0.01986657
-254.20000010	0.02291367
-254.16666677	0.02528827
-254.13333343	0.02594438
-254.10000010	0.02626272
-254.06666677	0.02492695
-254.03333343	0.02260965
-254.00000010	0.01924843
-253.96666677	0.01514815
-253.93333343	0.01053273
-253.90000010	0.00505125
-253.86666677	0.00001916
-253.83333343	-0.00466307
-253.80000010	-0.00862163
-253.76666677	-0.01207693
-253.73333343	-0.01421354
-253.70000010	-0.01595397
-253.66666677	-0.01689797
-253.63333343	-0.01769742
-253.60000010	-0.01758492
-253.56666677	-0.01796563
-253.53333343	-0.01833540
-253.50000010	-0.01893665
-253.46666677	-0.02025786
-253.43333343	-0.02156132
-253.40000010	-0.02328329
-253.36666677	-0.02459825
-253.33333343	-0.02641854
-253.30000010	-0.02735420
-253.26666677	-0.02789941
-253.23333343	-0.02723198
-253.20000010	-0.02593741
-253.16666677	-0.02245936
-253.13333343	-0.01883729
-253.10000010	-0.01414707
-253.06666677	-0.00978681
-253.03333343	-0.00558065
-253.00000010	-0.00273145
-252.96666677	-0.00041206
-252.93333343	0.00064154
-252.90000010	0.00108678
-252.86666677	0.00074126
-252.83333343	-0.00016144
-252.80000010	-0.00115415
-252.76666677	-0.00215429
-252.73333343	-0.00355614
-252.70000010	-0.00479976
-252.66666677	-0.00609055
-252.63333343	-0.00720106
-252.60000010	-0.00754805
-252.56666677	-0.00749752
-252.53333344	-0.00578884
-252.50000010	-0.00296553
-252.46666677	0.00171253
-252.43333344	0.00680908
-252.40000010	0.01278401
-252.36666677	0.01853344
-252.33333344	0.02360440
-252.30000010	0.02769326
-252.26666677	0.03049944
-252.23333344	0.03140876
-252.20000010	0.03035481
-252.16666677	0.02804568
-252.13333344	0.02412368
-252.10000010	0.01952572
-252.06666677	0.01446715
-252.03333344	0.00903892
-252.00000010	0.00365192
-251.96666677	-0.00085661
-251.93333344	-0.00419390
-251.90000010	-0.00636401
-251.86666677	-0.00708960
-251.83333344	-0.00562000
-251.80000010	-0.00321647
-251.76666677	-0.00015738
-251.73333344	0.00353544
-251.70000010	0.00645393
-251.66666677	0.00951824
-251.63333344	0.01109421
-251.60000010	0.01114160
-251.56666677	0.01042343
-251.53333344	0.00873446
-251.50000010	0.00599550
-251.46666677	0.00311092
-251.43333344	-0.00005773
-251.40000010	-0.00310657
-251.36666677	-0.00644212
-251.33333344	-0.00924040
-251.30000010	-0.01205441
-251.26666677	-0.01418468
-251.23333344	-0.01628640
-251.20000010	-0.01761658
-251.16666677	-0.01750874
-251.13333344	-0.01711380
-251.10000010	-0.01601872
-251.06666677	-0.01487295
-251.03333344	-0.01337610
-251.00000010	-0.01227192
-250.96666677	-0.01125164
-250.93333344	-0.01041800
-250.90000010	-0.00915005
-250.86666677	-0.00737913
-250.83333344	-0.00448059
-250.80000010	-0.00051557
-250.76666677	0.00444686
-250.73333344	0.01053988
-250.70000010	0.01628108
-250.66666677	0.02241470
-250.63333344	0.02737405
-250.60000010	0.03078066
-250.56666677	0.03174331
-250.53333344	0.03099041
-250.50000010	0.02712019
-250.46666677	0.02224089
-250.43333344	0.01545365
-250.40000010	0.00797389
-250.36666677	0.00146685
-250.33333344	-0.00400072
-250.30000010	-0.00727704
-250.26666677	-0.00791390
-250.23333344	-0.00574166
-250.20000010	-0.00111427
-250.16666677	0.00551694
-250.13333344	0.01270943
-250.10000011	0.01947890
-250.06666677	0.02485565
-250.03333344	0.02767831
-250.00000011	0.02831402
-249.96666677	0.02531081
-249.93333344	0.01992965
-249.90000011	0.01270034
-249.86666677	0.00406081
-249.83333344	-0.00483778
-249.80000011	-0.01353419
-249.76666677	-0.02119705
-249.73333344	-0.02757623
-249.70000011	-0.03267427
-249.66666677	-0.03625485
-249.63333344	-0.03827014
-249.60000011	-0.03884102
-249.56666677	-0.03837207
-249.53333344	-0.03675133
-249.50000011	-0.03393752
-249.46666677	-0.03056243
-249.43333344	-0.02647868
-249.40000011	-0.02144822
-249.36666677	-0.01598501
-249.33333344	-0.01004402
-249.30000011	-0.00451290
-249.26666677	0.00068654
-249.23333344	0.00488704
-249.20000011	0.00849836
-249.16666677	0.01154106
-249.13333344	0.01386882
-249.10000011	0.01611840
-249.06666677	0.01872295
-249.03333344	0.02157246
-249.00000011	0.02500806
-248.96666677	0.02858916
-248.93333344	0.03197766
-248.90000011	0.03488882
-248.86666677	0.03643296
-248.83333344	0.03669618
-248.80000011	0.03518195
-248.76666677	0.03190613
-248.73333344	0.02762303
-248.70000011	0.02201212
-248.66666677	0.01620004
-248.63333344	0.01022962
-248.60000011	0.00423743
-248.56666677	-0.00105587
-248.53333344	-0.00473770
-248.50000011	-0.00722308
-248.46666677	-0.00796456
-248.43333344	-0.00729893
-248.40000011	-0.00511064
-248.36666677	-0.00176345
-248.33333344	0.00210921
-248.30000011	0.00707076
-248.26666677	0.01126259
-248.23333344	0.01508556
-248.20000011	0.01795133
-248.16666677	0.01977816
-248.13333344	0.01964796
-248.10000011	0.01825767
-248.06666677	0.01558552
-248.03333344	0.01170402
-248.00000011	0.00757073
-247.96666677	0.00271291
-247.93333344	-0.00166367
-247.90000011	-0.00655258
-247.86666677	-0.01067215
-247.83333344	-0.01470549
-247.80000011	-0.01903601
-247.76666677	-0.02272585
-247.73333344	-0.02597217
-247.70000011	-0.02860350
-247.66666678	-0.03019079
-247.63333344	-0.03068359
-247.60000011	-0.02972866
-247.56666678	-0.02709204
-247.53333344	-0.02241720
-247.50000011	-0.01638257
-247.46666678	-0.00907370
-247.43333344	-0.00109568
-247.40000011	0.00767625
-247.36666678	0.01573317
-247.33333344	0.02330098
-247.30000011	0.02913452
-247.26666678	0.03324417
-247.23333344	0.03505830
-247.20000011	0.03433304
-247.16666678	0.03168129
-247.13333344	0.02736071
-247.10000011	0.02167646
-247.06666678	0.01530071
-247.03333344	0.00825341
-247.00000011	0.00157725
-246.96666678	-0.00507838
-246.93333344	-0.01107691
-246.90000011	-0.01609173
-246.86666678	-0.01997459
-246.83333344	-0.02206166
-246.80000011	-0.02255410
-246.76666678	-0.02138335
-246.73333344	-0.01864790
-246.70000011	-0.01392288
-246.66666678	-0.00805790
-246.63333344	-0.00140354
-246.60000011	0.00571858
-246.56666678	0.01239657
-246.53333344	0.01804574
-246.50000011	0.02268921
-246.46666678	0.02595223
-246.43333344	0.02739468
-246.40000011	0.02695229
-246.36666678	0.02468215
-246.33333344	0.02079030
-246.30000011	0.01619730
-246.26666678	0.01027048
-246.23333344	0.00385311
-246.20000011	-0.00286401
-246.16666678	-0.00918300
-246.13333344	-0.01557861
-246.10000011	-0.02075119
-246.06666678	-0.02538360
-246.03333344	-0.02949333
-246.00000011	-0.03271678
-245.96666678	-0.03558232
-245.93333344	-0.03762344
-245.90000011	-0.03926963
-245.86666678	-0.03972284
-245.83333344	-0.03917576
-245.80000011	-0.03720606
-245.76666678	-0.03387929
-245.73333344	-0.02909900
-245.70000011	-0.02339688
-245.66666678	-0.01687787
-245.63333344	-0.01035553
-245.60000011	-0.00504388
-245.56666678	-0.00049529
-245.53333344	0.00231115
-245.50000011	0.00333883
-245.46666678	0.00397252
-245.43333344	0.00368619
-245.40000011	0.00270924
-245.36666678	0.00240320
-245.33333344	0.00226872
-245.30000011	0.00301895
-245.26666678	0.00392931
-245.23333344	0.00529142
-245.20000011	0.00662503
-245.16666678	0.00762156
-245.13333345	0.00822238
-245.10000011	0.00771428
-245.06666678	0.00675421
-245.03333345	0.00533775
-245.00000011	0.00370987
-244.96666678	0.00161291
-244.93333345	0.00018767
-244.90000011	-0.00015598
-244.86666678	0.00002246
-244.83333345	0.00061962
-244.80000011	0.00129976
-244.76666678	0.00254467
-244.73333345	0.00298618
-244.70000011	0.00321566
-244.66666678	0.00254181
-244.63333345	0.00127642
-244.60000011	-0.00011229
-244.56666678	-0.00217566
-244.53333345	-0.00353513
-244.50000011	-0.00538561
-244.46666678	-0.00737594
-244.43333345	-0.00915484
-244.40000011	-0.01162937
-244.36666678	-0.01426620
-244.33333345	-0.01705523
-244.30000011	-0.02020726
-244.26666678	-0.02344037
-244.23333345	-0.02629640
-244.20000011	-0.02786731
-244.16666678	-0.02896285
-244.13333345	-0.02871197
-244.10000011	-0.02721021
-244.06666678	-0.02441369
-244.03333345	-0.02055307
-244.00000011	-0.01528470
-243.96666678	-0.00889501
-243.93333345	-0.00207782
-243.90000011	0.00539871
-243.86666678	0.01335346
-243.83333345	0.02065244
-243.80000011	0.02756177
-243.76666678	0.03298713
-243.73333345	0.03722322
-243.70000011	0.03952055
-243.66666678	0.04062961
-243.63333345	0.04035502
-243.60000011	0.03850729
-243.56666678	0.03586536
-243.53333345	0.03295478
-243.50000011	0.02968598
-243.46666678	0.02676812
-243.43333345	0.02407574
-243.40000011	0.02206445
-243.36666678	0.02041625
-243.33333345	0.01919836
-243.30000011	0.01814626
-243.26666678	0.01741858
-243.23333345	0.01725864
-243.20000011	0.01693585
-243.16666678	0.01713361
-243.13333345	0.01771446
-243.10000011	0.01844854
-243.06666678	0.01924627
-243.03333345	0.02000411
-243.00000011	0.02116606
-242.96666678	0.02136596
-242.93333345	0.02122250
-242.90000011	0.01957134
-242.86666678	0.01706548
-242.83333345	0.01321293
-242.80000011	0.00827486
-242.76666678	0.00265881
-242.73333345	-0.00297777
-242.70000012	-0.00921262
-242.66666678	-0.01440239
-242.63333345	-0.01896690
-242.60000012	-0.02218212
-242.56666678	-0.02354423
-242.53333345	-0.02333976
-242.50000012	-0.02149141
-242.46666678	-0.01866921
-242.43333345	-0.01411731
-242.40000012	-0.01023314
-242.36666678	-0.00632584
-242.33333345	-0.00333737
-242.30000012	-0.00167390
-242.26666678	-0.00155191
-242.23333345	-0.00258392
-242.20000012	-0.00491085
-242.16666678	-0.00739767
-242.13333345	-0.01001014
-242.10000012	-0.01208171
-242.06666678	-0.01292726
-242.03333345	-0.01278525
-242.00000012	-0.01132880
-241.96666678	-0.00916251
-241.93333345	-0.00658508
-241.90000012	-0.00305002
-241.86666678	-0.00027193
-241.83333345	0.00245256
-241.80000012	0.00427579
-241.76666678	0.00605715
-241.73333345	0.00718289
-241.70000012	0.00775348
-241.66666678	0.00811856
-241.63333345	0.00818581
-241.60000012	0.00764308
-241.56666678	0.00754228
-241.53333345	0.00750043
-241.50000012	0.00757443
-241.46666678	0.00813400
-241.43333345	0.00890160
-241.40000012	0.00966335
-241.36666678	0.01048326
-241.33333345	0.01103760
-241.30000012	0.01121293
-241.26666678	0.01144308
-241.23333345	0.01093255
-241.20000012	0.01069820
-241.16666678	0.00978429
-241.13333345	0.00926438
-241.10000012	0.00855178
-241.06666678	0.00829457
-241.03333345	0.00806082
-241.00000012	0.00731780
-240.96666678	0.00641833
-240.93333345	0.00456107
-240.90000012	0.00261720
-240.86666678	-0.00035134
-240.83333345	-0.00376452
-240.80000012	-0.00729709
-240.76666678	-0.01066782
-240.73333345	-0.01460858
-240.70000012	-0.01836680
-240.66666678	-0.02169761
-240.63333345	-0.02528561
-240.60000012	-0.02862437
-240.56666678	-0.03205738
-240.53333345	-0.03508717
-240.50000012	-0.03796326
-240.46666678	-0.03992798
-240.43333345	-0.04064087
-240.40000012	-0.04062209
-240.36666678	-0.03881369
-240.33333345	-0.03607014
-240.30000012	-0.03195083
-240.26666679	-0.02705671
-240.23333345	-0.02177229
-240.20000012	-0.01625922
-240.16666679	-0.01083932
-240.13333345	-0.00557092
-240.10000012	-0.00092218
-240.06666679	0.00310971
-240.03333345	0.00651177
-240.00000012	0.00861649
-239.96666679	0.01031218
-239.93333345	0.01097697
-239.90000012	0.01099267
-239.86666679	0.01007286
-239.83333345	0.00844554
-239.80000012	0.00626832
-239.76666679	0.00451673
-239.73333345	0.00271142
-239.70000012	0.00101886
-239.66666679	-0.00038096
-239.63333345	-0.00086671
-239.60000012	-0.00130382
-239.56666679	-0.00067898
-239.53333345	-0.00009677
-239.50000012	0.00103308
-239.46666679	0.00225765
-239.43333345	0.00342532
-239.40000012	0.00442094
-239.36666679	0.00486864
-239.33333345	0.00466361
-239.30000012	0.00406093
-239.26666679	0.00268019
-239.23333345	0.00051004
-239.20000012	-0.00222670
-239.16666679	-0.00541149
-239.13333345	-0.00847909
-239.10000012	-0.01132031
-239.06666679	-0.01395980
-239.03333345	-0.01606225
-239.00000012	-0.01733598
-238.96666679	-0.01720518
-238.93333345	-0.01677520
-238.90000012	-0.01540611
-238.86666679	-0.01336422
-238.83333345	-0.01105241
-238.80000012	-0.00788990
-238.76666679	-0.00484867
-238.73333345	-0.00258449
-238.70000012	-0.00063309
-238.66666679	0.00066642
-238.63333345	0.00178744
-238.60000012	0.00219539
-238.56666679	0.00328001
-238.53333345	0.00402355
-238.50000012	0.00586058
-238.46666679	0.00856104
-238.43333345	0.01162858
-238.40000012	0.01636922
-238.36666679	0.02169631
-238.33333345	0.02762761
-238.30000012	0.03358555
-238.26666679	0.03930203
-238.23333345	0.04456345
-238.20000012	0.04905889
-238.16666679	0.05271792
-238.13333345	0.05485167
-238.10000012	0.05632310
-238.06666679	0.05538311
-238.03333345	0.05382778
-238.00000012	0.05077966
-237.96666679	0.04679584
-237.93333345	0.04154858
-237.90000012	0.03607213
-237.86666679	0.03090510
-237.83333345	0.02530439
-237.80000012	0.02141351
-237.76666679	0.01782658
-237.73333346	0.01527395
-237.70000012	0.01355761
-237.66666679	0.01230883
-237.63333346	0.01156297
-237.60000012	0.01055068
-237.56666679	0.00962755
-237.53333346	0.00874751
-237.50000012	0.00763759
-237.46666679	0.00656916
-237.43333346	0.00538420
-237.40000012	0.00400424
-237.36666679	0.00249126
-237.33333346	0.00054122
-237.30000012	-0.00148352
-237.26666679	-0.00414237
-237.23333346	-0.00695002
-237.20000012	-0.01020939
-237.16666679	-0.01404329
-237.13333346	-0.01770617
-237.10000012	-0.02133240
-237.06666679	-0.02500348
-237.03333346	-0.02838260
-237.00000012	-0.03173039
-236.96666679	-0.03474126
-236.93333346	-0.03752833
-236.90000012	-0.04005710
-236.86666679	-0.04232578
-236.83333346	-0.04420273
-236.80000012	-0.04542873
-236.76666679	-0.04666564
-236.73333346	-0.04758181
-236.70000012	-0.04829960
-236.66666679	-0.04837887
-236.63333346	-0.04858593
-236.60000012	-0.04860597
-236.56666679	-0.04850435
-236.53333346	-0.04847394
-236.50000012	-0.04830132
-236.46666679	-0.04815223
-236.43333346	-0.04776375
-236.40000012	-0.04767751
-236.36666679	-0.04733895
-236.33333346	-0.04750112
-236.30000012	-0.04720886
-236.26666679	-0.04672039
-236.23333346	-0.04557985
-236.20000012	-0.04417307
-236.16666679	-0.04203060
-236.13333346	-0.03927309
-236.10000012	-0.03625945
-236.06666679	-0.03382708
-236.03333346	-0.03145351
-236.00000012	-0.03068617
-235.96666679	-0.03087277
-235.93333346	-0.03216038
-235.90000012	-0.03440431
-235.86666679	-0.03764853
-235.83333346	-0.04144993
-235.80000012	-0.04500925
-235.76666679	-0.04855582
-235.73333346	-0.05105601
-235.70000012	-0.05253232
-235.66666679	-0.05353954
-235.63333346	-0.05309919
-235.60000012	-0.05265468
-235.56666679	-0.05167159
-235.53333346	-0.05039176
-235.50000012	-0.04938866
-235.46666679	-0.04874042
-235.43333346	-0.04862846
-235.40000012	-0.04858841
-235.36666679	-0.04835647
-235.33333346	-0.04756858
-235.30000013	-0.04665727
-235.26666679	-0.04451781
-235.23333346	-0.04152931
-235.20000013	-0.03791879
-235.16666679	-0.03406747
-235.13333346	-0.02977797
-235.10000013	-0.02609092
-235.06666679	-0.02319866
-235.03333346	-0.02179807
-235.00000013	-0.02099212
-234.96666679	-0.02141035
-234.93333346	-0.02284276
-234.90000013	-0.02427424
-234.86666679	-0.02523009
-234.83333346	-0.02526823
-234.80000013	-0.02471522
-234.76666679	-0.02211077
-234.73333346	-0.01816457
-234.70000013	-0.01235522
-234.66666679	-0.00594700
-234.63333346	0.00142895
-234.60000013	0.00990783
-234.56666679	0.01860779
-234.53333346	0.02700957
-234.50000013	0.03481451
-234.46666679	0.04219935
-234.43333346	0.04832451
-234.40000013	0.05326164
-234.36666679	0.05608950
-234.33333346	0.05692699
-234.30000013	0.05624782
-234.26666679	0.05373690
-234.23333346	0.05024020
-234.20000013	0.04591199
-234.16666679	0.04057573
-234.13333346	0.03610768
-234.10000013	0.03200952
-234.06666679	0.02892483
-234.03333346	0.02650909
-234.00000013	0.02481803
-233.96666679	0.02428933
-233.93333346	0.02372364
-233.90000013	0.02410739
-233.86666679	0.02438002
-233.83333346	0.02468704
-233.80000013	0.02488985
-233.76666679	0.02450455
-233.73333346	0.02357596
-233.70000013	0.02268505
-233.66666679	0.02122898
-233.63333346	0.01941938
-233.60000013	0.01790375
-233.56666679	0.01652262
-233.53333346	0.01495280
-233.50000013	0.01413683
-233.46666679	0.01355806
-233.43333346	0.01262912
-233.40000013	0.01171954
-233.36666679	0.00961095
-233.33333346	0.00632904
-233.30000013	0.00124042
-233.26666679	-0.00482888
-233.23333346	-0.01229942
-233.20000013	-0.02072091
-233.16666679	-0.02904029
-233.13333346	-0.03698563
-233.10000013	-0.04466815
-233.06666679	-0.05080888
-233.03333346	-0.05596475
-233.00000013	-0.05938923
-232.96666679	-0.06120683
-232.93333346	-0.06136069
-232.90000013	-0.05960429
-232.86666680	-0.05563663
-232.83333346	-0.04954289
-232.80000013	-0.04145920
-232.76666680	-0.03177630
-232.73333346	-0.02080276
-232.70000013	-0.00893554
-232.66666680	0.00253363
-232.63333346	0.01394122
-232.60000013	0.02370790
-232.56666680	0.03198230
-232.53333346	0.03812242
-232.50000013	0.04249873
-232.46666680	0.04574646
-232.43333346	0.04674839
-232.40000013	0.04683083
-232.36666680	0.04542671
-232.33333346	0.04346958
-232.30000013	0.04102572
-232.26666680	0.03854118
-232.23333346	0.03665436
-232.20000013	0.03503184
-232.16666680	0.03465301
-232.13333346	0.03540891
-232.10000013	0.03752327
-232.06666680	0.04081430
-232.03333346	0.04487919
-232.00000013	0.04947850
-231.96666680	0.05480241
-231.93333346	0.05984844
-231.90000013	0.06467036
-231.86666680	0.06902911
-231.83333346	0.07278268
-231.80000013	0.07546918
-231.76666680	0.07651809
-231.73333346	0.07593284
-231.70000013	0.07380004
-231.66666680	0.07011090
-231.63333346	0.06486961
-231.60000013	0.05911712
-231.56666680	0.05255744
-231.53333346	0.04497192
-231.50000013	0.03779013
-231.46666680	0.03073642
-231.43333346	0.02425115
-231.40000013	0.01874115
-231.36666680	0.01410291
-231.33333346	0.01089415
-231.30000013	0.00925265
-231.26666680	0.00906707
-231.23333346	0.01029619
-231.20000013	0.01333355
-231.16666680	0.01772277
-231.13333346	0.02246028
-231.10000013	0.02823936
-231.06666680	0.03361778
-231.03333346	0.03868238
-231.00000013	0.04390932
-230.96666680	0.04764745
-230.93333346	0.05091710
-230.90000013	0.05304640
-230.86666680	0.05374959
-230.83333346	0.05387434
-230.80000013	0.05255566
-230.76666680	0.05032808
-230.73333346	0.04723565
-230.70000013	0.04328572
-230.66666680	0.03915773
-230.63333346	0.03504190
-230.60000013	0.03094699
-230.56666680	0.02761579
-230.53333346	0.02479914
-230.50000013	0.02298813
-230.46666680	0.02204829
-230.43333346	0.02232393
-230.40000013	0.02311199
-230.36666680	0.02510982
-230.33333347	0.02746516
-230.30000013	0.03005569
-230.26666680	0.03258473
-230.23333347	0.03506262
-230.20000013	0.03681325
-230.16666680	0.03835370
-230.13333347	0.03861262
-230.10000013	0.03780057
-230.06666680	0.03617050
-230.03333347	0.03324957
-230.00000013	0.03004106
-229.96666680	0.02598902
-229.93333347	0.02134751
-229.90000013	0.01674494
-229.86666680	0.01226330
-229.83333347	0.00792098
-229.80000013	0.00423976
-229.76666680	0.00074960
-229.73333347	-0.00201742
-229.70000013	-0.00425979
-229.66666680	-0.00578205
-229.63333347	-0.00676802
-229.60000013	-0.00734098
-229.56666680	-0.00716109
-229.53333347	-0.00680529
-229.50000013	-0.00606410
-229.46666680	-0.00490345
-229.43333347	-0.00332185
-229.40000013	-0.00154912
-229.36666680	0.00023525
-229.33333347	0.00193261
-229.30000013	0.00371590
-229.26666680	0.00530419
-229.23333347	0.00638053
-229.20000013	0.00707083
-229.16666680	0.00762006
-229.13333347	0.00769917
-229.10000013	0.00735372
-229.06666680	0.00686689
-229.03333347	0.00610521
-229.00000013	0.00514511
-228.96666680	0.00408487
-228.93333347	0.00287651
-228.90000013	0.00178242
-228.86666680	0.00062765
-228.83333347	-0.00052102
-228.80000013	-0.00173315
-228.76666680	-0.00258659
-228.73333347	-0.00338305
-228.70000013	-0.00406270
-228.66666680	-0.00452496
-228.63333347	-0.00490726
-228.60000013	-0.00502699
-228.56666680	-0.00489764
-228.53333347	-0.00471565
-228.50000013	-0.00435552
-228.46666680	-0.00396178
-228.43333347	-0.00354515
-228.40000013	-0.00305678
-228.36666680	-0.00263787
-228.33333347	-0.00227805
-228.30000013	-0.00204868
-228.26666680	-0.00183207
-228.23333347	-0.00167658
-228.20000013	-0.00156028
-228.16666680	-0.00148259
-228.13333347	-0.00138711
-228.10000013	-0.00132792
-228.06666680	-0.00126456
-228.03333347	-0.00120650
-228.00000013	-0.00118795
-227.96666680	-0.00119017
-227.93333347	-0.00124577
-227.90000014	-0.00127031
-227.86666680	-0.00128002
-227.83333347	-0.00125106
-227.80000014	-0.00119184
-227.76666680	-0.00110001
-227.73333347	-0.00095188
-227.70000014	-0.00080082
-227.66666680	-0.00061160
-227.63333347	-0.00044911
-227.60000014	-0.00027571
-227.56666680	-0.00012877
-227.53333347	-0.00000626
-227.50000014	0.00006852
-227.46666680	0.00011981
-227.43333347	0.00013108
-227.40000014	0.00012543
-227.36666680	0.00009274
-227.33333347	0.00005383
-227.30000014	0.00001906
-227.26666680	-0.00001382
-227.23333347	-0.00003726
-227.20000014	-0.00004900
-227.16666680	-0.00005119
-227.13333347	-0.00004637
-227.10000014	-0.00003643
-227.06666680	-0.00002572
-227.03333347	-0.00001507
-227.00000014	-0.00000671
-226.96666680	-0.00000166
-226.93333347	0.00000000
