# Menlo Systems GmbH ScanControl
# Program Version 1.3.3
# Start: -327.00000000 ps, Average over 100 waveforms. Timestamp: 2026-05-07T11:54:03
# Window type: Tukey, parameters: alpha = 0.1
# User time axis shift: 0 ps
# Frequency [THz]	THz Signal [a.u.]
0.00000000	-28.50479569
0.00732601	-32.15159604
0.01465201	-29.78562385
0.02197802	-31.28106888
0.02930403	-31.72958260
0.03663004	-31.48520469
0.04395604	-29.76992475
0.05128205	-30.33618869
0.05860806	-32.13390733
0.06593407	-30.69016855
0.07326007	-25.69327105
0.08058608	-21.59150167
0.08791209	-18.53411961
0.09523810	-16.44055418
0.10256410	-15.10392441
0.10989011	-13.99287158
0.11721612	-13.05043921
0.12454212	-12.10823613
0.13186813	-11.16546145
0.13919414	-10.48673001
0.14652015	-10.00417696
0.15384615	-9.38207186
0.16117216	-8.83372659
0.16849817	-8.41692989
0.17582418	-7.99103823
0.18315018	-7.68974747
0.19047619	-7.48697000
0.19780220	-7.19753326
0.20512821	-6.78691471
0.21245421	-6.27713323
0.21978022	-5.82707057
0.22710623	-5.48714411
0.23443224	-5.31195039
0.24175824	-5.20575204
0.24908425	-5.05375535
0.25641026	-4.79639836
0.26373626	-4.52949399
0.27106227	-4.27724397
0.27838828	-4.10968166
0.28571429	-4.06457035
0.29304029	-4.02677416
0.30036630	-3.98258330
0.30769231	-3.91768408
0.31501832	-3.86862720
0.32234432	-3.87267878
0.32967033	-3.91003537
0.33699634	-3.95485412
0.34432235	-3.97906115
0.35164835	-3.99044879
0.35897436	-4.03199981
0.36630037	-4.08756939
0.37362637	-4.11926667
0.38095238	-4.07855495
0.38827839	-3.95998745
0.39560440	-3.81303285
0.40293040	-3.74912763
0.41025641	-3.81737897
0.41758242	-3.99893766
0.42490843	-4.23179467
0.43223443	-4.40647746
0.43956044	-4.50153481
0.44688645	-4.57102077
0.45421246	-4.69272056
0.46153846	-4.89900151
0.46886447	-5.13736323
0.47619048	-5.30862583
0.48351648	-5.40188377
0.49084249	-5.48415022
0.49816850	-5.60695447
0.50549451	-5.70291637
0.51282051	-5.71866519
0.52014652	-5.65682536
0.52747253	-5.66389100
0.53479854	-5.92691875
0.54212454	-6.57908679
0.54945055	-7.46351428
0.55677656	-8.17181505
0.56410257	-8.25258887
0.57142857	-7.81255230
0.57875458	-7.39258555
0.58608059	-7.29851323
0.59340659	-7.56013693
0.60073260	-7.98105571
0.60805861	-8.31735388
0.61538462	-8.46338134
0.62271062	-8.52213593
0.63003663	-8.62702655
0.63736264	-8.83074311
0.64468865	-9.04517065
0.65201465	-9.22304759
0.65934066	-9.37796174
0.66666667	-9.58910695
0.67399268	-9.86824981
0.68131868	-10.19554806
0.68864469	-10.52344629
0.69597070	-10.83945341
0.70329671	-11.11843863
0.71062271	-11.37323044
0.71794872	-11.64083917
0.72527473	-12.00902254
0.73260073	-12.52350837
0.73992674	-13.20607078
0.74725275	-13.88717702
0.75457876	-14.25083740
0.76190476	-14.16355446
0.76923077	-13.88049614
0.77655678	-13.72818570
0.78388279	-13.86298104
0.79120879	-14.25469728
0.79853480	-14.70624242
0.80586081	-15.07922135
0.81318682	-15.34994778
0.82051282	-15.65365099
0.82783883	-16.03451781
0.83516484	-16.51243204
0.84249084	-16.99370599
0.84981685	-17.39864963
0.85714286	-17.67316113
0.86446887	-17.95557782
0.87179487	-18.23778962
0.87912088	-18.59101918
0.88644689	-18.91566424
0.89377290	-19.20592100
0.90109890	-19.44427727
0.90842491	-19.68294112
0.91575092	-19.94746569
0.92307693	-20.23020928
0.93040293	-20.54960136
0.93772894	-20.88412352
0.94505495	-21.24560058
0.95238095	-21.64417134
0.95970696	-22.12055137
0.96703297	-22.75938236
0.97435898	-23.48379434
0.98168498	-24.32277731
0.98901099	-24.90698189
0.99633700	-25.19988092
1.00366301	-25.32794577
1.01098901	-25.35866301
1.01831502	-25.50129056
1.02564103	-25.78819766
1.03296704	-26.32061396
1.04029304	-26.80070047
1.04761905	-27.20504553
1.05494506	-27.49039174
1.06227106	-27.75820397
1.06959707	-28.23012712
1.07692308	-29.09105218
1.08424909	-30.74618891
1.09157509	-33.28509281
1.09890110	-36.50599787
1.10622711	-37.24667424
1.11355312	-35.07330329
1.12087912	-33.00813981
1.12820513	-32.27402130
1.13553114	-32.44388248
1.14285715	-33.80729190
1.15018315	-36.56136748
1.15750916	-40.61645064
1.16483517	-41.97475926
1.17216118	-39.06379949
1.17948718	-36.80922744
1.18681319	-35.94834184
1.19413920	-36.45040793
1.20146520	-37.51373682
1.20879121	-39.56543082
1.21611722	-40.75480443
1.22344323	-40.63570675
1.23076923	-40.52122320
1.23809524	-40.30397159
1.24542125	-40.69166788
1.25274726	-40.74216160
1.26007326	-40.83175243
1.26739927	-40.71399680
1.27472528	-41.35953565
1.28205129	-41.66122321
1.28937729	-42.63769702
1.29670330	-43.07318365
1.30402931	-43.41253332
1.31135531	-43.78059838
1.31868132	-44.45051783
1.32600733	-45.14297196
1.33333334	-45.81915457
1.34065934	-46.19899130
1.34798535	-47.03419863
1.35531136	-47.61048317
1.36263737	-49.12205910
1.36996337	-48.83568692
1.37728938	-49.22648351
1.38461539	-48.72216544
1.39194140	-50.82842933
1.39926740	-52.64370968
1.40659341	-56.75655588
1.41391942	-58.11452892
1.42124542	-55.36184348
1.42857143	-52.84369426
1.43589744	-52.47326101
1.44322345	-52.09879543
1.45054945	-54.08298249
1.45787546	-54.51237974
1.46520147	-55.10162562
1.47252748	-56.73642711
1.47985348	-55.69994197
1.48717949	-55.52785187
1.49450550	-56.19675466
1.50183151	-56.80043430
1.50915751	-58.92138780
1.51648352	-57.54880212
1.52380953	-57.39761822
1.53113553	-57.48247767
1.53846154	-59.53619801
1.54578755	-59.29452200
1.55311356	-59.64941753
1.56043956	-60.29392776
1.56776557	-59.97506499
1.57509158	-60.76781076
1.58241759	-62.34721628
1.58974359	-62.11535727
1.59706960	-62.73366783
1.60439561	-63.96156988
1.61172162	-64.97579937
1.61904762	-66.38574359
1.62637363	-70.36760911
1.63369964	-66.21218331
1.64102565	-65.86322489
1.64835165	-66.34033227
1.65567766	-67.66921507
1.66300367	-65.55849549
1.67032967	-82.24541846
1.67765568	-70.08421159
1.68498169	-70.80292608
1.69230770	-73.54455105
1.69963370	-71.31604945
1.70695971	-73.79626931
1.71428572	-74.43529025
1.72161173	-75.14237953
1.72893773	-66.99907414
1.73626374	-63.99725491
1.74358975	-69.25304951
1.75091576	-67.59773536
1.75824176	-72.44843657
1.76556777	-70.31245083
1.77289378	-71.16219542
1.78021978	-66.33850323
1.78754579	-71.13619821
1.79487180	-82.00365476
1.80219781	-70.41075855
1.80952381	-68.29907482
1.81684982	-72.88772879
1.82417583	-71.25903066
1.83150184	-68.31065184
1.83882784	-77.27777836
1.84615385	-74.71812894
1.85347986	-78.00745802
1.86080587	-75.97681250
1.86813187	-84.52013988
1.87545788	-73.83511038
1.88278389	-75.87587873
1.89010989	-75.25678282
1.89743590	-79.03745159
1.90476191	-76.19262573
1.91208792	-73.81291621
1.91941392	-74.96780023
1.92673993	-75.61251478
1.93406594	-73.87918893
1.94139195	-79.87525669
1.94871795	-73.79632630
1.95604396	-71.78902593
1.96336997	-72.21462891
1.97069598	-76.09222449
1.97802198	-72.67144412
1.98534799	-72.98844562
1.99267400	-77.28981817
2.00000000	-77.02231496
2.00732601	-70.62812213
2.01465202	-74.09245099
2.02197803	-72.15689179
2.02930403	-74.73650161
2.03663004	-72.56794814
2.04395605	-75.10876997
2.05128206	-83.33576301
2.05860806	-77.58403674
2.06593407	-81.73449062
2.07326008	-78.16894551
2.08058609	-79.87848522
2.08791209	-70.35323783
2.09523810	-76.53181886
2.10256411	-90.67479374
2.10989012	-80.93717196
2.11721612	-71.76264989
2.12454213	-67.76989472
2.13186814	-83.15117036
2.13919414	-73.64813914
2.14652015	-80.03749272
2.15384616	-71.03795562
2.16117217	-67.74879097
2.16849817	-86.78001029
2.17582418	-72.00724402
2.18315019	-79.22037949
2.19047620	-81.56234805
2.19780220	-76.41849594
2.20512821	-82.92216864
2.21245422	-77.84779392
2.21978023	-82.85424129
2.22710623	-73.95316709
2.23443224	-73.55012735
2.24175825	-75.65396939
2.24908425	-73.93065786
2.25641026	-89.73591324
2.26373627	-70.61973452
2.27106228	-71.05827255
2.27838828	-75.05218208
2.28571429	-75.25375850
2.29304030	-72.00380673
2.30036631	-83.06674818
2.30769231	-72.06571352
2.31501832	-76.54523015
2.32234433	-71.04802966
2.32967034	-72.48839333
2.33699634	-76.39643150
2.34432235	-87.22010262
2.35164836	-78.74089992
2.35897436	-77.45002054
2.36630037	-91.49700864
2.37362638	-78.95847311
2.38095239	-81.72446639
2.38827839	-84.71048883
2.39560440	-77.30999238
2.40293041	-81.90081437
2.41025642	-73.93277612
2.41758242	-80.22584422
2.42490843	-71.01230459
2.43223444	-73.39284491
2.43956045	-70.06454268
2.44688645	-69.14264906
2.45421246	-71.56017729
2.46153847	-74.49538775
2.46886447	-89.04871801
2.47619048	-70.36462666
2.48351649	-70.04461947
2.49084250	-84.71349641
2.49816850	-79.44472476
2.50549451	-73.03924478
2.51282052	-78.81649405
2.52014653	-77.09492101
2.52747253	-74.66888520
2.53479854	-90.44014014
2.54212455	-78.99965665
2.54945056	-81.96489440
2.55677656	-74.49757856
2.56410257	-85.14880489
2.57142858	-77.09602476
2.57875459	-79.10979160
2.58608059	-71.27200099
2.59340660	-77.44539123
2.60073261	-72.91999898
2.60805861	-73.09701741
2.61538462	-76.31424529
2.62271063	-74.72158028
2.63003664	-71.98536291
2.63736264	-77.87632212
2.64468865	-77.95508360
2.65201466	-82.85839077
2.65934067	-79.18181502
2.66666667	-94.93031159
2.67399268	-81.44059565
2.68131869	-80.34986540
2.68864470	-89.62988137
2.69597070	-80.70775620
2.70329671	-78.66785879
2.71062272	-80.34071171
2.71794872	-74.96545890
2.72527473	-80.30857923
2.73260074	-74.12868383
2.73992675	-85.18953628
2.74725275	-74.51067476
2.75457876	-71.72513013
2.76190477	-81.41127813
2.76923078	-72.08381322
2.77655678	-74.91097396
2.78388279	-73.61998688
2.79120880	-84.74351098
2.79853481	-82.79396299
2.80586081	-77.27111855
2.81318682	-74.14758035
2.82051283	-74.20964536
2.82783883	-72.76430688
2.83516484	-71.80936906
2.84249085	-89.17657201
2.84981686	-70.91637894
2.85714286	-70.66250228
2.86446887	-71.68796153
2.87179488	-82.17401653
2.87912089	-77.05254306
2.88644689	-77.42603410
2.89377290	-83.42619793
2.90109891	-78.92325004
2.90842492	-76.23538454
2.91575092	-82.10014133
2.92307693	-70.89861748
2.93040294	-70.13867528
2.93772894	-105.74991156
2.94505495	-70.82647698
2.95238096	-71.37335861
2.95970697	-77.90709152
2.96703297	-77.96316951
2.97435898	-80.68474254
2.98168499	-76.26173389
2.98901100	-83.53281404
2.99633700	-76.24559447
3.00366301	-77.03041943
3.01098902	-76.89994411
3.01831503	-81.18517786
3.02564103	-79.54407632
3.03296704	-74.14416642
3.04029305	-71.95071162
3.04761906	-78.63345859
3.05494506	-73.36699908
3.06227107	-76.36905171
3.06959708	-81.15862549
3.07692308	-85.44828759
3.08424909	-76.98475573
3.09157510	-86.55917512
3.09890111	-71.79112484
3.10622711	-70.09788477
3.11355312	-79.34587207
3.12087913	-77.34827786
3.12820514	-75.91551591
3.13553114	-72.44625558
3.14285715	-74.09397775
3.15018316	-80.51001323
3.15750917	-75.00676852
3.16483517	-85.87228760
3.17216118	-77.16036118
3.17948719	-83.15125573
3.18681319	-74.85789540
3.19413920	-75.00040444
3.20146521	-71.20914413
3.20879122	-81.29376779
3.21611722	-69.92580396
3.22344323	-73.94038711
3.23076924	-84.07007471
3.23809525	-77.84251023
3.24542125	-81.02819796
3.25274726	-76.46912403
3.26007327	-71.36605532
3.26739928	-76.71049184
3.27472528	-83.97003627
3.28205129	-75.59863214
3.28937730	-83.75945265
3.29670330	-73.66302763
3.30402931	-86.03872786
3.31135532	-73.71562190
3.31868133	-78.17762523
3.32600733	-79.30053281
3.33333334	-73.74533321
3.34065935	-77.21164060
3.34798536	-78.64175891
3.35531136	-84.26007132
3.36263737	-74.27277034
3.36996338	-75.98709941
3.37728939	-79.96242108
3.38461539	-78.36883971
3.39194140	-88.36854944
3.39926741	-76.70147497
3.40659341	-84.90192857
3.41391942	-77.05972867
3.42124543	-80.87867451
3.42857144	-75.28169360
3.43589744	-73.07702026
3.44322345	-77.70694826
3.45054946	-71.25402176
3.45787547	-74.00739221
3.46520147	-82.04743001
3.47252748	-73.98077086
3.47985349	-75.58502763
3.48717950	-77.32995636
3.49450550	-79.18110179
3.50183151	-75.58570345
3.50915752	-73.69486819
3.51648353	-83.69407090
3.52380953	-81.89679452
3.53113554	-82.26061460
3.53846155	-74.98919537
3.54578755	-74.15167224
3.55311356	-78.78758260
3.56043957	-83.89383340
3.56776558	-78.84901924
3.57509158	-84.76195605
3.58241759	-79.21556151
3.58974360	-75.75573012
3.59706961	-79.89160045
3.60439561	-78.61043085
3.61172162	-93.90288281
3.61904763	-74.31726147
3.62637364	-76.54648176
3.63369964	-81.20928654
3.64102565	-77.55928364
3.64835166	-75.65182585
3.65567766	-72.83334584
3.66300367	-76.48825469
3.67032968	-81.14014929
3.67765569	-73.61687123
3.68498169	-74.35251891
3.69230770	-74.26897591
3.69963371	-76.02935223
3.70695972	-90.23510390
3.71428572	-78.50777708
3.72161173	-85.07167402
3.72893774	-74.99705233
3.73626375	-74.44314837
3.74358975	-87.35418311
3.75091576	-76.32119495
3.75824177	-74.19834328
3.76556777	-80.53478512
3.77289378	-77.98028273
3.78021979	-75.06575946
3.78754580	-80.25980786
3.79487180	-77.21689294
3.80219781	-77.37354714
3.80952382	-73.65738678
3.81684983	-72.63060531
3.82417583	-93.82956000
3.83150184	-78.55947133
3.83882785	-79.08202228
3.84615386	-73.06211987
3.85347986	-83.76831368
3.86080587	-74.23157234
3.86813188	-83.14820542
3.87545788	-85.34203201
3.88278389	-74.31501269
3.89010990	-77.50067000
3.89743591	-84.68095266
3.90476191	-79.86482518
3.91208792	-84.76880348
3.91941393	-75.22417483
3.92673994	-79.42999504
3.93406594	-73.52826953
3.94139195	-90.24360090
3.94871796	-83.71562640
3.95604397	-73.94922859
3.96336997	-73.77078310
3.97069598	-86.47922635
3.97802199	-92.88813211
3.98534800	-82.45903845
3.99267400	-105.39602179
4.00000001	-71.11265191
4.00732602	-74.21146568
4.01465202	-78.52561515
4.02197803	-74.28578685
4.02930404	-74.27438564
4.03663005	-72.62985027
4.04395605	-74.14785068
4.05128206	-78.30676869
4.05860807	-70.31471849
4.06593408	-84.91054986
4.07326008	-70.82556050
4.08058609	-84.76651436
4.08791210	-73.25305236
4.09523811	-78.82803151
4.10256411	-72.92428984
4.10989012	-72.94670582
4.11721613	-71.93764428
4.12454213	-78.34872223
4.13186814	-84.96361801
4.13919415	-87.49972746
4.14652016	-81.35965834
4.15384616	-85.54592985
4.16117217	-78.40081160
4.16849818	-70.15945868
4.17582419	-73.30258623
4.18315019	-70.16589329
4.19047620	-69.44946439
4.19780221	-75.59141460
4.20512822	-73.22743691
4.21245422	-66.17393323
4.21978023	-74.35836580
4.22710624	-70.34791859
4.23443224	-75.17709957
4.24175825	-79.49570278
4.24908426	-79.66118152
4.25641027	-78.60589740
4.26373627	-75.40462580
4.27106228	-78.61618274
4.27838829	-73.81525904
4.28571430	-78.49340045
4.29304030	-75.40001840
4.30036631	-76.45516110
4.30769232	-86.50588299
4.31501833	-84.67469742
4.32234433	-73.05242322
4.32967034	-68.52594691
4.33699635	-72.18350696
4.34432235	-78.29599254
4.35164836	-92.94302616
4.35897437	-85.48993611
4.36630038	-77.79132279
4.37362638	-74.26450011
4.38095239	-79.60219624
4.38827840	-75.59362075
4.39560441	-76.78151875
4.40293041	-77.62214988
4.41025642	-75.47389887
4.41758243	-75.32409759
4.42490844	-83.24619294
4.43223444	-83.00473355
4.43956045	-80.89073955
4.44688646	-83.10924561
4.45421247	-71.51142882
4.46153847	-73.83329751
4.46886448	-78.89958223
4.47619049	-76.11258781
4.48351649	-83.92861709
4.49084250	-75.20337470
4.49816851	-78.02600058
4.50549452	-76.08032558
4.51282052	-93.21259152
4.52014653	-74.77755580
4.52747254	-74.33786673
4.53479855	-71.42949787
4.54212455	-76.64111370
4.54945056	-86.81475023
4.55677657	-76.74011788
4.56410258	-82.89157766
4.57142858	-78.41325922
4.57875459	-73.41487997
4.58608060	-77.70381923
4.59340660	-76.91708240
4.60073261	-78.36069964
4.60805862	-74.58562576
4.61538463	-75.46976894
4.62271063	-73.86269299
4.63003664	-74.09128805
4.63736265	-74.80069319
4.64468866	-80.72298051
4.65201466	-84.85499593
4.65934067	-71.77076692
4.66666668	-90.65552131
4.67399269	-75.41548017
4.68131869	-78.80227853
4.68864470	-72.22803752
4.69597071	-84.79537598
4.70329671	-91.03101356
4.71062272	-81.08282703
4.71794873	-97.16960836
4.72527474	-97.22057164
4.73260074	-82.83379358
4.73992675	-83.03679328
4.74725276	-75.81173205
4.75457877	-73.82759588
4.76190477	-79.25590913
4.76923078	-78.57156108
4.77655679	-73.93771584
4.78388280	-87.17584663
4.79120880	-82.78892046
4.79853481	-77.72878701
4.80586082	-76.64627178
4.81318682	-84.60383732
4.82051283	-76.14767625
4.82783884	-88.70272849
4.83516485	-74.96176851
4.84249085	-72.65490726
4.84981686	-73.94253529
4.85714287	-74.11938532
4.86446888	-76.48859865
4.87179488	-82.69335798
4.87912089	-78.42389928
4.88644690	-75.45322670
4.89377291	-86.07388562
4.90109891	-83.21806461
4.90842492	-73.30067050
4.91575093	-78.07338726
4.92307694	-80.89312756
4.93040294	-74.26752050
4.93772895	-76.05653489
4.94505496	-80.97526957
4.95238096	-84.25705091
4.95970697	-85.71117923
4.96703298	-80.06898329
4.97435899	-74.69819859
4.98168499	-76.07020328
4.98901100	-82.65918399
4.99633701	-88.47256846
5.00366302	-79.90755429
5.01098902	-75.10899900
5.01831503	-84.41951462
5.02564104	-73.61522803
5.03296705	-82.00990406
5.04029305	-84.52899284
5.04761906	-92.88882820
5.05494507	-74.65877411
5.06227107	-75.97891147
5.06959708	-78.82009923
5.07692309	-78.82179835
5.08424910	-74.24540860
5.09157510	-79.20811023
5.09890111	-77.65579052
5.10622712	-83.17253593
5.11355313	-77.05244470
5.12087913	-76.58925152
5.12820514	-73.69053504
5.13553115	-84.43161189
5.14285716	-86.69813132
5.15018316	-74.98985190
5.15750917	-80.83097300
5.16483518	-71.89369094
5.17216118	-73.09062706
5.17948719	-71.86361440
5.18681320	-77.84545789
5.19413921	-76.79189081
5.20146521	-90.84228071
5.20879122	-86.58823962
5.21611723	-80.27001066
5.22344324	-73.99812182
5.23076924	-78.80531413
5.23809525	-89.57353785
5.24542126	-77.06700043
5.25274727	-76.19244557
5.26007327	-75.44127876
5.26739928	-76.60719116
5.27472529	-76.51366159
5.28205129	-81.10247922
5.28937730	-82.07290967
5.29670331	-78.04767078
5.30402932	-80.24435210
5.31135532	-87.73070847
5.31868133	-84.75984300
5.32600734	-76.25977039
5.33333335	-71.53157569
5.34065935	-81.22805938
5.34798536	-79.48609493
5.35531137	-74.05756400
5.36263738	-73.35859982
5.36996338	-81.27680922
5.37728939	-91.49752075
5.38461540	-76.75536264
5.39194141	-74.90003650
5.39926741	-81.63011464
5.40659342	-71.04307549
5.41391943	-71.43592883
5.42124543	-72.93330808
5.42857144	-69.60969969
5.43589745	-83.03955296
5.44322346	-83.23613069
5.45054946	-76.43323832
5.45787547	-79.21578712
5.46520148	-81.23405449
5.47252749	-70.82340719
5.47985349	-81.42164838
5.48717950	-77.69529094
5.49450551	-79.43599067
5.50183152	-79.60302428
5.50915752	-74.86766303
5.51648353	-74.65296772
5.52380954	-75.36914918
5.53113554	-70.62298158
5.53846155	-75.56661593
5.54578756	-76.98628733
5.55311357	-76.95128482
5.56043957	-81.59185949
5.56776558	-90.39658687
5.57509159	-79.41777989
5.58241760	-83.77385181
5.58974360	-86.50171670
5.59706961	-82.29248453
5.60439562	-74.27584258
5.61172163	-78.55707873
5.61904763	-89.11712982
5.62637364	-76.91786020
5.63369965	-84.32792403
5.64102565	-77.63596786
5.64835166	-85.49448479
5.65567767	-82.11648053
5.66300368	-96.78037663
5.67032968	-79.02539120
5.67765569	-72.76700915
5.68498170	-72.31086397
5.69230771	-72.51065636
5.69963371	-83.14376337
5.70695972	-77.26135379
5.71428573	-73.24602188
5.72161174	-77.83605543
5.72893774	-77.76367201
5.73626375	-87.95247150
5.74358976	-81.48009899
5.75091576	-83.45711256
5.75824177	-80.46448570
5.76556778	-80.83735876
5.77289379	-81.28927899
5.78021979	-77.40972003
5.78754580	-85.40724233
5.79487181	-94.06196471
5.80219782	-77.73072348
5.80952382	-81.52138273
5.81684983	-78.40607093
5.82417584	-75.34306301
5.83150185	-78.10025371
5.83882785	-85.65893348
5.84615386	-71.17973615
5.85347987	-76.68379263
5.86080588	-74.66421613
5.86813188	-73.01383835
5.87545789	-71.73990916
5.88278390	-71.60284918
5.89010990	-79.91253645
5.89743591	-86.36795800
5.90476192	-79.20329958
5.91208793	-82.96143629
5.91941393	-84.93475295
5.92673994	-81.04483974
5.93406595	-83.31539015
5.94139196	-82.05491344
5.94871796	-80.23942558
5.95604397	-74.62012347
5.96336998	-78.78867091
5.97069599	-82.85256847
5.97802199	-80.84400373
5.98534800	-79.69428890
5.99267401	-71.75909906
6.00000001	-74.34691496
6.00732602	-78.76872533
6.01465203	-76.92285031
6.02197804	-76.82816171
6.02930404	-82.11344872
6.03663005	-78.40312170
6.04395606	-95.99718742
6.05128207	-78.17904072
6.05860807	-88.79364402
6.06593408	-77.11642523
6.07326009	-79.65305686
6.08058610	-71.86344708
6.08791210	-74.06107235
6.09523811	-87.53463664
6.10256412	-78.43952245
6.10989012	-79.37019879
6.11721613	-80.31264708
6.12454214	-78.29433313
6.13186815	-73.40434150
6.13919415	-74.98198690
6.14652016	-89.23794363
6.15384617	-75.41486232
6.16117218	-77.45563480
6.16849818	-83.39676589
6.17582419	-75.99808609
6.18315020	-71.16150037
6.19047621	-78.35419885
6.19780221	-86.55849774
6.20512822	-86.92230357
6.21245423	-79.02023793
6.21978023	-76.25907100
6.22710624	-73.01668713
6.23443225	-82.26249899
6.24175826	-81.79925377
6.24908426	-79.17284994
6.25641027	-88.56254536
6.26373628	-74.18431689
6.27106229	-73.51862444
6.27838829	-86.76090264
6.28571430	-77.03844731
6.29304031	-79.03083201
6.30036632	-78.15431119
6.30769232	-77.58999203
6.31501833	-73.01625723
6.32234434	-82.98317858
6.32967035	-75.25210287
6.33699635	-78.48301605
6.34432236	-73.11231304
6.35164837	-79.41011250
6.35897437	-82.55283029
6.36630038	-84.81790363
6.37362639	-77.24000790
6.38095240	-82.77146778
6.38827840	-76.01294574
6.39560441	-71.93477020
6.40293042	-78.48800093
6.41025643	-80.40249742
6.41758243	-86.97816244
6.42490844	-92.97570047
6.43223445	-74.89501405
6.43956046	-84.54965642
6.44688646	-76.21756355
6.45421247	-81.67223816
6.46153848	-85.84441931
6.46886448	-80.76256910
6.47619049	-80.05285245
6.48351650	-81.76975758
6.49084251	-81.27863143
6.49816851	-85.69345328
6.50549452	-72.60038828
6.51282053	-73.40195509
6.52014654	-77.20151590
6.52747254	-76.21232682
6.53479855	-83.02014819
6.54212456	-84.13299723
6.54945057	-74.17861928
6.55677657	-71.69863410
6.56410258	-76.67253379
6.57142859	-78.13822271
6.57875459	-74.38050176
6.58608060	-75.74235118
6.59340661	-80.33365438
6.60073262	-87.24125340
6.60805862	-75.68265516
6.61538463	-78.87877376
6.62271064	-79.46184399
6.63003665	-74.81272252
6.63736265	-90.50397136
6.64468866	-78.73684288
6.65201467	-78.57439596
6.65934068	-76.62724789
6.66666668	-77.65050901
6.67399269	-75.15361441
6.68131870	-75.94877363
6.68864470	-77.19743387
6.69597071	-82.29198994
6.70329672	-78.46740478
6.71062273	-76.63212603
6.71794873	-77.07603266
6.72527474	-85.53978975
6.73260075	-74.06537055
6.73992676	-78.76218016
6.74725276	-75.60382702
6.75457877	-72.88450438
6.76190478	-78.62685284
6.76923079	-74.23952238
6.77655679	-76.25767814
6.78388280	-72.96623977
6.79120881	-76.34082008
6.79853482	-82.55332227
6.80586082	-83.82161140
6.81318683	-80.90072600
6.82051284	-77.13094446
6.82783884	-95.78911431
6.83516485	-74.29729676
6.84249086	-75.71174405
6.84981687	-111.87042537
6.85714287	-78.22045428
6.86446888	-83.18366775
6.87179489	-78.15662050
6.87912090	-81.72725683
6.88644690	-77.24304386
6.89377291	-75.53462428
6.90109892	-87.85237987
6.90842493	-75.16889603
6.91575093	-79.42387669
6.92307694	-77.21696673
6.93040295	-81.16043461
6.93772895	-81.77116090
6.94505496	-74.45180080
6.95238097	-78.41652368
6.95970698	-80.75944601
6.96703298	-73.30113771
6.97435899	-72.72173801
6.98168500	-83.01013926
6.98901101	-78.20584323
6.99633701	-85.08895832
7.00366302	-82.27830423
7.01098903	-81.24900562
7.01831504	-92.11156026
7.02564104	-76.81504867
7.03296705	-81.53299278
7.04029306	-92.44994509
7.04761906	-78.09484400
7.05494507	-85.53752833
7.06227108	-71.25275239
7.06959709	-74.33878149
7.07692309	-72.86186770
7.08424910	-73.92654827
7.09157511	-76.48839319
7.09890112	-77.81811241
7.10622712	-78.96189298
7.11355313	-73.92086730
7.12087914	-78.52596942
7.12820515	-76.66857233
7.13553115	-78.68871953
7.14285716	-72.77017607
7.15018317	-73.58407362
7.15750917	-79.24979316
7.16483518	-81.53848180
7.17216119	-87.06438312
7.17948720	-78.73558803
7.18681320	-77.83563118
7.19413921	-83.29142573
7.20146522	-87.48624633
7.20879123	-89.17017669
7.21611723	-78.64991606
7.22344324	-77.58211809
7.23076925	-78.77541460
7.23809526	-88.48266435
7.24542126	-76.82141437
7.25274727	-75.12427584
7.26007328	-88.44540378
7.26739929	-82.99651135
7.27472529	-96.51291925
7.28205130	-77.67719397
7.28937731	-79.38200146
7.29670331	-78.57352565
7.30402932	-78.52562243
7.31135533	-73.75430091
7.31868134	-84.68367470
7.32600734	-93.96532368
7.33333335	-75.51484055
7.34065936	-77.65405045
7.34798537	-85.12128186
7.35531137	-77.81314727
7.36263738	-80.29169693
7.36996339	-75.15977348
7.37728940	-79.44597912
7.38461540	-84.48115442
7.39194141	-84.49170459
7.39926742	-79.15773913
7.40659342	-76.21586434
7.41391943	-75.95636156
7.42124544	-77.95616110
7.42857145	-76.97461076
7.43589745	-81.73391539
7.44322346	-75.88817820
7.45054947	-79.39655820
7.45787548	-84.07554189
7.46520148	-71.46162382
7.47252749	-80.06395723
7.47985350	-77.17501373
7.48717951	-80.52822136
7.49450551	-73.61727290
7.50183152	-84.83532304
7.50915753	-73.02866410
7.51648353	-83.61963967
7.52380954	-80.84754199
7.53113555	-91.95333497
7.53846156	-75.99866130
7.54578756	-70.34001174
7.55311357	-72.84974856
7.56043958	-76.12849980
7.56776559	-74.15529961
7.57509159	-78.54899270
7.58241760	-75.62105936
7.58974361	-76.94601835
7.59706962	-68.98042930
7.60439562	-72.59082003
7.61172163	-80.54791731
7.61904764	-83.16716098
7.62637364	-77.09204259
7.63369965	-73.60494314
7.64102566	-76.24363714
7.64835167	-75.86115898
7.65567767	-71.08751677
7.66300368	-80.06115890
7.67032969	-81.12539394
7.67765570	-77.02725765
7.68498170	-77.62599491
7.69230771	-75.10567852
7.69963372	-81.78029752
7.70695973	-81.78739206
7.71428573	-79.83420678
7.72161174	-89.36573131
7.72893775	-78.45856873
7.73626376	-74.29955781
7.74358976	-78.72774710
7.75091577	-78.51550168
7.75824178	-75.27181238
7.76556778	-74.47405254
7.77289379	-88.12159701
7.78021980	-79.27061389
7.78754581	-76.55151413
7.79487181	-73.78756339
7.80219782	-77.19327580
7.80952383	-74.73452749
7.81684984	-74.16880632
7.82417584	-70.37738321
7.83150185	-81.64423693
7.83882786	-77.71666749
7.84615387	-81.10817399
7.85347987	-77.64466827
7.86080588	-75.47140578
7.86813189	-77.27462480
7.87545789	-90.39474365
7.88278390	-84.61515234
7.89010991	-76.48942185
7.89743592	-81.00801341
7.90476192	-103.86845378
7.91208793	-74.23774413
7.91941394	-76.45345944
7.92673995	-74.96248582
7.93406595	-81.89055521
7.94139196	-80.19117420
7.94871797	-83.05146971
7.95604398	-77.00238012
7.96336998	-75.64842154
7.97069599	-91.37417924
7.97802200	-83.79123367
7.98534800	-77.50526420
7.99267401	-81.89702829
8.00000002	-77.96070497
8.00732603	-80.87389803
8.01465203	-73.99197420
8.02197804	-71.98081345
8.02930405	-75.75977057
8.03663006	-79.14685028
8.04395606	-80.07695656
8.05128207	-77.82814037
8.05860808	-80.31496167
8.06593409	-96.43351223
8.07326009	-79.56178408
8.08058610	-79.06855440
8.08791211	-93.56948009
8.09523811	-77.85727886
8.10256412	-79.21668928
8.10989013	-80.47415392
8.11721614	-76.83864193
8.12454214	-74.59769610
8.13186815	-74.46504932
8.13919416	-78.03846846
8.14652017	-71.82510204
8.15384617	-87.55705776
8.16117218	-75.97728516
8.16849819	-80.68258852
8.17582420	-84.20941457
8.18315020	-80.21203733
8.19047621	-74.05310136
8.19780222	-80.85886755
8.20512823	-80.36557688
8.21245423	-74.44017212
8.21978024	-79.80931061
8.22710625	-78.05878656
8.23443225	-77.81472403
8.24175826	-77.92238629
8.24908427	-82.73939660
8.25641028	-75.73558129
8.26373628	-77.79977201
8.27106229	-82.59265044
8.27838830	-80.61698786
8.28571431	-71.06447634
8.29304031	-72.79605454
8.30036632	-78.81567707
8.30769233	-79.74991192
8.31501834	-80.39062067
8.32234434	-76.29022317
8.32967035	-78.21498790
8.33699636	-74.88638982
8.34432236	-82.48699030
8.35164837	-71.88840477
8.35897438	-80.29939787
8.36630039	-76.16901742
8.37362639	-75.12044581
8.38095240	-74.79255337
8.38827841	-72.18128816
8.39560442	-75.98046673
8.40293042	-75.16661986
8.41025643	-76.16005361
8.41758244	-82.37829050
8.42490845	-74.14826808
8.43223445	-79.71060604
8.43956046	-73.56720833
8.44688647	-83.96193523
8.45421247	-71.00596993
8.46153848	-73.49587671
8.46886449	-83.68284267
8.47619050	-77.68668584
8.48351650	-76.29995828
8.49084251	-82.00677306
8.49816852	-76.21328265
8.50549453	-75.69287384
8.51282053	-79.55040283
8.52014654	-82.96395379
8.52747255	-77.41065502
8.53479856	-77.86641585
8.54212456	-82.73838653
8.54945057	-80.10099397
8.55677658	-90.05551009
8.56410258	-81.40629453
8.57142859	-88.31942651
8.57875460	-81.31206611
8.58608061	-78.74235584
8.59340661	-72.41387223
8.60073262	-81.30151895
8.60805863	-74.69810334
8.61538464	-75.08243644
8.62271064	-77.10306546
8.63003665	-78.04290963
8.63736266	-79.19558226
8.64468867	-81.65117839
8.65201467	-70.63047753
8.65934068	-71.69440180
8.66666669	-79.44311234
8.67399270	-84.00127153
8.68131870	-93.32681325
8.68864471	-74.40495002
8.69597072	-82.13786835
8.70329672	-76.53073371
8.71062273	-95.37490330
8.71794874	-88.59839492
8.72527475	-75.76366328
8.73260075	-77.61725421
8.73992676	-77.25316293
8.74725277	-78.17477983
8.75457878	-90.54490502
8.76190478	-84.84059206
8.76923079	-79.62060153
8.77655680	-76.24933941
8.78388281	-76.12525673
8.79120881	-86.84233862
8.79853482	-76.57824231
8.80586083	-96.98638613
8.81318683	-93.64750481
8.82051284	-81.21771718
8.82783885	-73.35055099
8.83516486	-74.55727094
8.84249086	-78.18986108
8.84981687	-84.35020144
8.85714288	-79.18250247
8.86446889	-72.42638245
8.87179489	-72.52629447
8.87912090	-91.38091570
8.88644691	-73.11900893
8.89377292	-80.03757471
8.90109892	-86.04563750
8.90842493	-91.10538271
8.91575094	-86.67982406
8.92307694	-84.81924956
8.93040295	-75.85152330
8.93772896	-79.32816922
8.94505497	-72.50808476
8.95238097	-74.38853296
8.95970698	-89.70273250
8.96703299	-78.22433431
8.97435900	-94.67134124
8.98168500	-76.36856877
8.98901101	-75.70946600
8.99633702	-76.95963723
9.00366303	-76.80550654
9.01098903	-79.09120774
9.01831504	-79.35148020
9.02564105	-79.39410079
9.03296705	-80.64117004
9.04029306	-78.53580702
9.04761907	-88.46205636
9.05494508	-82.29629537
9.06227108	-93.47991156
9.06959709	-78.28139584
9.07692310	-75.98420294
9.08424911	-77.00694322
9.09157511	-93.91754809
9.09890112	-84.04201754
9.10622713	-80.60485567
9.11355314	-75.66978448
9.12087914	-72.42545966
9.12820515	-74.36896661
9.13553116	-78.79651926
9.14285717	-77.48305696
9.15018317	-74.92615966
9.15750918	-79.90981921
9.16483519	-79.76101682
9.17216119	-83.35841330
9.17948720	-75.07587600
9.18681321	-76.90827251
9.19413922	-78.99771518
9.20146522	-76.53290173
9.20879123	-73.32964296
9.21611724	-81.41252176
9.22344325	-87.00333464
9.23076925	-78.24982455
9.23809526	-81.39191625
9.24542127	-92.51879197
9.25274728	-78.79075195
9.26007328	-81.94123773
9.26739929	-80.43637209
9.27472530	-76.37858581
9.28205130	-74.36011482
9.28937731	-76.74859118
9.29670332	-82.24092028
9.30402933	-87.21076470
9.31135533	-82.02560555
9.31868134	-82.38218310
9.32600735	-82.18280786
9.33333336	-78.37056760
9.34065936	-86.10128017
9.34798537	-83.34192844
9.35531138	-82.63277484
9.36263739	-80.48965585
9.36996339	-71.51788779
9.37728940	-74.50038707
9.38461541	-84.18938569
9.39194141	-84.03736805
9.39926742	-86.17465448
9.40659343	-96.03012498
9.41391944	-78.98864547
9.42124544	-82.51221616
9.42857145	-90.02662606
9.43589746	-78.91668876
9.44322347	-81.36742592
9.45054947	-77.76292658
9.45787548	-75.34578559
9.46520149	-77.84968711
9.47252750	-71.36768673
9.47985350	-73.66494397
9.48717951	-73.50270039
9.49450552	-74.25098770
9.50183152	-74.75692909
9.50915753	-72.91176736
9.51648354	-75.66142284
9.52380955	-78.27332060
9.53113555	-81.18223505
9.53846156	-84.40485900
9.54578757	-78.00656610
9.55311358	-77.53828050
9.56043958	-73.04223639
9.56776559	-84.70066699
9.57509160	-94.13250918
9.58241761	-77.71567946
9.58974361	-84.28364455
9.59706962	-84.17225460
9.60439563	-75.10577037
9.61172164	-79.39950213
9.61904764	-96.65991619
9.62637365	-85.53951436
9.63369966	-78.70275841
9.64102566	-78.44996277
9.64835167	-74.79711976
9.65567768	-77.89738293
9.66300369	-79.93055364
9.67032969	-73.77192110
9.67765570	-78.98478778
9.68498171	-77.03732261
9.69230772	-82.08422595
9.69963372	-85.05267130
9.70695973	-75.21028151
9.71428574	-80.69545272
9.72161175	-78.20717716
9.72893775	-95.22758598
9.73626376	-79.40942335
9.74358977	-90.79965909
9.75091577	-78.11374716
9.75824178	-78.58007397
9.76556779	-82.42014209
9.77289380	-83.89609297
9.78021980	-78.83705807
9.78754581	-88.51834640
9.79487182	-77.37787879
9.80219783	-88.20137537
9.80952383	-85.54999998
9.81684984	-83.07869433
9.82417585	-74.94345942
9.83150186	-83.34172785
9.83882786	-76.22113177
9.84615387	-73.94304351
9.85347988	-77.79541331
9.86080588	-82.79046940
9.86813189	-80.31537015
9.87545790	-85.33584789
9.88278391	-89.21770888
9.89010991	-77.67934456
9.89743592	-75.09445597
9.90476193	-78.59180277
9.91208794	-72.34255069
9.91941394	-81.77360918
9.92673995	-85.61929200
9.93406596	-80.36438271
9.94139197	-78.41423447
9.94871797	-76.60189480
9.95604398	-87.48906627
9.96336999	-77.11251859
9.97069600	-75.87790225
9.97802200	-76.74298135
9.98534801	-78.91328014
9.99267402	-77.13940700
10.00000002	-81.16075097
10.00732603	-73.90703582
10.01465204	-70.29296542
10.02197805	-74.26835343
10.02930405	-84.43077094
10.03663006	-101.10120075
10.04395607	-86.03219972
10.05128208	-84.27236031
10.05860808	-74.37170590
10.06593409	-75.89174929
10.07326010	-76.81717838
10.08058611	-82.81718331
10.08791211	-83.46739979
10.09523812	-87.52364098
10.10256413	-76.43710138
10.10989013	-75.52682124
10.11721614	-88.82731620
10.12454215	-81.87816045
10.13186816	-87.64582732
10.13919416	-77.60165632
10.14652017	-81.50305300
10.15384618	-83.54776575
10.16117219	-76.79177269
10.16849819	-80.13755448
10.17582420	-77.91007464
10.18315021	-73.97877521
10.19047622	-79.25761324
10.19780222	-80.69881998
10.20512823	-78.43810320
10.21245424	-79.27233633
10.21978024	-78.54261760
10.22710625	-86.95589684
10.23443226	-77.00308541
10.24175827	-75.31615439
10.24908427	-75.33116205
10.25641028	-84.01816596
10.26373629	-81.26651034
10.27106230	-88.81694742
10.27838830	-74.76873485
10.28571431	-71.90065685
10.29304032	-81.97805286
10.30036633	-101.59718908
10.30769233	-80.43970442
10.31501834	-74.46278146
10.32234435	-73.54798937
10.32967035	-77.57809264
10.33699636	-85.78575758
10.34432237	-77.71739721
10.35164838	-73.92984360
10.35897438	-78.40155683
10.36630039	-70.97215848
10.37362640	-68.81732861
10.38095241	-76.29073712
10.38827841	-78.13203409
10.39560442	-73.72143591
10.40293043	-75.73987233
10.41025644	-79.32945199
10.41758244	-86.86515778
10.42490845	-93.79566879
10.43223446	-81.82353165
10.43956047	-75.63856838
10.44688647	-75.21825668
10.45421248	-81.25612515
10.46153849	-88.92201691
10.46886449	-83.14817058
10.47619050	-77.94016123
10.48351651	-91.38409332
10.49084252	-78.05251552
10.49816852	-79.77927834
10.50549453	-74.88081783
10.51282054	-74.96845689
10.52014655	-80.35220345
10.52747255	-76.31165792
10.53479856	-87.04922908
10.54212457	-74.65725507
10.54945058	-77.85056253
10.55677658	-75.55621716
10.56410259	-72.08175320
10.57142860	-84.40913767
10.57875460	-75.83544299
10.58608061	-81.50095476
10.59340662	-81.32211717
10.60073263	-80.34148788
10.60805863	-77.79576197
10.61538464	-77.86518591
10.62271065	-85.81425652
10.63003666	-79.13631749
10.63736266	-81.35677717
10.64468867	-78.56758283
10.65201468	-76.03776854
10.65934069	-82.35621281
10.66666669	-81.52007981
10.67399270	-80.30992333
10.68131871	-92.95804819
10.68864471	-74.61619972
10.69597072	-84.99054336
10.70329673	-76.33831376
10.71062274	-86.00399496
10.71794874	-78.34680826
10.72527475	-84.27292966
10.73260076	-76.95845343
10.73992677	-87.46715706
10.74725277	-76.41980955
10.75457878	-76.24469006
10.76190479	-79.00029283
10.76923080	-81.08397634
10.77655680	-78.45266794
10.78388281	-74.27029823
10.79120882	-79.14888216
10.79853482	-76.82330032
10.80586083	-105.68258170
10.81318684	-76.79741413
10.82051285	-80.59736185
10.82783885	-82.75965337
10.83516486	-93.18729945
10.84249087	-89.68787885
10.84981688	-84.70461000
10.85714288	-71.99884625
10.86446889	-73.02488664
10.87179490	-80.62260575
10.87912091	-81.06170438
10.88644691	-72.95782601
10.89377292	-85.93622326
10.90109893	-82.82945415
10.90842494	-82.16888184
10.91575094	-77.16160256
10.92307695	-72.66144845
10.93040296	-77.02144315
10.93772896	-78.46212617
10.94505497	-80.43649720
10.95238098	-76.10213784
10.95970699	-83.26869488
10.96703299	-78.46907211
10.97435900	-79.74751976
10.98168501	-87.36946039
10.98901102	-76.69539684
10.99633702	-72.88486163
11.00366303	-79.04781101
11.01098904	-79.91967762
11.01831505	-83.80606661
11.02564105	-81.61528461
11.03296706	-79.76544533
11.04029307	-81.25796482
11.04761907	-84.52892092
11.05494508	-75.96479055
11.06227109	-75.98253896
11.06959710	-79.34431699
11.07692310	-89.45720611
11.08424911	-76.71022613
11.09157512	-81.42908574
11.09890113	-81.95627391
11.10622713	-81.51745476
11.11355314	-80.10871839
11.12087915	-76.35581988
11.12820516	-81.56258407
11.13553116	-75.33472754
11.14285717	-83.58432003
11.15018318	-82.12305448
11.15750918	-87.03499335
11.16483519	-86.18206747
11.17216120	-82.42249051
11.17948721	-73.34400926
11.18681321	-77.20987372
11.19413922	-75.58604771
11.20146523	-78.57778017
11.20879124	-76.80731763
11.21611724	-80.40221958
11.22344325	-88.03894824
11.23076926	-88.43180134
11.23809527	-80.69664997
11.24542127	-85.87966635
11.25274728	-82.36485625
11.26007329	-81.94294103
11.26739929	-77.42574751
11.27472530	-79.56499097
11.28205131	-80.65394838
11.28937732	-80.36947283
11.29670332	-71.76348521
11.30402933	-76.40109381
11.31135534	-76.76860239
11.31868135	-77.08475607
11.32600735	-82.79627902
11.33333336	-80.81374752
11.34065937	-77.12182616
11.34798538	-92.04788681
11.35531138	-79.88860301
11.36263739	-93.39780714
11.36996340	-79.54258251
11.37728941	-87.60387627
11.38461541	-75.43324945
11.39194142	-76.75417109
11.39926743	-83.08240293
11.40659343	-80.38186083
11.41391944	-82.85986515
11.42124545	-79.47902715
11.42857146	-80.60343786
11.43589746	-84.13758196
11.44322347	-81.59291441
11.45054948	-80.06291554
11.45787549	-71.09962163
11.46520149	-78.31116047
11.47252750	-86.47764672
11.47985351	-73.43629514
11.48717952	-77.03311774
11.49450552	-85.19924439
11.50183153	-73.53101484
11.50915754	-77.26787520
11.51648354	-79.85296132
11.52380955	-81.02667095
11.53113556	-79.68786821
11.53846157	-85.38315574
11.54578757	-81.82266921
11.55311358	-87.35670442
11.56043959	-104.67769705
11.56776560	-84.44131328
11.57509160	-86.85576163
11.58241761	-85.18604102
11.58974362	-81.14199624
11.59706963	-73.18759315
11.60439563	-74.10532904
11.61172164	-74.02548041
11.61904765	-76.57458274
11.62637365	-76.38735536
11.63369966	-75.21951371
11.64102567	-73.80037931
11.64835168	-78.13226881
11.65567768	-75.49076112
11.66300369	-75.76343960
11.67032970	-73.77303576
11.67765571	-77.50139854
11.68498171	-81.25668032
11.69230772	-92.03416499
11.69963373	-72.80094328
11.70695974	-79.39864222
11.71428574	-81.55235659
11.72161175	-84.30268097
11.72893776	-81.79846898
11.73626376	-73.11445961
11.74358977	-75.20808357
11.75091578	-77.06109865
11.75824179	-83.77801681
11.76556779	-77.85486596
11.77289380	-88.66865401
11.78021981	-85.08428526
11.78754582	-77.96751280
11.79487182	-77.61758352
11.80219783	-90.86536450
11.80952384	-86.25666322
11.81684985	-76.33223158
11.82417585	-76.78314584
11.83150186	-95.45873510
11.83882787	-81.82512468
11.84615388	-81.44865482
11.85347988	-81.58537915
11.86080589	-74.81251574
11.86813190	-88.09454448
11.87545790	-81.80140001
11.88278391	-76.18061642
11.89010992	-85.03740512
11.89743593	-77.56013244
11.90476193	-77.79039120
11.91208794	-73.71061348
11.91941395	-87.68277310
11.92673996	-76.68824992
11.93406596	-85.64858463
11.94139197	-89.42128689
11.94871798	-74.63173350
11.95604399	-72.27094552
11.96336999	-81.97717944
11.97069600	-74.34467062
11.97802201	-82.06319683
11.98534801	-74.98988730
11.99267402	-80.35833799
12.00000003	-77.39735955
12.00732604	-78.67128271
12.01465204	-95.70034029
12.02197805	-84.48255143
12.02930406	-73.15797573
12.03663007	-85.47661831
12.04395607	-75.03053784
12.05128208	-78.21096785
12.05860809	-83.90906164
12.06593410	-79.21813306
12.07326010	-82.75052193
12.08058611	-92.78521932
12.08791212	-79.00291630
12.09523812	-87.18529637
12.10256413	-75.02676692
12.10989014	-82.07061793
12.11721615	-75.81205834
12.12454215	-82.40777203
12.13186816	-73.82126025
12.13919417	-84.38542193
12.14652018	-98.27804201
12.15384618	-75.86678221
12.16117219	-80.05321756
12.16849820	-86.34397261
12.17582421	-79.30547883
12.18315021	-80.61046892
12.19047622	-83.14959680
12.19780223	-83.35187865
12.20512823	-80.50752089
12.21245424	-89.42161860
12.21978025	-82.14845600
12.22710626	-73.39942704
12.23443226	-76.94079328
12.24175827	-82.97367319
12.24908428	-78.79390843
12.25641029	-90.11692122
12.26373629	-77.71647648
12.27106230	-76.33856064
12.27838831	-80.19232669
12.28571432	-82.06917725
12.29304032	-83.65334919
12.30036633	-85.21358541
12.30769234	-91.73612380
12.31501835	-89.59696154
12.32234435	-82.73173900
12.32967036	-79.28892633
12.33699637	-78.67157617
12.34432237	-77.79459330
12.35164838	-77.48777944
12.35897439	-82.13776631
12.36630040	-84.20044039
12.37362640	-86.34078481
12.38095241	-85.56612739
12.38827842	-72.98593917
12.39560443	-81.56612348
12.40293043	-73.25028759
12.41025644	-77.86131853
12.41758245	-79.53112276
12.42490846	-84.23522177
12.43223446	-74.73756932
12.43956047	-78.42612207
12.44688648	-79.72246992
12.45421248	-77.95961451
12.46153849	-77.30739225
12.46886450	-82.36534827
12.47619051	-83.06109904
12.48351651	-77.60311534
12.49084252	-78.08062010
12.49816853	-83.62857926
12.50549454	-87.23109030
12.51282054	-80.44992889
12.52014655	-81.21457817
12.52747256	-75.93142485
12.53479857	-84.17871016
12.54212457	-78.20860504
12.54945058	-75.62139584
12.55677659	-79.23043797
12.56410259	-85.91107126
12.57142860	-85.37046320
12.57875461	-77.90422926
12.58608062	-79.96315596
12.59340662	-85.69419540
12.60073263	-81.44083115
12.60805864	-82.58794714
12.61538465	-75.20048655
12.62271065	-74.72082113
12.63003666	-86.95971972
12.63736267	-84.74198450
12.64468868	-78.75728215
12.65201468	-71.86198755
12.65934069	-72.83813021
12.66666670	-79.64672142
12.67399270	-87.23124266
12.68131871	-78.00496753
12.68864472	-81.19934838
12.69597073	-79.14034903
12.70329673	-79.72406033
12.71062274	-83.08235931
12.71794875	-74.02643534
12.72527476	-76.86474789
12.73260076	-78.01461558
12.73992677	-87.03915982
12.74725278	-76.10045131
12.75457879	-81.16773227
12.76190479	-72.16746883
12.76923080	-74.97866932
12.77655681	-78.94127922
12.78388282	-72.80358860
12.79120882	-79.47086503
12.79853483	-81.95616314
12.80586084	-77.89139726
12.81318684	-80.68665511
12.82051285	-78.11792602
12.82783886	-79.61555745
12.83516487	-71.40803249
12.84249087	-70.84521322
12.84981688	-76.29425025
12.85714289	-85.88951076
12.86446890	-79.47358979
12.87179490	-77.17801410
12.87912091	-80.65439432
12.88644692	-89.38463678
12.89377293	-81.98019970
12.90109893	-79.94072518
12.90842494	-88.16437486
12.91575095	-80.12979387
12.92307695	-79.36219995
12.93040296	-81.60013615
12.93772897	-76.52732550
12.94505498	-78.72749250
12.95238098	-74.60318006
12.95970699	-72.50272951
12.96703300	-90.94542058
12.97435901	-73.92493786
12.98168501	-76.51355362
12.98901102	-84.27892366
12.99633703	-75.57204921
13.00366304	-81.16190142
13.01098904	-89.07265646
13.01831505	-82.76940899
13.02564106	-80.93670326
13.03296706	-85.00828826
13.04029307	-80.57283509
13.04761908	-77.15241134
13.05494509	-74.44331137
13.06227109	-73.85252138
13.06959710	-84.87775648
13.07692311	-82.69918349
13.08424912	-73.21333181
13.09157512	-77.74292438
13.09890113	-74.59142385
13.10622714	-73.07039047
13.11355315	-77.30763950
13.12087915	-104.58347075
13.12820516	-82.21661907
13.13553117	-88.69738679
13.14285717	-81.11667791
13.15018318	-84.33202189
13.15750919	-76.25449021
13.16483520	-73.40233689
13.17216120	-74.41031614
13.17948721	-78.48788631
13.18681322	-81.94234176
13.19413923	-88.18748683
13.20146523	-77.91647286
13.20879124	-77.31658437
13.21611725	-77.15528694
13.22344326	-76.52639782
13.23076926	-94.97111657
13.23809527	-83.30116517
13.24542128	-83.70618596
13.25274729	-85.83195411
13.26007329	-75.85453781
13.26739930	-78.32429951
13.27472531	-79.71854624
13.28205131	-80.69371019
13.28937732	-78.12857735
13.29670333	-80.95962818
13.30402934	-80.91882837
13.31135534	-85.91837324
13.31868135	-73.91134532
13.32600736	-74.12995986
13.33333337	-74.19345399
13.34065937	-81.73468139
13.34798538	-82.24281252
13.35531139	-75.07449691
13.36263740	-88.42063408
13.36996340	-78.97676858
13.37728941	-76.87090006
13.38461542	-82.32820023
13.39194142	-83.63494997
13.39926743	-85.67661912
13.40659344	-78.32773407
13.41391945	-78.93767833
13.42124545	-76.54387122
13.42857146	-82.18535920
13.43589747	-87.12382215
13.44322348	-80.10335004
13.45054948	-77.79994413
13.45787549	-79.30300988
13.46520150	-78.89091080
13.47252751	-77.95727834
13.47985351	-79.33111327
13.48717952	-72.17390130
13.49450553	-75.26344847
13.50183153	-86.28366629
13.50915754	-72.43184990
13.51648355	-86.75608598
13.52380956	-73.95320221
13.53113556	-86.01026346
13.53846157	-76.09768978
13.54578758	-86.61428308
13.55311359	-83.90630335
13.56043959	-74.60405054
13.56776560	-79.97295115
13.57509161	-89.47381072
13.58241762	-76.83930631
13.58974362	-82.83688950
13.59706963	-81.91452817
13.60439564	-89.91657005
13.61172164	-76.88201506
13.61904765	-73.08229895
13.62637366	-75.26606419
13.63369967	-81.61788047
13.64102567	-76.32570495
13.64835168	-93.63439486
13.65567769	-82.34872688
13.66300370	-79.03140711
13.67032970	-89.34213697
13.67765571	-82.04210140
13.68498172	-82.27037668
13.69230773	-69.75113733
13.69963373	-77.10261207
13.70695974	-79.72693894
13.71428575	-81.10071845
13.72161176	-81.93536357
13.72893776	-77.26958885
13.73626377	-77.70701485
13.74358978	-86.93296933
13.75091578	-75.17380565
13.75824179	-83.66357766
13.76556780	-82.17884680
13.77289381	-77.46923966
13.78021981	-83.86600150
13.78754582	-80.85965950
13.79487183	-79.53373434
13.80219784	-77.63168897
13.80952384	-82.48317409
13.81684985	-83.74846970
13.82417586	-82.47999658
13.83150187	-73.27258272
13.83882787	-75.84657675
13.84615388	-85.57798035
13.85347989	-75.24433706
13.86080589	-82.72852213
13.86813190	-78.54161715
13.87545791	-79.94510086
13.88278392	-76.17144615
13.89010992	-77.60523646
13.89743593	-77.25257554
13.90476194	-77.12760758
13.91208795	-81.10492925
13.91941395	-77.16420803
13.92673996	-80.04734944
13.93406597	-79.73809152
13.94139198	-77.08834358
13.94871798	-75.52142126
13.95604399	-79.63247657
13.96337000	-75.33360228
13.97069600	-77.36354196
13.97802201	-89.53577949
13.98534802	-92.79349789
13.99267403	-81.42350018
14.00000003	-85.36191307
14.00732604	-78.41983638
14.01465205	-83.47320002
14.02197806	-75.69244498
14.02930406	-79.31109479
14.03663007	-78.78268109
14.04395608	-76.79537857
14.05128209	-81.27984607
14.05860809	-79.23003281
14.06593410	-77.82477583
14.07326011	-78.63316988
14.08058611	-74.87372431
14.08791212	-78.70645853
14.09523813	-80.05394115
14.10256414	-82.00376717
14.10989014	-99.74409262
14.11721615	-76.68187888
14.12454216	-75.43349665
14.13186817	-76.35702082
14.13919417	-89.63395010
14.14652018	-82.76122056
14.15384619	-74.03725342
14.16117220	-76.13994326
14.16849820	-85.32926708
14.17582421	-75.78368693
14.18315022	-76.95964434
14.19047623	-84.52159391
14.19780223	-83.17330291
14.20512824	-81.86913163
14.21245425	-83.22698043
14.21978025	-79.00321755
14.22710626	-78.36204730
14.23443227	-84.78847248
14.24175828	-88.09114977
14.24908428	-76.89685218
14.25641029	-94.90361922
14.26373630	-72.61248948
14.27106231	-84.52544422
14.27838831	-71.98642551
14.28571432	-71.76213174
14.29304033	-77.49985501
14.30036634	-82.46964002
14.30769234	-90.61981778
14.31501835	-76.95275483
14.32234436	-72.96452230
14.32967036	-96.88756966
14.33699637	-74.69921182
14.34432238	-81.97165988
14.35164839	-74.96318231
14.35897439	-76.26021986
14.36630040	-74.68451279
14.37362641	-78.88211131
14.38095242	-79.03949080
14.38827842	-80.59923958
14.39560443	-78.67127363
14.40293044	-87.92115617
14.41025645	-80.32881553
14.41758245	-82.17991043
14.42490846	-81.65657768
14.43223447	-73.98824827
14.43956047	-78.05531174
14.44688648	-84.54678457
14.45421249	-83.58534138
14.46153850	-74.96664386
14.46886450	-77.33024573
14.47619051	-95.11056786
14.48351652	-81.75664712
14.49084253	-78.28426055
14.49816853	-76.70187188
14.50549454	-75.42086583
14.51282055	-90.70657807
14.52014656	-76.02223523
14.52747256	-87.03382844
14.53479857	-83.47481246
14.54212458	-84.95676494
14.54945058	-77.18527420
14.55677659	-75.01702451
14.56410260	-88.27183376
14.57142861	-85.18870892
14.57875461	-78.29564128
14.58608062	-80.28281807
14.59340663	-77.02610097
14.60073264	-81.27738904
14.60805864	-84.44494991
14.61538465	-79.90874272
14.62271066	-74.36149116
14.63003667	-98.57055319
14.63736267	-81.82733276
14.64468868	-75.80456433
14.65201469	-89.60341775
14.65934070	-74.81614441
14.66666670	-73.50959759
14.67399271	-76.18663829
14.68131872	-83.08932045
14.68864472	-77.86305935
14.69597073	-75.44828701
14.70329674	-83.33603799
14.71062275	-82.99075325
14.71794875	-78.80629659
14.72527476	-82.49093037
14.73260077	-82.19113159
14.73992678	-90.38160525
14.74725278	-79.99646420
14.75457879	-80.55064914
14.76190480	-80.20031336
14.76923081	-73.55372689
14.77655681	-85.04954655
14.78388282	-79.93490074
14.79120883	-90.11282268
14.79853483	-85.24332083
14.80586084	-84.37691037
14.81318685	-75.83275588
14.82051286	-72.04479704
14.82783886	-76.09086274
14.83516487	-80.20048837
14.84249088	-85.02748581
14.84981689	-73.19645906
14.85714289	-71.91546095
14.86446890	-77.31806774
14.87179491	-86.36152307
14.87912092	-79.27279222
14.88644692	-76.14600182
14.89377293	-77.78828581
14.90109894	-75.76357036
14.90842494	-77.58045317
14.91575095	-73.78469943
14.92307696	-79.09349299
14.93040297	-78.26289422
14.93772897	-77.80367976
14.94505498	-86.85822872
14.95238099	-87.03684392
14.95970700	-84.78290648
14.96703300	-82.44875778
14.97435901	-81.60054077
14.98168502	-78.89866079
14.98901103	-90.90820014
14.99633703	-80.87354700
