# Menlo Systems GmbH ScanControl
# Program Version 1.3.3
# Start: -327.00000000 ps, Average over 100 waveforms. Timestamp: 2026-05-07T11:58:55
# Window type: Tukey, parameters: alpha = 0.1
# User time axis shift: 0 ps
# Time [ps]	THz Signal [a.u.]
-326.90000000	0.00000000
-326.86666667	-0.00000002
-326.83333334	-0.00000003
-326.80000000	0.00000008
-326.76666667	-0.00000018
-326.73333334	0.00000001
-326.70000000	0.00000046
-326.66666667	-0.00000119
-326.63333334	0.00000025
-326.60000001	-0.00000063
-326.56666667	-0.00000236
-326.53333334	-0.00000223
-326.50000001	-0.00000288
-326.46666667	0.00000263
-326.43333334	-0.00000005
-326.40000001	-0.00000507
-326.36666667	0.00000598
-326.33333334	0.00000429
-326.30000001	0.00001504
-326.26666667	0.00000679
-326.23333334	0.00001143
-326.20000001	0.00000313
-326.16666667	0.00000725
-326.13333334	-0.00000731
-326.10000001	-0.00000199
-326.06666667	-0.00001401
-326.03333334	0.00000810
-326.00000001	-0.00001084
-325.96666667	-0.00000913
-325.93333334	-0.00000421
-325.90000001	0.00001031
-325.86666667	-0.00000314
-325.83333334	0.00000359
-325.80000001	-0.00000389
-325.76666667	-0.00000184
-325.73333334	0.00000199
-325.70000001	0.00000446
-325.66666667	-0.00004250
-325.63333334	0.00001113
-325.60000001	0.00002586
-325.56666667	0.00002506
-325.53333334	0.00003914
-325.50000001	0.00000106
-325.46666667	-0.00002598
-325.43333334	-0.00003633
-325.40000001	-0.00000152
-325.36666667	0.00003459
-325.33333334	0.00000975
-325.30000001	-0.00002893
-325.26666667	0.00005832
-325.23333334	0.00000171
-325.20000001	-0.00003422
-325.16666667	-0.00000139
-325.13333334	0.00008518
-325.10000001	-0.00002914
-325.06666667	0.00000166
-325.03333334	-0.00005639
-325.00000001	-0.00004786
-324.96666667	-0.00002575
-324.93333334	-0.00001352
-324.90000001	-0.00000261
-324.86666667	-0.00001301
-324.83333334	0.00003463
-324.80000001	-0.00001436
-324.76666668	-0.00003540
-324.73333334	-0.00009986
-324.70000001	0.00005213
-324.66666668	-0.00007950
-324.63333334	-0.00013684
-324.60000001	0.00003088
-324.56666668	-0.00011484
-324.53333334	0.00001327
-324.50000001	-0.00013193
-324.46666668	0.00001202
-324.43333334	-0.00009655
-324.40000001	-0.00002996
-324.36666668	-0.00013121
-324.33333334	-0.00001925
-324.30000001	-0.00003313
-324.26666668	-0.00007346
-324.23333334	-0.00002903
-324.20000001	-0.00007244
-324.16666668	-0.00031572
-324.13333334	-0.00012687
-324.10000001	-0.00001905
-324.06666668	-0.00014903
-324.03333334	-0.00013709
-324.00000001	-0.00017494
-323.96666668	-0.00012004
-323.93333334	-0.00006278
-323.90000001	-0.00024818
-323.86666668	-0.00020086
-323.83333334	-0.00030083
-323.80000001	-0.00030675
-323.76666668	-0.00022698
-323.73333334	-0.00031560
-323.70000001	-0.00013563
-323.66666668	-0.00004702
-323.63333334	-0.00021777
-323.60000001	0.00001123
-323.56666668	-0.00024357
-323.53333334	-0.00013249
-323.50000001	0.00007392
-323.46666668	-0.00030956
-323.43333334	-0.00019220
-323.40000001	-0.00006159
-323.36666668	-0.00013112
-323.33333334	-0.00028331
-323.30000001	-0.00019255
-323.26666668	-0.00024527
-323.23333334	-0.00034053
-323.20000001	-0.00044101
-323.16666668	-0.00034392
-323.13333334	-0.00032990
-323.10000001	-0.00000671
-323.06666668	-0.00021331
-323.03333334	-0.00014296
-323.00000001	-0.00017338
-322.96666668	-0.00020338
-322.93333334	-0.00011095
-322.90000001	-0.00029168
-322.86666668	0.00005392
-322.83333335	-0.00025602
-322.80000001	-0.00029934
-322.76666668	-0.00005115
-322.73333335	-0.00003947
-322.70000001	-0.00022656
-322.66666668	-0.00011050
-322.63333335	-0.00023093
-322.60000001	-0.00028802
-322.56666668	-0.00023778
-322.53333335	-0.00008913
-322.50000001	-0.00023868
-322.46666668	-0.00022462
-322.43333335	-0.00017030
-322.40000001	-0.00025571
-322.36666668	-0.00015506
-322.33333335	-0.00015481
-322.30000001	-0.00054614
-322.26666668	-0.00019768
-322.23333335	-0.00024810
-322.20000001	0.00001690
-322.16666668	-0.00015001
-322.13333335	-0.00016739
-322.10000001	-0.00022932
-322.06666668	-0.00016818
-322.03333335	-0.00003861
-322.00000001	-0.00007887
-321.96666668	-0.00015783
-321.93333335	0.00008665
-321.90000001	-0.00006549
-321.86666668	-0.00011070
-321.83333335	-0.00004413
-321.80000001	-0.00008987
-321.76666668	-0.00009587
-321.73333335	-0.00008066
-321.70000001	-0.00026885
-321.66666668	-0.00041728
-321.63333335	-0.00029018
-321.60000001	-0.00023364
-321.56666668	-0.00051086
-321.53333335	-0.00010832
-321.50000001	-0.00018557
-321.46666668	-0.00020793
-321.43333335	-0.00018537
-321.40000001	0.00008379
-321.36666668	0.00005341
-321.33333335	-0.00001896
-321.30000001	0.00012139
-321.26666668	0.00005301
-321.23333335	0.00002895
-321.20000001	0.00006637
-321.16666668	-0.00025968
-321.13333335	-0.00032862
-321.10000001	-0.00017121
-321.06666668	0.00014337
-321.03333335	-0.00006211
-321.00000002	0.00017177
-320.96666668	-0.00014348
-320.93333335	-0.00012094
-320.90000002	-0.00048755
-320.86666668	-0.00010350
-320.83333335	-0.00011414
-320.80000002	-0.00020081
-320.76666668	-0.00017814
-320.73333335	-0.00016323
-320.70000002	-0.00010420
-320.66666668	0.00010380
-320.63333335	-0.00027006
-320.60000002	-0.00015095
-320.56666668	-0.00035744
-320.53333335	0.00005107
-320.50000002	0.00003616
-320.46666668	0.00001396
-320.43333335	-0.00002981
-320.40000002	-0.00014871
-320.36666668	-0.00008403
-320.33333335	0.00012892
-320.30000002	0.00009791
-320.26666668	-0.00000310
-320.23333335	0.00012900
-320.20000002	0.00000458
-320.16666668	0.00019376
-320.13333335	-0.00023144
-320.10000002	-0.00013519
-320.06666668	-0.00004383
-320.03333335	0.00001070
-320.00000002	0.00013643
-319.96666668	0.00023277
-319.93333335	0.00035312
-319.90000002	0.00018530
-319.86666668	-0.00000751
-319.83333335	0.00022765
-319.80000002	0.00018909
-319.76666668	-0.00010766
-319.73333335	-0.00018277
-319.70000002	-0.00006988
-319.66666668	-0.00009112
-319.63333335	0.00008775
-319.60000002	-0.00006413
-319.56666668	-0.00014839
-319.53333335	0.00004700
-319.50000002	0.00012507
-319.46666668	0.00019386
-319.43333335	0.00004892
-319.40000002	-0.00012383
-319.36666668	0.00001437
-319.33333335	-0.00005762
-319.30000002	-0.00020232
-319.26666668	-0.00017517
-319.23333335	0.00008664
-319.20000002	-0.00013670
-319.16666668	0.00006392
-319.13333335	-0.00014473
-319.10000002	0.00024296
-319.06666669	0.00001891
-319.03333335	0.00018291
-319.00000002	0.00008265
-318.96666669	0.00023498
-318.93333335	-0.00002110
-318.90000002	-0.00000779
-318.86666669	-0.00001871
-318.83333335	-0.00009689
-318.80000002	0.00013163
-318.76666669	-0.00011667
-318.73333335	0.00014151
-318.70000002	-0.00009920
-318.66666669	-0.00003831
-318.63333335	-0.00006328
-318.60000002	-0.00021902
-318.56666669	0.00016818
-318.53333335	-0.00026073
-318.50000002	0.00012056
-318.46666669	-0.00007544
-318.43333335	0.00011639
-318.40000002	-0.00012241
-318.36666669	-0.00005324
-318.33333335	-0.00006983
-318.30000002	0.00008322
-318.26666669	0.00006245
-318.23333335	-0.00007858
-318.20000002	-0.00005852
-318.16666669	-0.00017826
-318.13333335	0.00012215
-318.10000002	0.00030204
-318.06666669	0.00009032
-318.03333335	0.00020565
-318.00000002	0.00001036
-317.96666669	-0.00017334
-317.93333335	-0.00001319
-317.90000002	-0.00012621
-317.86666669	0.00008751
-317.83333335	0.00010085
-317.80000002	0.00018079
-317.76666669	-0.00004635
-317.73333335	-0.00024157
-317.70000002	-0.00008577
-317.66666669	-0.00037899
-317.63333335	0.00011308
-317.60000002	0.00017088
-317.56666669	-0.00018069
-317.53333335	0.00004852
-317.50000002	-0.00020857
-317.46666669	-0.00030319
-317.43333335	-0.00018937
-317.40000002	-0.00005791
-317.36666669	-0.00043838
-317.33333335	-0.00012634
-317.30000002	-0.00035087
-317.26666669	-0.00038614
-317.23333336	0.00007479
-317.20000002	-0.00006908
-317.16666669	-0.00031772
-317.13333336	-0.00029243
-317.10000002	-0.00008142
-317.06666669	0.00001664
-317.03333336	-0.00020854
-317.00000002	0.00016922
-316.96666669	0.00007614
-316.93333336	0.00004550
-316.90000002	-0.00025882
-316.86666669	0.00015844
-316.83333336	-0.00011058
-316.80000002	0.00002539
-316.76666669	0.00030717
-316.73333336	0.00017841
-316.70000002	0.00016147
-316.66666669	0.00018980
-316.63333336	0.00008178
-316.60000002	0.00004829
-316.56666669	0.00021215
-316.53333336	0.00007410
-316.50000002	0.00003310
-316.46666669	0.00006097
-316.43333336	0.00009320
-316.40000002	0.00010736
-316.36666669	-0.00009122
-316.33333336	0.00016228
-316.30000002	0.00012543
-316.26666669	0.00003983
-316.23333336	-0.00001520
-316.20000002	-0.00004961
-316.16666669	-0.00002236
-316.13333336	0.00013599
-316.10000002	0.00017507
-316.06666669	0.00001205
-316.03333336	-0.00010557
-316.00000002	0.00009483
-315.96666669	0.00001764
-315.93333336	-0.00008006
-315.90000002	-0.00003819
-315.86666669	-0.00005658
-315.83333336	-0.00010675
-315.80000002	0.00010239
-315.76666669	0.00013501
-315.73333336	0.00042965
-315.70000002	-0.00009198
-315.66666669	0.00003611
-315.63333336	0.00015048
-315.60000002	0.00029219
-315.56666669	0.00025454
-315.53333336	0.00024587
-315.50000002	-0.00003578
-315.46666669	0.00006029
-315.43333336	0.00008814
-315.40000003	0.00007100
-315.36666669	0.00016162
-315.33333336	0.00019752
-315.30000003	0.00008778
-315.26666669	0.00031355
-315.23333336	-0.00001229
-315.20000003	0.00026390
-315.16666669	0.00016051
-315.13333336	0.00012242
-315.10000003	0.00047337
-315.06666669	0.00040064
-315.03333336	0.00005946
-315.00000003	0.00035799
-314.96666669	0.00044942
-314.93333336	0.00023063
-314.90000003	0.00027669
-314.86666669	0.00021944
-314.83333336	0.00012126
-314.80000003	0.00000772
-314.76666669	0.00005975
-314.73333336	0.00017283
-314.70000003	0.00018252
-314.66666669	0.00025702
-314.63333336	0.00031534
-314.60000003	0.00015879
-314.56666669	0.00003453
-314.53333336	0.00011692
-314.50000003	0.00028215
-314.46666669	0.00031413
-314.43333336	0.00049358
-314.40000003	0.00035117
-314.36666669	0.00031096
-314.33333336	0.00024006
-314.30000003	0.00015635
-314.26666669	0.00038404
-314.23333336	0.00017549
-314.20000003	0.00022590
-314.16666669	0.00024516
-314.13333336	0.00042781
-314.10000003	0.00038213
-314.06666669	0.00030398
-314.03333336	0.00018195
-314.00000003	0.00020075
-313.96666669	0.00003567
-313.93333336	0.00018720
-313.90000003	0.00038767
-313.86666669	0.00016086
-313.83333336	0.00028983
-313.80000003	0.00007716
-313.76666669	0.00030068
-313.73333336	0.00028860
-313.70000003	0.00012213
-313.66666669	-0.00004628
-313.63333336	-0.00008133
-313.60000003	-0.00002684
-313.56666669	-0.00010003
-313.53333336	0.00039798
-313.50000003	0.00008638
-313.46666670	-0.00009894
-313.43333336	0.00004040
-313.40000003	0.00000143
-313.36666670	-0.00005338
-313.33333336	0.00005512
-313.30000003	0.00005901
-313.26666670	0.00000068
-313.23333336	0.00026672
-313.20000003	0.00027027
-313.16666670	0.00001887
-313.13333336	0.00028475
-313.10000003	0.00031555
-313.06666670	0.00011956
-313.03333336	0.00021057
-313.00000003	0.00040336
-312.96666670	0.00000187
-312.93333336	0.00020128
-312.90000003	0.00006482
-312.86666670	0.00008581
-312.83333336	0.00005579
-312.80000003	0.00031650
-312.76666670	0.00048655
-312.73333336	0.00014170
-312.70000003	0.00036203
-312.66666670	0.00040333
-312.63333336	0.00003969
-312.60000003	0.00022182
-312.56666670	0.00006117
-312.53333336	0.00001475
-312.50000003	0.00028133
-312.46666670	0.00016425
-312.43333336	0.00022294
-312.40000003	0.00003565
-312.36666670	0.00006579
-312.33333336	0.00026472
-312.30000003	-0.00024535
-312.26666670	-0.00005217
-312.23333336	0.00015911
-312.20000003	0.00019759
-312.16666670	0.00018631
-312.13333336	0.00015216
-312.10000003	0.00027388
-312.06666670	0.00011883
-312.03333336	0.00018495
-312.00000003	0.00036817
-311.96666670	0.00027491
-311.93333336	0.00039891
-311.90000003	0.00016095
-311.86666670	0.00035939
-311.83333336	-0.00002237
-311.80000003	0.00043235
-311.76666670	0.00058012
-311.73333336	0.00023556
-311.70000003	0.00026388
-311.66666670	0.00039263
-311.63333337	0.00023329
-311.60000003	0.00030381
-311.56666670	0.00012363
-311.53333337	0.00031986
-311.50000003	-0.00001317
-311.46666670	0.00004782
-311.43333337	-0.00012321
-311.40000003	0.00005105
-311.36666670	-0.00007383
-311.33333337	0.00019330
-311.30000003	-0.00006014
-311.26666670	0.00026224
-311.23333337	0.00006349
-311.20000003	0.00022667
-311.16666670	0.00027573
-311.13333337	0.00009939
-311.10000003	0.00026555
-311.06666670	0.00003446
-311.03333337	0.00006163
-311.00000003	0.00007449
-310.96666670	0.00020499
-310.93333337	0.00006764
-310.90000003	0.00011343
-310.86666670	0.00012581
-310.83333337	0.00005729
-310.80000003	0.00019991
-310.76666670	0.00031382
-310.73333337	0.00018992
-310.70000003	0.00016739
-310.66666670	0.00011025
-310.63333337	0.00006174
-310.60000003	0.00003608
-310.56666670	0.00026382
-310.53333337	0.00010038
-310.50000003	0.00008826
-310.46666670	0.00047544
-310.43333337	0.00024721
-310.40000003	0.00019353
-310.36666670	0.00022033
-310.33333337	0.00031408
-310.30000003	0.00013228
-310.26666670	0.00043879
-310.23333337	0.00021099
-310.20000003	0.00017990
-310.16666670	0.00015544
-310.13333337	0.00019585
-310.10000003	0.00037161
-310.06666670	0.00040279
-310.03333337	0.00024451
-310.00000003	0.00017675
-309.96666670	0.00017832
-309.93333337	0.00005096
-309.90000003	0.00009722
-309.86666670	0.00013918
-309.83333337	0.00028382
-309.80000004	0.00005727
-309.76666670	0.00004772
-309.73333337	0.00048971
-309.70000004	0.00048290
-309.66666670	0.00047959
-309.63333337	0.00048592
-309.60000004	0.00039314
-309.56666670	0.00042168
-309.53333337	0.00028840
-309.50000004	0.00036269
-309.46666670	0.00021628
-309.43333337	0.00047048
-309.40000004	0.00028186
-309.36666670	0.00053566
-309.33333337	0.00031769
-309.30000004	0.00022962
-309.26666670	0.00037674
-309.23333337	0.00025294
-309.20000004	0.00026042
-309.16666670	0.00024718
-309.13333337	0.00040656
-309.10000004	0.00037394
-309.06666670	0.00025231
-309.03333337	0.00015605
-309.00000004	0.00021626
-308.96666670	0.00062293
-308.93333337	0.00038834
-308.90000004	0.00021273
-308.86666670	0.00047528
-308.83333337	0.00035058
-308.80000004	0.00035796
-308.76666670	0.00011631
-308.73333337	0.00047769
-308.70000004	0.00042995
-308.66666670	0.00046276
-308.63333337	0.00046452
-308.60000004	0.00038774
-308.56666670	0.00046660
-308.53333337	0.00059838
-308.50000004	0.00033758
-308.46666670	-0.00001770
-308.43333337	0.00049698
-308.40000004	0.00024111
-308.36666670	0.00028135
-308.33333337	0.00056823
-308.30000004	0.00051628
-308.26666670	0.00030612
-308.23333337	0.00016079
-308.20000004	0.00024522
-308.16666670	0.00024252
-308.13333337	0.00018245
-308.10000004	0.00018352
-308.06666670	0.00023364
-308.03333337	0.00017554
-308.00000004	0.00010163
-307.96666670	0.00002526
-307.93333337	-0.00010978
-307.90000004	0.00045858
-307.86666671	0.00017098
-307.83333337	-0.00003167
-307.80000004	-0.00022369
-307.76666671	-0.00000101
-307.73333337	-0.00020768
-307.70000004	0.00027513
-307.66666671	0.00024398
-307.63333337	0.00026728
-307.60000004	0.00009206
-307.56666671	-0.00002435
-307.53333337	0.00020732
-307.50000004	0.00003504
-307.46666671	-0.00003674
-307.43333337	0.00011911
-307.40000004	0.00022659
-307.36666671	0.00008737
-307.33333337	0.00016679
-307.30000004	0.00027976
-307.26666671	0.00018579
-307.23333337	0.00004928
-307.20000004	0.00020023
-307.16666671	0.00002798
-307.13333337	-0.00017308
-307.10000004	0.00012291
-307.06666671	-0.00020080
-307.03333337	0.00001759
-307.00000004	-0.00013719
-306.96666671	-0.00007314
-306.93333337	-0.00023486
-306.90000004	-0.00011764
-306.86666671	0.00001198
-306.83333337	-0.00004457
-306.80000004	0.00001192
-306.76666671	0.00009530
-306.73333337	0.00003383
-306.70000004	0.00001188
-306.66666671	0.00003448
-306.63333337	0.00003439
-306.60000004	0.00024403
-306.56666671	-0.00003549
-306.53333337	-0.00020503
-306.50000004	-0.00022624
-306.46666671	0.00017797
-306.43333337	0.00013327
-306.40000004	0.00015674
-306.36666671	-0.00012028
-306.33333337	0.00011471
-306.30000004	-0.00007142
-306.26666671	-0.00021749
-306.23333337	-0.00016733
-306.20000004	0.00003313
-306.16666671	-0.00017270
-306.13333337	-0.00014573
-306.10000004	0.00009496
-306.06666671	0.00000713
-306.03333338	-0.00030542
-306.00000004	-0.00002920
-305.96666671	0.00005039
-305.93333338	-0.00009995
-305.90000004	-0.00031658
-305.86666671	-0.00022126
-305.83333338	0.00005528
-305.80000004	-0.00007080
-305.76666671	-0.00004011
-305.73333338	-0.00016669
-305.70000004	-0.00012832
-305.66666671	-0.00006628
-305.63333338	-0.00021253
-305.60000004	-0.00005215
-305.56666671	0.00001992
-305.53333338	-0.00011771
-305.50000004	-0.00021174
-305.46666671	-0.00065569
-305.43333338	-0.00040143
-305.40000004	-0.00030467
-305.36666671	-0.00024908
-305.33333338	-0.00020015
-305.30000004	-0.00010483
-305.26666671	-0.00024517
-305.23333338	-0.00031198
-305.20000004	-0.00044152
-305.16666671	-0.00019013
-305.13333338	-0.00032744
-305.10000004	-0.00025120
-305.06666671	-0.00037323
-305.03333338	-0.00044859
-305.00000004	-0.00019888
-304.96666671	-0.00021806
-304.93333338	-0.00017977
-304.90000004	-0.00033399
-304.86666671	-0.00009071
-304.83333338	0.00008585
-304.80000004	-0.00021750
-304.76666671	-0.00004189
-304.73333338	-0.00001258
-304.70000004	-0.00014310
-304.66666671	-0.00019635
-304.63333338	-0.00011535
-304.60000004	-0.00014593
-304.56666671	-0.00013800
-304.53333338	-0.00022866
-304.50000004	-0.00016871
-304.46666671	-0.00023815
-304.43333338	-0.00010150
-304.40000004	0.00003139
-304.36666671	-0.00007125
-304.33333338	0.00004129
-304.30000004	0.00022455
-304.26666671	-0.00012227
-304.23333338	0.00028780
-304.20000004	0.00001183
-304.16666671	0.00026349
-304.13333338	-0.00004149
-304.10000005	0.00021872
-304.06666671	-0.00001791
-304.03333338	0.00014844
-304.00000005	-0.00007844
-303.96666671	0.00009499
-303.93333338	0.00003207
-303.90000005	0.00015637
-303.86666671	0.00017885
-303.83333338	0.00016479
-303.80000005	0.00025994
-303.76666671	0.00008233
-303.73333338	0.00012532
-303.70000005	-0.00008525
-303.66666671	0.00000405
-303.63333338	0.00013027
-303.60000005	0.00030490
-303.56666671	0.00023595
-303.53333338	0.00006993
-303.50000005	0.00020990
-303.46666671	-0.00001088
-303.43333338	0.00015090
-303.40000005	0.00014323
-303.36666671	0.00006550
-303.33333338	0.00001259
-303.30000005	0.00015826
-303.26666671	-0.00002849
-303.23333338	-0.00035441
-303.20000005	-0.00000947
-303.16666671	-0.00007666
-303.13333338	-0.00018113
-303.10000005	-0.00044358
-303.06666671	-0.00027009
-303.03333338	-0.00010689
-303.00000005	0.00005333
-302.96666671	-0.00004106
-302.93333338	-0.00037944
-302.90000005	-0.00027426
-302.86666671	-0.00005430
-302.83333338	-0.00035960
-302.80000005	-0.00006571
-302.76666671	-0.00021776
-302.73333338	-0.00006125
-302.70000005	-0.00000402
-302.66666671	-0.00036263
-302.63333338	0.00007021
-302.60000005	-0.00034694
-302.56666671	0.00009515
-302.53333338	-0.00002210
-302.50000005	-0.00032890
-302.46666671	-0.00029176
-302.43333338	-0.00009752
-302.40000005	-0.00027729
-302.36666671	-0.00032835
-302.33333338	-0.00021157
-302.30000005	-0.00036704
-302.26666672	-0.00010264
-302.23333338	-0.00014489
-302.20000005	0.00004928
-302.16666672	-0.00021878
-302.13333338	-0.00054585
-302.10000005	0.00005131
-302.06666672	0.00005331
-302.03333338	0.00015212
-302.00000005	-0.00013675
-301.96666672	-0.00009163
-301.93333338	-0.00008216
-301.90000005	0.00006871
-301.86666672	-0.00002813
-301.83333338	-0.00011633
-301.80000005	-0.00030198
-301.76666672	-0.00008628
-301.73333338	0.00018966
-301.70000005	0.00005360
-301.66666672	-0.00012371
-301.63333338	-0.00014927
-301.60000005	-0.00010326
-301.56666672	-0.00013909
-301.53333338	-0.00019181
-301.50000005	0.00015180
-301.46666672	-0.00019320
-301.43333338	0.00004637
-301.40000005	0.00000169
-301.36666672	-0.00006267
-301.33333338	0.00037666
-301.30000005	0.00003320
-301.26666672	-0.00001225
-301.23333338	-0.00004570
-301.20000005	-0.00006563
-301.16666672	0.00001468
-301.13333338	-0.00019442
-301.10000005	0.00023285
-301.06666672	0.00018587
-301.03333338	0.00028210
-301.00000005	0.00016332
-300.96666672	-0.00029863
-300.93333338	-0.00010089
-300.90000005	0.00001903
-300.86666672	-0.00030017
-300.83333338	-0.00004229
-300.80000005	-0.00021803
-300.76666672	0.00006726
-300.73333338	-0.00001112
-300.70000005	-0.00002006
-300.66666672	-0.00003884
-300.63333338	0.00010630
-300.60000005	-0.00010468
-300.56666672	0.00002898
-300.53333338	0.00038714
-300.50000005	-0.00002156
-300.46666672	0.00011176
-300.43333339	0.00012927
-300.40000005	-0.00011693
-300.36666672	-0.00002885
-300.33333339	-0.00004027
-300.30000005	0.00010640
-300.26666672	0.00023286
-300.23333339	0.00006761
-300.20000005	0.00008701
-300.16666672	0.00006779
-300.13333339	0.00021457
-300.10000005	0.00012211
-300.06666672	0.00037496
-300.03333339	0.00035634
-300.00000005	0.00017214
-299.96666672	0.00028315
-299.93333339	0.00019550
-299.90000005	-0.00026483
-299.86666672	-0.00007761
-299.83333339	0.00003536
-299.80000005	0.00044703
-299.76666672	0.00017475
-299.73333339	0.00017630
-299.70000005	-0.00022855
-299.66666672	-0.00010636
-299.63333339	-0.00023076
-299.60000005	-0.00001515
-299.56666672	-0.00026810
-299.53333339	-0.00016231
-299.50000005	-0.00012179
-299.46666672	-0.00008199
-299.43333339	-0.00010673
-299.40000005	-0.00038833
-299.36666672	-0.00017577
-299.33333339	-0.00005034
-299.30000005	-0.00036450
-299.26666672	-0.00002811
-299.23333339	-0.00004047
-299.20000005	-0.00009028
-299.16666672	0.00003848
-299.13333339	-0.00012117
-299.10000005	-0.00003250
-299.06666672	-0.00042447
-299.03333339	-0.00035310
-299.00000005	-0.00026549
-298.96666672	-0.00025184
-298.93333339	-0.00010328
-298.90000005	-0.00023657
-298.86666672	-0.00031244
-298.83333339	-0.00053259
-298.80000005	-0.00007140
-298.76666672	-0.00024328
-298.73333339	-0.00032807
-298.70000005	-0.00034171
-298.66666672	-0.00013176
-298.63333339	-0.00035657
-298.60000005	-0.00028820
-298.56666672	0.00011784
-298.53333339	-0.00035708
-298.50000006	-0.00068702
-298.46666672	-0.00056058
-298.43333339	-0.00047150
-298.40000006	-0.00030686
-298.36666672	-0.00046155
-298.33333339	-0.00033941
-298.30000006	-0.00037999
-298.26666672	-0.00035350
-298.23333339	-0.00040757
-298.20000006	-0.00016404
-298.16666672	-0.00057831
-298.13333339	-0.00033723
-298.10000006	-0.00076521
-298.06666672	-0.00057704
-298.03333339	-0.00045688
-298.00000006	-0.00067627
-297.96666672	-0.00054743
-297.93333339	-0.00042959
-297.90000006	-0.00040420
-297.86666672	-0.00045175
-297.83333339	-0.00051994
-297.80000006	-0.00031505
-297.76666672	-0.00012911
-297.73333339	-0.00054733
-297.70000006	-0.00017406
-297.66666672	-0.00018756
-297.63333339	-0.00052676
-297.60000006	0.00006590
-297.56666672	-0.00025667
-297.53333339	-0.00002012
-297.50000006	-0.00007368
-297.46666672	-0.00013416
-297.43333339	-0.00006800
-297.40000006	-0.00039963
-297.36666672	0.00008556
-297.33333339	-0.00012810
-297.30000006	-0.00026394
-297.26666672	-0.00010037
-297.23333339	0.00019067
-297.20000006	0.00003318
-297.16666672	-0.00003862
-297.13333339	0.00002467
-297.10000006	0.00024008
-297.06666672	0.00025341
-297.03333339	0.00013627
-297.00000006	0.00024340
-296.96666672	0.00026265
-296.93333339	0.00050804
-296.90000006	0.00058319
-296.86666672	0.00053606
-296.83333339	0.00024296
-296.80000006	0.00050019
-296.76666672	0.00045440
-296.73333339	0.00047137
-296.70000006	0.00038404
-296.66666673	0.00043052
-296.63333339	0.00061723
-296.60000006	0.00072132
-296.56666673	0.00063390
-296.53333339	0.00036535
-296.50000006	0.00084962
-296.46666673	0.00072643
-296.43333339	0.00082036
-296.40000006	0.00107484
-296.36666673	0.00088030
-296.33333339	0.00067850
-296.30000006	0.00093605
-296.26666673	0.00085495
-296.23333339	0.00103142
-296.20000006	0.00089092
-296.16666673	0.00094247
-296.13333339	0.00111934
-296.10000006	0.00107598
-296.06666673	0.00084925
-296.03333339	0.00101860
-296.00000006	0.00081411
-295.96666673	0.00096035
-295.93333339	0.00097686
-295.90000006	0.00114134
-295.86666673	0.00102430
-295.83333339	0.00118698
-295.80000006	0.00108335
-295.76666673	0.00122852
-295.73333339	0.00126714
-295.70000006	0.00106819
-295.66666673	0.00119792
-295.63333339	0.00138824
-295.60000006	0.00111455
-295.56666673	0.00121774
-295.53333339	0.00131582
-295.50000006	0.00136227
-295.46666673	0.00140896
-295.43333339	0.00144531
-295.40000006	0.00131262
-295.36666673	0.00169298
-295.33333339	0.00151863
-295.30000006	0.00153930
-295.26666673	0.00127371
-295.23333339	0.00131912
-295.20000006	0.00130980
-295.16666673	0.00122701
-295.13333339	0.00127021
-295.10000006	0.00136332
-295.06666673	0.00155965
-295.03333339	0.00135206
-295.00000006	0.00110307
-294.96666673	0.00134383
-294.93333339	0.00128592
-294.90000006	0.00141215
-294.86666673	0.00136850
-294.83333340	0.00120773
-294.80000006	0.00138100
-294.76666673	0.00116219
-294.73333340	0.00129494
-294.70000006	0.00152476
-294.66666673	0.00111225
-294.63333340	0.00129517
-294.60000006	0.00106981
-294.56666673	0.00099590
-294.53333340	0.00093951
-294.50000006	0.00076044
-294.46666673	0.00093700
-294.43333340	0.00094345
-294.40000006	0.00082225
-294.36666673	0.00070004
-294.33333340	0.00067848
-294.30000006	0.00071476
-294.26666673	0.00037179
-294.23333340	0.00049067
-294.20000006	0.00013394
-294.16666673	0.00017042
-294.13333340	0.00029537
-294.10000006	0.00016139
-294.06666673	0.00021384
-294.03333340	0.00009165
-294.00000006	0.00007661
-293.96666673	-0.00018769
-293.93333340	-0.00009813
-293.90000006	-0.00013545
-293.86666673	-0.00009033
-293.83333340	-0.00047206
-293.80000006	-0.00048489
-293.76666673	-0.00054322
-293.73333340	-0.00062263
-293.70000006	-0.00034610
-293.66666673	-0.00074638
-293.63333340	-0.00075079
-293.60000006	-0.00084454
-293.56666673	-0.00079942
-293.53333340	-0.00107809
-293.50000006	-0.00115846
-293.46666673	-0.00121314
-293.43333340	-0.00143148
-293.40000006	-0.00149715
-293.36666673	-0.00147864
-293.33333340	-0.00145020
-293.30000006	-0.00162118
-293.26666673	-0.00145001
-293.23333340	-0.00151372
-293.20000006	-0.00171655
-293.16666673	-0.00149837
-293.13333340	-0.00181492
-293.10000006	-0.00148118
-293.06666673	-0.00130919
-293.03333340	-0.00163450
-293.00000006	-0.00182586
-292.96666673	-0.00148518
-292.93333340	-0.00170642
-292.90000007	-0.00171997
-292.86666673	-0.00168552
-292.83333340	-0.00192037
-292.80000007	-0.00162053
-292.76666673	-0.00175283
-292.73333340	-0.00134354
-292.70000007	-0.00139817
-292.66666673	-0.00137870
-292.63333340	-0.00130206
-292.60000007	-0.00113031
-292.56666673	-0.00096309
-292.53333340	-0.00121119
-292.50000007	-0.00095329
-292.46666673	-0.00095410
-292.43333340	-0.00086221
-292.40000007	-0.00084776
-292.36666673	-0.00095287
-292.33333340	-0.00074390
-292.30000007	-0.00055518
-292.26666673	-0.00060204
-292.23333340	-0.00049358
-292.20000007	-0.00048519
-292.16666673	-0.00033550
-292.13333340	-0.00025603
-292.10000007	-0.00019709
-292.06666673	0.00013545
-292.03333340	-0.00016789
-292.00000007	-0.00019468
-291.96666673	0.00010033
-291.93333340	0.00011983
-291.90000007	0.00022274
-291.86666673	0.00028908
-291.83333340	0.00023623
-291.80000007	0.00062519
-291.76666673	0.00053952
-291.73333340	0.00034309
-291.70000007	0.00039435
-291.66666673	0.00051267
-291.63333340	0.00078816
-291.60000007	0.00080468
-291.56666673	0.00096081
-291.53333340	0.00076500
-291.50000007	0.00089797
-291.46666673	0.00095099
-291.43333340	0.00113106
-291.40000007	0.00127319
-291.36666673	0.00099753
-291.33333340	0.00107323
-291.30000007	0.00119831
-291.26666673	0.00096326
-291.23333340	0.00116197
-291.20000007	0.00133384
-291.16666673	0.00108766
-291.13333340	0.00148217
-291.10000007	0.00117553
-291.06666674	0.00116777
-291.03333340	0.00139379
-291.00000007	0.00127608
-290.96666674	0.00114237
-290.93333340	0.00124382
-290.90000007	0.00081803
-290.86666674	0.00095043
-290.83333340	0.00119709
-290.80000007	0.00111615
-290.76666674	0.00096513
-290.73333340	0.00117139
-290.70000007	0.00104402
-290.66666674	0.00099908
-290.63333340	0.00077143
-290.60000007	0.00084431
-290.56666674	0.00104464
-290.53333340	0.00121122
-290.50000007	0.00078018
-290.46666674	0.00091878
-290.43333340	0.00070097
-290.40000007	0.00083980
-290.36666674	0.00064353
-290.33333340	0.00072242
-290.30000007	0.00083918
-290.26666674	0.00035759
-290.23333340	0.00061386
-290.20000007	0.00033665
-290.16666674	0.00030343
-290.13333340	0.00032786
-290.10000007	0.00032170
-290.06666674	0.00028804
-290.03333340	0.00034285
-290.00000007	0.00000464
-289.96666674	0.00053448
-289.93333340	-0.00003980
-289.90000007	0.00012826
-289.86666674	0.00016515
-289.83333340	0.00008491
-289.80000007	-0.00000807
-289.76666674	-0.00008421
-289.73333340	-0.00006675
-289.70000007	-0.00012680
-289.66666674	-0.00023466
-289.63333340	-0.00006305
-289.60000007	-0.00010654
-289.56666674	-0.00024032
-289.53333340	-0.00025637
-289.50000007	-0.00012248
-289.46666674	-0.00048502
-289.43333340	-0.00027842
-289.40000007	-0.00043151
-289.36666674	-0.00042125
-289.33333340	-0.00021142
-289.30000007	-0.00030812
-289.26666674	-0.00019712
-289.23333340	-0.00011303
-289.20000007	-0.00046235
-289.16666674	-0.00025711
-289.13333341	-0.00027662
-289.10000007	-0.00033801
-289.06666674	-0.00017262
-289.03333341	-0.00027186
-289.00000007	-0.00008701
-288.96666674	-0.00032970
-288.93333341	-0.00013840
-288.90000007	-0.00017790
-288.86666674	-0.00031065
-288.83333341	-0.00027657
-288.80000007	-0.00037856
-288.76666674	-0.00033462
-288.73333341	-0.00041717
-288.70000007	-0.00062590
-288.66666674	-0.00023118
-288.63333341	-0.00065644
-288.60000007	-0.00041723
-288.56666674	-0.00037103
-288.53333341	-0.00052227
-288.50000007	-0.00038880
-288.46666674	-0.00054521
-288.43333341	-0.00042764
-288.40000007	-0.00068933
-288.36666674	-0.00039493
-288.33333341	-0.00032719
-288.30000007	-0.00022560
-288.26666674	-0.00047646
-288.23333341	-0.00040752
-288.20000007	-0.00042185
-288.16666674	-0.00036117
-288.13333341	-0.00037626
-288.10000007	-0.00033264
-288.06666674	-0.00017768
-288.03333341	-0.00021626
-288.00000007	-0.00000568
-287.96666674	-0.00017444
-287.93333341	-0.00016704
-287.90000007	-0.00006829
-287.86666674	-0.00025681
-287.83333341	-0.00021292
-287.80000007	0.00014583
-287.76666674	-0.00004356
-287.73333341	0.00017089
-287.70000007	0.00003925
-287.66666674	0.00006050
-287.63333341	0.00028264
-287.60000007	0.00021400
-287.56666674	0.00025413
-287.53333341	0.00043234
-287.50000007	0.00021255
-287.46666674	0.00038918
-287.43333341	0.00039432
-287.40000007	0.00061083
-287.36666674	0.00044206
-287.33333341	0.00060199
-287.30000008	0.00097449
-287.26666674	0.00108159
-287.23333341	0.00090858
-287.20000008	0.00099529
-287.16666674	0.00073223
-287.13333341	0.00127808
-287.10000008	0.00120833
-287.06666674	0.00136416
-287.03333341	0.00118440
-287.00000008	0.00117268
-286.96666674	0.00118359
-286.93333341	0.00106768
-286.90000008	0.00080403
-286.86666674	0.00062414
-286.83333341	0.00037780
-286.80000008	0.00005720
-286.76666674	-0.00014062
-286.73333341	-0.00027363
-286.70000008	-0.00104883
-286.66666674	-0.00075252
-286.63333341	-0.00149642
-286.60000008	-0.00171103
-286.56666674	-0.00169222
-286.53333341	-0.00182124
-286.50000008	-0.00174781
-286.46666674	-0.00158975
-286.43333341	-0.00111587
-286.40000008	-0.00111916
-286.36666674	-0.00126354
-286.33333341	-0.00078096
-286.30000008	-0.00007691
-286.26666674	0.00001093
-286.23333341	0.00039767
-286.20000008	0.00062188
-286.16666674	0.00094521
-286.13333341	0.00086359
-286.10000008	0.00108746
-286.06666674	0.00123703
-286.03333341	0.00152594
-286.00000008	0.00151592
-285.96666674	0.00148247
-285.93333341	0.00171140
-285.90000008	0.00200364
-285.86666674	0.00214453
-285.83333341	0.00203818
-285.80000008	0.00198417
-285.76666674	0.00184092
-285.73333341	0.00219104
-285.70000008	0.00195210
-285.66666674	0.00195932
-285.63333341	0.00192811
-285.60000008	0.00177788
-285.56666674	0.00172628
-285.53333341	0.00150846
-285.50000008	0.00114438
-285.46666675	0.00091497
-285.43333341	0.00076639
-285.40000008	0.00057098
-285.36666675	-0.00014280
-285.33333341	-0.00027836
-285.30000008	-0.00079398
-285.26666675	-0.00149485
-285.23333341	-0.00153678
-285.20000008	-0.00177275
-285.16666675	-0.00166559
-285.13333341	-0.00209996
-285.10000008	-0.00214962
-285.06666675	-0.00210101
-285.03333341	-0.00174236
-285.00000008	-0.00151500
-284.96666675	-0.00147011
-284.93333341	-0.00102609
-284.90000008	-0.00020926
-284.86666675	0.00035287
-284.83333341	0.00080961
-284.80000008	0.00115413
-284.76666675	0.00167059
-284.73333341	0.00181388
-284.70000008	0.00201075
-284.66666675	0.00230679
-284.63333341	0.00239592
-284.60000008	0.00242987
-284.56666675	0.00265536
-284.53333341	0.00269441
-284.50000008	0.00268547
-284.46666675	0.00254624
-284.43333341	0.00227623
-284.40000008	0.00292880
-284.36666675	0.00241991
-284.33333341	0.00254568
-284.30000008	0.00246130
-284.26666675	0.00240820
-284.23333341	0.00217349
-284.20000008	0.00238336
-284.16666675	0.00231111
-284.13333341	0.00260224
-284.10000008	0.00242615
-284.06666675	0.00238941
-284.03333341	0.00225398
-284.00000008	0.00228267
-283.96666675	0.00221219
-283.93333341	0.00223865
-283.90000008	0.00230271
-283.86666675	0.00195746
-283.83333341	0.00198057
-283.80000008	0.00189223
-283.76666675	0.00217871
-283.73333341	0.00207883
-283.70000008	0.00196566
-283.66666675	0.00167777
-283.63333341	0.00202667
-283.60000008	0.00198995
-283.56666675	0.00198834
-283.53333342	0.00222515
-283.50000008	0.00221723
-283.46666675	0.00219620
-283.43333342	0.00213035
-283.40000008	0.00210426
-283.36666675	0.00203936
-283.33333342	0.00226698
-283.30000008	0.00239897
-283.26666675	0.00241644
-283.23333342	0.00258211
-283.20000008	0.00259842
-283.16666675	0.00247692
-283.13333342	0.00249405
-283.10000008	0.00245719
-283.06666675	0.00284186
-283.03333342	0.00236402
-283.00000008	0.00249369
-282.96666675	0.00267272
-282.93333342	0.00264915
-282.90000008	0.00253882
-282.86666675	0.00251619
-282.83333342	0.00239908
-282.80000008	0.00237182
-282.76666675	0.00232716
-282.73333342	0.00200542
-282.70000008	0.00213805
-282.66666675	0.00201732
-282.63333342	0.00208227
-282.60000008	0.00237296
-282.56666675	0.00220692
-282.53333342	0.00237436
-282.50000008	0.00239806
-282.46666675	0.00280691
-282.43333342	0.00270605
-282.40000008	0.00251196
-282.36666675	0.00255123
-282.33333342	0.00246340
-282.30000008	0.00206539
-282.26666675	0.00201281
-282.23333342	0.00134611
-282.20000008	0.00104328
-282.16666675	0.00058183
-282.13333342	0.00042915
-282.10000008	0.00075079
-282.06666675	-0.00007287
-282.03333342	0.00012651
-282.00000008	0.00007571
-281.96666675	0.00054890
-281.93333342	0.00087403
-281.90000008	0.00137106
-281.86666675	0.00182235
-281.83333342	0.00273898
-281.80000008	0.00368858
-281.76666675	0.00434754
-281.73333342	0.00505824
-281.70000009	0.00562149
-281.66666675	0.00619873
-281.63333342	0.00667146
-281.60000009	0.00710190
-281.56666675	0.00762296
-281.53333342	0.00785615
-281.50000009	0.00816801
-281.46666675	0.00871252
-281.43333342	0.00891508
-281.40000009	0.00923699
-281.36666675	0.00918180
-281.33333342	0.00945068
-281.30000009	0.00979678
-281.26666675	0.01025737
-281.23333342	0.01052446
-281.20000009	0.01128218
-281.16666675	0.01159423
-281.13333342	0.01199609
-281.10000009	0.01311800
-281.06666675	0.01328037
-281.03333342	0.01400148
-281.00000009	0.01466243
-280.96666675	0.01548440
-280.93333342	0.01630868
-280.90000009	0.01686552
-280.86666675	0.01779170
-280.83333342	0.01823677
-280.80000009	0.01979349
-280.76666675	0.02055269
-280.73333342	0.02143552
-280.70000009	0.02267437
-280.66666675	0.02416175
-280.63333342	0.02509649
-280.60000009	0.02639345
-280.56666675	0.02791226
-280.53333342	0.02960763
-280.50000009	0.03119113
-280.46666675	0.03291757
-280.43333342	0.03490128
-280.40000009	0.03683861
-280.36666675	0.03906398
-280.33333342	0.04128752
-280.30000009	0.04342847
-280.26666675	0.04550296
-280.23333342	0.04783266
-280.20000009	0.05041504
-280.16666675	0.05322478
-280.13333342	0.05597556
-280.10000009	0.05900464
-280.06666675	0.06157545
-280.03333342	0.06476788
-280.00000009	0.06794802
-279.96666675	0.07143937
-279.93333342	0.07524721
-279.90000009	0.07881776
-279.86666676	0.08265030
-279.83333342	0.08678753
-279.80000009	0.09110806
-279.76666676	0.09512666
-279.73333342	0.09936420
-279.70000009	0.10282402
-279.66666676	0.10644592
-279.63333342	0.10966184
-279.60000009	0.11181144
-279.56666676	0.11329474
-279.53333342	0.11380907
-279.50000009	0.11301361
-279.46666676	0.11062705
-279.43333342	0.10624150
-279.40000009	0.09924509
-279.36666676	0.08884756
-279.33333342	0.07430042
-279.30000009	0.05422960
-279.26666676	0.02587134
-279.23333342	-0.01201344
-279.20000009	-0.06174706
-279.16666676	-0.12599913
-279.13333342	-0.20669735
-279.10000009	-0.30600096
-279.06666676	-0.42332677
-279.03333342	-0.55718976
-279.00000009	-0.70312820
-278.96666676	-0.85395908
-278.93333342	-0.99926444
-278.90000009	-1.12776433
-278.86666676	-1.22653161
-278.83333342	-1.28468570
-278.80000009	-1.29338962
-278.76666676	-1.24827740
-278.73333342	-1.15106867
-278.70000009	-1.00731086
-278.66666676	-0.82736704
-278.63333342	-0.62481287
-278.60000009	-0.41362572
-278.56666676	-0.20572661
-278.53333342	-0.01136847
-278.50000009	0.16212998
-278.46666676	0.31013550
-278.43333342	0.43107484
-278.40000009	0.52416071
-278.36666676	0.59082399
-278.33333342	0.63361132
-278.30000009	0.65574753
-278.26666676	0.66079535
-278.23333342	0.65367396
-278.20000009	0.63843063
-278.16666676	0.61751190
-278.13333342	0.59372125
-278.10000009	0.56771888
-278.06666676	0.53985582
-278.03333342	0.51108609
-278.00000009	0.48189358
-277.96666676	0.45260985
-277.93333343	0.42493802
-277.90000009	0.39921290
-277.86666676	0.37617063
-277.83333343	0.35464292
-277.80000009	0.33377979
-277.76666676	0.31223895
-277.73333343	0.28904227
-277.70000009	0.26325963
-277.66666676	0.23472072
-277.63333343	0.20432018
-277.60000009	0.17214812
-277.56666676	0.13921073
-277.53333343	0.10595856
-277.50000009	0.07358412
-277.46666676	0.04335187
-277.43333343	0.01625290
-277.40000009	-0.00613702
-277.36666676	-0.02177497
-277.33333343	-0.03019651
-277.30000009	-0.03021311
-277.26666676	-0.02267808
-277.23333343	-0.00848377
-277.20000009	0.00968936
-277.16666676	0.02974587
-277.13333343	0.04829727
-277.10000009	0.06341307
-277.06666676	0.07295928
-277.03333343	0.07664738
-277.00000009	0.07279132
-276.96666676	0.06207537
-276.93333343	0.04548392
-276.90000009	0.02413783
-276.86666676	-0.00047928
-276.83333343	-0.02546380
-276.80000009	-0.04876073
-276.76666676	-0.06755568
-276.73333343	-0.07976140
-276.70000009	-0.08417453
-276.66666676	-0.08167043
-276.63333343	-0.07239969
-276.60000009	-0.05917569
-276.56666676	-0.04394697
-276.53333343	-0.02899847
-276.50000009	-0.01623966
-276.46666676	-0.00594402
-276.43333343	0.00212458
-276.40000009	0.00721143
-276.36666676	0.01093819
-276.33333343	0.01303641
-276.30000009	0.01393661
-276.26666676	0.01404075
-276.23333343	0.01258285
-276.20000009	0.01022802
-276.16666676	0.00695925
-276.13333343	0.00335129
-276.10000010	-0.00044126
-276.06666676	-0.00382352
-276.03333343	-0.00723979
-276.00000010	-0.01013362
-275.96666676	-0.01202123
-275.93333343	-0.01427334
-275.90000010	-0.01630654
-275.86666676	-0.01950668
-275.83333343	-0.02341243
-275.80000010	-0.02883204
-275.76666676	-0.03572226
-275.73333343	-0.04355627
-275.70000010	-0.05079916
-275.66666676	-0.05704502
-275.63333343	-0.06074158
-275.60000010	-0.06096228
-275.56666676	-0.05722519
-275.53333343	-0.04958179
-275.50000010	-0.03846735
-275.46666676	-0.02474086
-275.43333343	-0.00986247
-275.40000010	0.00547195
-275.36666676	0.02068275
-275.33333343	0.03500668
-275.30000010	0.04714693
-275.26666676	0.05667000
-275.23333343	0.06194765
-275.20000010	0.06253144
-275.16666676	0.05745857
-275.13333343	0.04646592
-275.10000010	0.03022504
-275.06666676	0.01035142
-275.03333343	-0.01133139
-275.00000010	-0.03186274
-274.96666676	-0.04968351
-274.93333343	-0.06229429
-274.90000010	-0.06897188
-274.86666676	-0.06906380
-274.83333343	-0.06281239
-274.80000010	-0.05180552
-274.76666676	-0.03708429
-274.73333343	-0.02079542
-274.70000010	-0.00497568
-274.66666676	0.00886304
-274.63333343	0.01838059
-274.60000010	0.02298351
-274.56666676	0.02206914
-274.53333343	0.01683937
-274.50000010	0.00755185
-274.46666676	-0.00402108
-274.43333343	-0.01620169
-274.40000010	-0.02787349
-274.36666676	-0.03825722
-274.33333343	-0.04572861
-274.30000010	-0.05093317
-274.26666676	-0.05335607
-274.23333343	-0.05389521
-274.20000010	-0.05227954
-274.16666677	-0.04937622
-274.13333343	-0.04568402
-274.10000010	-0.04120602
-274.06666677	-0.03610784
-274.03333343	-0.03069037
-274.00000010	-0.02486300
-273.96666677	-0.01869274
-273.93333343	-0.01216324
-273.90000010	-0.00680571
-273.86666677	-0.00234896
-273.83333343	0.00087119
-273.80000010	0.00205569
-273.76666677	0.00149849
-273.73333343	0.00029853
-273.70000010	-0.00126238
-273.66666677	-0.00097682
-273.63333343	0.00104117
-273.60000010	0.00605545
-273.56666677	0.01332833
-273.53333343	0.02176923
-273.50000010	0.02884961
-273.46666677	0.03321150
-273.43333343	0.03396251
-273.40000010	0.03064295
-273.36666677	0.02405432
-273.33333343	0.01496177
-273.30000010	0.00595744
-273.26666677	-0.00246356
-273.23333343	-0.00889811
-273.20000010	-0.01344993
-273.16666677	-0.01660354
-273.13333343	-0.01840993
-273.10000010	-0.01966161
-273.06666677	-0.02066864
-273.03333343	-0.02138191
-273.00000010	-0.02175355
-272.96666677	-0.02247691
-272.93333343	-0.02272085
-272.90000010	-0.02250096
-272.86666677	-0.02229054
-272.83333343	-0.02195564
-272.80000010	-0.02165312
-272.76666677	-0.02236734
-272.73333343	-0.02374731
-272.70000010	-0.02538547
-272.66666677	-0.02652818
-272.63333343	-0.02661587
-272.60000010	-0.02445508
-272.56666677	-0.02018789
-272.53333343	-0.01421972
-272.50000010	-0.00694156
-272.46666677	-0.00004724
-272.43333343	0.00600900
-272.40000010	0.00974085
-272.36666677	0.01152097
-272.33333344	0.01119936
-272.30000010	0.00867009
-272.26666677	0.00508709
-272.23333344	0.00076621
-272.20000010	-0.00413870
-272.16666677	-0.00816058
-272.13333344	-0.01142892
-272.10000010	-0.01305433
-272.06666677	-0.01280278
-272.03333344	-0.01049087
-272.00000010	-0.00744454
-271.96666677	-0.00344052
-271.93333344	-0.00020410
-271.90000010	0.00210530
-271.86666677	0.00347627
-271.83333344	0.00450740
-271.80000010	0.00573642
-271.76666677	0.00792627
-271.73333344	0.01088498
-271.70000010	0.01432591
-271.66666677	0.01691605
-271.63333344	0.01815997
-271.60000010	0.01682576
-271.56666677	0.01285987
-271.53333344	0.00631147
-271.50000010	-0.00208148
-271.46666677	-0.01090292
-271.43333344	-0.01898324
-271.40000010	-0.02614230
-271.36666677	-0.03083614
-271.33333344	-0.03362369
-271.30000010	-0.03388586
-271.26666677	-0.03313841
-271.23333344	-0.03105743
-271.20000010	-0.02858449
-271.16666677	-0.02511427
-271.13333344	-0.02219708
-271.10000010	-0.01878914
-271.06666677	-0.01452018
-271.03333344	-0.01010942
-271.00000010	-0.00475802
-270.96666677	-0.00015984
-270.93333344	0.00388694
-270.90000010	0.00652094
-270.86666677	0.00685575
-270.83333344	0.00609885
-270.80000010	0.00330391
-270.76666677	0.00015773
-270.73333344	-0.00210077
-270.70000010	-0.00239183
-270.66666677	-0.00118005
-270.63333344	0.00225561
-270.60000010	0.00732655
-270.56666677	0.01346809
-270.53333344	0.01929110
-270.50000011	0.02415315
-270.46666677	0.02653217
-270.43333344	0.02725116
-270.40000011	0.02532938
-270.36666677	0.02198909
-270.33333344	0.01692940
-270.30000011	0.01118776
-270.26666677	0.00526848
-270.23333344	-0.00022499
-270.20000011	-0.00488045
-270.16666677	-0.00830144
-270.13333344	-0.01068611
-270.10000011	-0.01242640
-270.06666677	-0.01194587
-270.03333344	-0.01125560
-270.00000011	-0.00848508
-269.96666677	-0.00448469
-269.93333344	0.00068617
-269.90000011	0.00637446
-269.86666677	0.01254523
-269.83333344	0.01858386
-269.80000011	0.02383659
-269.76666677	0.02823770
-269.73333344	0.03124192
-269.70000011	0.03375956
-269.66666677	0.03525199
-269.63333344	0.03558829
-269.60000011	0.03477473
-269.56666677	0.03207264
-269.53333344	0.02758540
-269.50000011	0.02092412
-269.46666677	0.01250069
-269.43333344	0.00284716
-269.40000011	-0.00713165
-269.36666677	-0.01671298
-269.33333344	-0.02477312
-269.30000011	-0.03032466
-269.26666677	-0.03385417
-269.23333344	-0.03450267
-269.20000011	-0.03337160
-269.16666677	-0.03041435
-269.13333344	-0.02629443
-269.10000011	-0.02183288
-269.06666677	-0.01742764
-269.03333344	-0.01395791
-269.00000011	-0.01117457
-268.96666677	-0.00900178
-268.93333344	-0.00733285
-268.90000011	-0.00495646
-268.86666677	-0.00235855
-268.83333344	0.00077934
-268.80000011	0.00511948
-268.76666677	0.00912941
-268.73333344	0.01343288
-268.70000011	0.01628040
-268.66666677	0.01725409
-268.63333344	0.01678686
-268.60000011	0.01404503
-268.56666678	0.01042421
-268.53333344	0.00697870
-268.50000011	0.00447211
-268.46666678	0.00296444
-268.43333344	0.00313579
-268.40000011	0.00502522
-268.36666678	0.00796279
-268.33333344	0.01091504
-268.30000011	0.01382988
-268.26666678	0.01606103
-268.23333344	0.01748278
-268.20000011	0.01922699
-268.16666678	0.02037430
-268.13333344	0.02194292
-268.10000011	0.02310699
-268.06666678	0.02446499
-268.03333344	0.02550345
-268.00000011	0.02606293
-267.96666678	0.02586515
-267.93333344	0.02480570
-267.90000011	0.02292356
-267.86666678	0.02119347
-267.83333344	0.01994962
-267.80000011	0.01823934
-267.76666678	0.01752553
-267.73333344	0.01593913
-267.70000011	0.01448108
-267.66666678	0.01264108
-267.63333344	0.00969970
-267.60000011	0.00665926
-267.56666678	0.00335508
-267.53333344	0.00075075
-267.50000011	-0.00089907
-267.46666678	-0.00217810
-267.43333344	-0.00332327
-267.40000011	-0.00483787
-267.36666678	-0.00779352
-267.33333344	-0.01176216
-267.30000011	-0.01674341
-267.26666678	-0.02238251
-267.23333344	-0.02771588
-267.20000011	-0.03231414
-267.16666678	-0.03511174
-267.13333344	-0.03698808
-267.10000011	-0.03784728
-267.06666678	-0.03870521
-267.03333344	-0.04043637
-267.00000011	-0.04432024
-266.96666678	-0.05007429
-266.93333344	-0.05869243
-266.90000011	-0.06955809
-266.86666678	-0.08214783
-266.83333344	-0.09583878
-266.80000011	-0.10867749
-266.76666678	-0.11900092
-266.73333345	-0.12464567
-266.70000011	-0.12505850
-266.66666678	-0.11850149
-266.63333345	-0.10472344
-266.60000011	-0.08458150
-266.56666678	-0.05899068
-266.53333345	-0.02959789
-266.50000011	0.00004398
-266.46666678	0.02973221
-266.43333345	0.05667777
-266.40000011	0.07964957
-266.36666678	0.09846841
-266.33333345	0.11292146
-266.30000011	0.12249795
-266.26666678	0.12752363
-266.23333345	0.12839740
-266.20000011	0.12583198
-266.16666678	0.12007220
-266.13333345	0.11240814
-266.10000011	0.10325078
-266.06666678	0.09373042
-266.03333345	0.08351454
-266.00000011	0.07350902
-265.96666678	0.06255419
-265.93333345	0.05039944
-265.90000011	0.03685256
-265.86666678	0.02259275
-265.83333345	0.00841373
-265.80000011	-0.00443237
-265.76666678	-0.01513940
-265.73333345	-0.02237776
-265.70000011	-0.02677591
-265.66666678	-0.02842861
-265.63333345	-0.02769810
-265.60000011	-0.02582114
-265.56666678	-0.02372212
-265.53333345	-0.02141981
-265.50000011	-0.02004785
-265.46666678	-0.02000342
-265.43333345	-0.02059377
-265.40000011	-0.02227508
-265.36666678	-0.02501858
-265.33333345	-0.02751385
-265.30000011	-0.02996780
-265.26666678	-0.03060629
-265.23333345	-0.02936305
-265.20000011	-0.02548559
-265.16666678	-0.01907121
-265.13333345	-0.01016913
-265.10000011	0.00042093
-265.06666678	0.01113390
-265.03333345	0.02121931
-265.00000011	0.02841910
-264.96666678	0.03262406
-264.93333345	0.03303895
-264.90000012	0.02882320
-264.86666678	0.02140922
-264.83333345	0.01153835
-264.80000012	-0.00031834
-264.76666678	-0.01222531
-264.73333345	-0.02394903
-264.70000012	-0.03389609
-264.66666678	-0.04083301
-264.63333345	-0.04438453
-264.60000012	-0.04363520
-264.56666678	-0.03790947
-264.53333345	-0.02829544
-264.50000012	-0.01489492
-264.46666678	0.00055702
-264.43333345	0.01665853
-264.40000012	0.03198251
-264.36666678	0.04443480
-264.33333345	0.05303601
-264.30000012	0.05664686
-264.26666678	0.05512310
-264.23333345	0.04935124
-264.20000012	0.04045989
-264.16666678	0.02886627
-264.13333345	0.01702136
-264.10000012	0.00558172
-264.06666678	-0.00460911
-264.03333345	-0.01264540
-264.00000012	-0.01824859
-263.96666678	-0.02146397
-263.93333345	-0.02272300
-263.90000012	-0.02201063
-263.86666678	-0.02129169
-263.83333345	-0.02095789
-263.80000012	-0.02107281
-263.76666678	-0.02236145
-263.73333345	-0.02556744
-263.70000012	-0.02954176
-263.66666678	-0.03417893
-263.63333345	-0.03878010
-263.60000012	-0.04158700
-263.56666678	-0.04207834
-263.53333345	-0.04003176
-263.50000012	-0.03503714
-263.46666678	-0.02660528
-263.43333345	-0.01566893
-263.40000012	-0.00312166
-263.36666678	0.01070267
-263.33333345	0.02409572
-263.30000012	0.03570835
-263.26666678	0.04485437
-263.23333345	0.05037231
-263.20000012	0.05144578
-263.16666678	0.04857131
-263.13333345	0.04202217
-263.10000012	0.03166976
-263.06666678	0.01921907
-263.03333345	0.00513091
-263.00000012	-0.00941375
-262.96666679	-0.02363126
-262.93333345	-0.03587550
-262.90000012	-0.04528022
-262.86666679	-0.05078803
-262.83333345	-0.05106293
-262.80000012	-0.04551754
-262.76666679	-0.03445817
-262.73333345	-0.01882300
-262.70000012	0.00027703
-262.66666679	0.02061939
-262.63333345	0.03901593
-262.60000012	0.05478446
-262.56666679	0.06502028
-262.53333345	0.06938178
-262.50000012	0.06654002
-262.46666679	0.05816343
-262.43333345	0.04458858
-262.40000012	0.02809813
-262.36666679	0.01064599
-262.33333345	-0.00649559
-262.30000012	-0.02143678
-262.26666679	-0.03336861
-262.23333345	-0.04223906
-262.20000012	-0.04759619
-262.16666679	-0.04993170
-262.13333345	-0.05094411
-262.10000012	-0.04999304
-262.06666679	-0.04792646
-262.03333345	-0.04550791
-262.00000012	-0.04219307
-261.96666679	-0.03801219
-261.93333345	-0.03267003
-261.90000012	-0.02644010
-261.86666679	-0.01945332
-261.83333345	-0.01211890
-261.80000012	-0.00400109
-261.76666679	0.00345105
-261.73333345	0.00978075
-261.70000012	0.01506170
-261.66666679	0.01873831
-261.63333345	0.02099355
-261.60000012	0.02124544
-261.56666679	0.02019101
-261.53333345	0.01812748
-261.50000012	0.01558285
-261.46666679	0.01308201
-261.43333345	0.01085692
-261.40000012	0.00894364
-261.36666679	0.00746882
-261.33333345	0.00558652
-261.30000012	0.00242640
-261.26666679	-0.00152906
-261.23333345	-0.00664992
-261.20000012	-0.01274648
-261.16666679	-0.01969519
-261.13333346	-0.02549203
-261.10000012	-0.02959116
-261.06666679	-0.03104705
-261.03333346	-0.03026321
-261.00000012	-0.02625037
-260.96666679	-0.01970323
-260.93333346	-0.01135487
-260.90000012	-0.00181371
-260.86666679	0.00755191
-260.83333346	0.01664803
-260.80000012	0.02377491
-260.76666679	0.02895669
-260.73333346	0.03192353
-260.70000012	0.03287335
-260.66666679	0.03093717
-260.63333346	0.02655244
-260.60000012	0.02026606
-260.56666679	0.01262894
-260.53333346	0.00396929
-260.50000012	-0.00397958
-260.46666679	-0.01078644
-260.43333346	-0.01623303
-260.40000012	-0.01897079
-260.36666679	-0.01945580
-260.33333346	-0.01819011
-260.30000012	-0.01595269
-260.26666679	-0.01297405
-260.23333346	-0.01019441
-260.20000012	-0.00793645
-260.16666679	-0.00696758
-260.13333346	-0.00656908
-260.10000012	-0.00702887
-260.06666679	-0.00777779
-260.03333346	-0.00880317
-260.00000012	-0.00921013
-259.96666679	-0.00914023
-259.93333346	-0.00815026
-259.90000012	-0.00623551
-259.86666679	-0.00346611
-259.83333346	-0.00008937
-259.80000012	0.00392422
-259.76666679	0.00746064
-259.73333346	0.01046788
-259.70000012	0.01280861
-259.66666679	0.01388922
-259.63333346	0.01406148
-259.60000012	0.01217303
-259.56666679	0.00898737
-259.53333346	0.00449751
-259.50000012	-0.00116207
-259.46666679	-0.00769285
-259.43333346	-0.01422541
-259.40000012	-0.02065412
-259.36666679	-0.02612044
-259.33333346	-0.02972082
-259.30000012	-0.03108597
-259.26666679	-0.02983940
-259.23333346	-0.02543266
-259.20000013	-0.01816006
-259.16666679	-0.00865669
-259.13333346	0.00279405
-259.10000013	0.01493792
-259.06666679	0.02609131
-259.03333346	0.03527185
-259.00000013	0.04041433
-258.96666679	0.04250918
-258.93333346	0.03956284
-258.90000013	0.03375144
-258.86666679	0.02499148
-258.83333346	0.01494377
-258.80000013	0.00415221
-258.76666679	-0.00548539
-258.73333346	-0.01418102
-258.70000013	-0.02123495
-258.66666679	-0.02619458
-258.63333346	-0.02906186
-258.60000013	-0.02891164
-258.56666679	-0.02681592
-258.53333346	-0.02271156
-258.50000013	-0.01712119
-258.46666679	-0.01185961
-258.43333346	-0.00728097
-258.40000013	-0.00376232
-258.36666679	-0.00203007
-258.33333346	-0.00145516
-258.30000013	-0.00250184
-258.26666679	-0.00417635
-258.23333346	-0.00568748
-258.20000013	-0.00691751
-258.16666679	-0.00786066
-258.13333346	-0.00808736
-258.10000013	-0.00831812
-258.06666679	-0.00799225
-258.03333346	-0.00785242
-258.00000013	-0.00720746
-257.96666679	-0.00651830
-257.93333346	-0.00582898
-257.90000013	-0.00537351
-257.86666679	-0.00453682
-257.83333346	-0.00321624
-257.80000013	-0.00212706
-257.76666679	-0.00016386
-257.73333346	0.00176017
-257.70000013	0.00408283
-257.66666679	0.00669101
-257.63333346	0.00868839
-257.60000013	0.01137801
-257.56666679	0.01311699
-257.53333346	0.01475175
-257.50000013	0.01577412
-257.46666679	0.01677719
-257.43333346	0.01687565
-257.40000013	0.01610880
-257.36666680	0.01459462
-257.33333346	0.01247106
-257.30000013	0.00937179
-257.26666680	0.00569255
-257.23333346	0.00154853
-257.20000013	-0.00227264
-257.16666680	-0.00578782
-257.13333346	-0.00896382
-257.10000013	-0.01142001
-257.06666680	-0.01318876
-257.03333346	-0.01400279
-257.00000013	-0.01400363
-256.96666680	-0.01371283
-256.93333346	-0.01257550
-256.90000013	-0.01097117
-256.86666680	-0.00944673
-256.83333346	-0.00841111
-256.80000013	-0.00689465
-256.76666680	-0.00599968
-256.73333346	-0.00584781
-256.70000013	-0.00575960
-256.66666680	-0.00562099
-256.63333346	-0.00576000
-256.60000013	-0.00630817
-256.56666680	-0.00747952
-256.53333346	-0.00843326
-256.50000013	-0.00990313
-256.46666680	-0.01098804
-256.43333346	-0.01133365
-256.40000013	-0.01048832
-256.36666680	-0.00826054
-256.33333346	-0.00519352
-256.30000013	-0.00117304
-256.26666680	0.00305563
-256.23333346	0.00642204
-256.20000013	0.00861792
-256.16666680	0.00917216
-256.13333346	0.00829047
-256.10000013	0.00673542
-256.06666680	0.00479828
-256.03333346	0.00282626
-256.00000013	0.00098087
-255.96666680	-0.00048383
-255.93333346	-0.00119531
-255.90000013	-0.00182712
-255.86666680	-0.00213905
-255.83333346	-0.00239494
-255.80000013	-0.00255552
-255.76666680	-0.00208629
-255.73333346	-0.00083538
-255.70000013	0.00118240
-255.66666680	0.00399130
-255.63333346	0.00753232
-255.60000013	0.01118380
-255.56666680	0.01444637
-255.53333347	0.01713933
-255.50000013	0.01801797
-255.46666680	0.01757691
-255.43333347	0.01586561
-255.40000013	0.01298147
-255.36666680	0.00926979
-255.33333347	0.00489494
-255.30000013	0.00118399
-255.26666680	-0.00327617
-255.23333347	-0.00711068
-255.20000013	-0.01081402
-255.16666680	-0.01391858
-255.13333347	-0.01521945
-255.10000013	-0.01606225
-255.06666680	-0.01491235
-255.03333347	-0.01200277
-255.00000013	-0.00833904
-254.96666680	-0.00389966
-254.93333347	0.00031676
-254.90000013	0.00392895
-254.86666680	0.00529223
-254.83333347	0.00520556
-254.80000013	0.00288205
-254.76666680	-0.00077251
-254.73333347	-0.00607416
-254.70000013	-0.01121294
-254.66666680	-0.01551738
-254.63333347	-0.01968057
-254.60000013	-0.02202300
-254.56666680	-0.02269985
-254.53333347	-0.02172319
-254.50000013	-0.01946879
-254.46666680	-0.01529650
-254.43333347	-0.01014629
-254.40000013	-0.00427372
-254.36666680	0.00178073
-254.33333347	0.00772099
-254.30000013	0.01262733
-254.26666680	0.01677989
-254.23333347	0.01921147
-254.20000013	0.01978014
-254.16666680	0.01931405
-254.13333347	0.01773279
-254.10000013	0.01575590
-254.06666680	0.01372691
-254.03333347	0.01230555
-254.00000013	0.01198346
-253.96666680	0.01268658
-253.93333347	0.01409249
-253.90000013	0.01545481
-253.86666680	0.01697434
-253.83333347	0.01737151
-253.80000013	0.01658980
-253.76666680	0.01410849
-253.73333347	0.00943323
-253.70000013	0.00329721
-253.66666680	-0.00339708
-253.63333347	-0.01058304
-253.60000014	-0.01643617
-253.56666680	-0.02100312
-253.53333347	-0.02271204
-253.50000014	-0.02187542
-253.46666680	-0.01828142
-253.43333347	-0.01239174
-253.40000014	-0.00489258
-253.36666680	0.00316140
-253.33333347	0.01014246
-253.30000014	0.01600886
-253.26666680	0.01909502
-253.23333347	0.01970567
-253.20000014	0.01671756
-253.16666680	0.01108850
-253.13333347	0.00441939
-253.10000014	-0.00334178
-253.06666680	-0.01054696
-253.03333347	-0.01604151
-253.00000014	-0.02016617
-252.96666680	-0.02155538
-252.93333347	-0.02115939
-252.90000014	-0.01924880
-252.86666680	-0.01656083
-252.83333347	-0.01402965
-252.80000014	-0.01172039
-252.76666680	-0.01002178
-252.73333347	-0.00949589
-252.70000014	-0.00896840
-252.66666680	-0.00910798
-252.63333347	-0.00904764
-252.60000014	-0.00835038
-252.56666680	-0.00696181
-252.53333347	-0.00536297
-252.50000014	-0.00219845
-252.46666680	0.00087565
-252.43333347	0.00424458
-252.40000014	0.00770110
-252.36666680	0.01107698
-252.33333347	0.01428581
-252.30000014	0.01720206
-252.26666680	0.01996184
-252.23333347	0.02229814
-252.20000014	0.02462007
-252.16666680	0.02595701
-252.13333347	0.02626485
-252.10000014	0.02506881
-252.06666680	0.02298971
-252.03333347	0.01871138
-252.00000014	0.01429169
-251.96666680	0.00856293
-251.93333347	0.00280451
-251.90000014	-0.00275958
-251.86666680	-0.00796181
-251.83333347	-0.01172895
-251.80000014	-0.01490781
-251.76666681	-0.01622325
-251.73333347	-0.01679377
-251.70000014	-0.01544506
-251.66666681	-0.01351702
-251.63333347	-0.00991338
-251.60000014	-0.00665514
-251.56666681	-0.00254989
-251.53333347	0.00132408
-251.50000014	0.00429873
-251.46666681	0.00688622
-251.43333347	0.00908088
-251.40000014	0.01006237
-251.36666681	0.01031542
-251.33333347	0.00992530
-251.30000014	0.00877775
-251.26666681	0.00758014
-251.23333347	0.00597894
-251.20000014	0.00438230
-251.16666681	0.00248027
-251.13333347	0.00144727
-251.10000014	0.00017930
-251.06666681	-0.00208560
-251.03333347	-0.00429107
-251.00000014	-0.00735500
-250.96666681	-0.01102410
-250.93333347	-0.01515205
-250.90000014	-0.01866559
-250.86666681	-0.02141089
-250.83333347	-0.02308172
-250.80000014	-0.02291242
-250.76666681	-0.02123950
-250.73333347	-0.01742622
-250.70000014	-0.01172821
-250.66666681	-0.00441762
-250.63333347	0.00465558
-250.60000014	0.01373859
-250.56666681	0.02277638
-250.53333347	0.03061454
-250.50000014	0.03580686
-250.46666681	0.03773914
-250.43333347	0.03707892
-250.40000014	0.03324860
-250.36666681	0.02627016
-250.33333347	0.01732558
-250.30000014	0.00801056
-250.26666681	-0.00163511
-250.23333347	-0.01027938
-250.20000014	-0.01745867
-250.16666681	-0.02274076
-250.13333347	-0.02592760
-250.10000014	-0.02742503
-250.06666681	-0.02713605
-250.03333347	-0.02505939
-250.00000014	-0.02191915
-249.96666681	-0.01791303
-249.93333348	-0.01299718
-249.90000014	-0.00717359
-249.86666681	-0.00131971
-249.83333348	0.00413740
-249.80000014	0.01009178
-249.76666681	0.01497791
-249.73333348	0.01898164
-249.70000014	0.02168700
-249.66666681	0.02298315
-249.63333348	0.02231495
-249.60000014	0.02044900
-249.56666681	0.01720835
-249.53333348	0.01233284
-249.50000014	0.00709290
-249.46666681	0.00153680
-249.43333348	-0.00398194
-249.40000014	-0.00922968
-249.36666681	-0.01372643
-249.33333348	-0.01689549
-249.30000014	-0.01877168
-249.26666681	-0.01974869
-249.23333348	-0.01983392
-249.20000014	-0.01955501
-249.16666681	-0.01931283
-249.13333348	-0.01905639
-249.10000014	-0.01939671
-249.06666681	-0.01960367
-249.03333348	-0.01999042
-249.00000014	-0.01914506
-248.96666681	-0.01695633
-248.93333348	-0.01292975
-248.90000014	-0.00820980
-248.86666681	-0.00211218
-248.83333348	0.00389246
-248.80000014	0.00924028
-248.76666681	0.01281569
-248.73333348	0.01500027
-248.70000014	0.01547992
-248.66666681	0.01448563
-248.63333348	0.01227420
-248.60000014	0.00947583
-248.56666681	0.00659373
-248.53333348	0.00528766
-248.50000014	0.00363793
-248.46666681	0.00286141
-248.43333348	0.00284521
-248.40000014	0.00237505
-248.36666681	0.00210429
-248.33333348	0.00171763
-248.30000014	0.00086903
-248.26666681	0.00001409
-248.23333348	-0.00143231
-248.20000014	-0.00260912
-248.16666681	-0.00422933
-248.13333348	-0.00464401
-248.10000014	-0.00411482
-248.06666681	-0.00362495
-248.03333348	-0.00212979
-248.00000015	-0.00012434
-247.96666681	0.00121670
-247.93333348	0.00198644
-247.90000015	0.00262608
-247.86666681	0.00175287
-247.83333348	0.00068279
-247.80000015	-0.00088310
-247.76666681	-0.00210122
-247.73333348	-0.00321931
-247.70000015	-0.00416911
-247.66666681	-0.00466835
-247.63333348	-0.00518639
-247.60000015	-0.00600540
-247.56666681	-0.00688908
-247.53333348	-0.00803072
-247.50000015	-0.00928244
-247.46666681	-0.01117132
-247.43333348	-0.01267645
-247.40000015	-0.01357014
-247.36666681	-0.01431304
-247.33333348	-0.01484026
-247.30000015	-0.01450120
-247.26666681	-0.01298401
-247.23333348	-0.01040973
-247.20000015	-0.00703195
-247.16666681	-0.00246772
-247.13333348	0.00279322
-247.10000015	0.00885221
-247.06666681	0.01475675
-247.03333348	0.02048030
-247.00000015	0.02570187
-246.96666681	0.02941805
-246.93333348	0.03150624
-246.90000015	0.03198971
-246.86666681	0.03031742
-246.83333348	0.02675358
-246.80000015	0.02126931
-246.76666681	0.01574318
-246.73333348	0.00989819
-246.70000015	0.00462574
-246.66666681	0.00048125
-246.63333348	-0.00265363
-246.60000015	-0.00402460
-246.56666681	-0.00468097
-246.53333348	-0.00438519
-246.50000015	-0.00337595
-246.46666681	-0.00244288
-246.43333348	-0.00080646
-246.40000015	0.00119993
-246.36666681	0.00290254
-246.33333348	0.00456416
-246.30000015	0.00623380
-246.26666681	0.00740169
-246.23333348	0.00792870
-246.20000015	0.00829454
-246.16666682	0.00840627
-246.13333348	0.00758494
-246.10000015	0.00609198
-246.06666682	0.00375427
-246.03333348	0.00124190
-246.00000015	-0.00285953
-245.96666682	-0.00673142
-245.93333348	-0.01066263
-245.90000015	-0.01426236
-245.86666682	-0.01718333
-245.83333348	-0.01883749
-245.80000015	-0.01890811
-245.76666682	-0.01778173
-245.73333348	-0.01491285
-245.70000015	-0.01093842
-245.66666682	-0.00650932
-245.63333348	-0.00212926
-245.60000015	0.00267563
-245.56666682	0.00562601
-245.53333348	0.00773591
-245.50000015	0.00809497
-245.46666682	0.00650386
-245.43333348	0.00359774
-245.40000015	0.00011850
-245.36666682	-0.00318214
-245.33333348	-0.00632420
-245.30000015	-0.00839453
-245.26666682	-0.00862479
-245.23333348	-0.00797240
-245.20000015	-0.00595332
-245.16666682	-0.00328353
-245.13333348	-0.00046827
-245.10000015	0.00201375
-245.06666682	0.00402608
-245.03333348	0.00468059
-245.00000015	0.00481637
-244.96666682	0.00427467
-244.93333348	0.00344861
-244.90000015	0.00230085
-244.86666682	0.00139282
-244.83333348	0.00083047
-244.80000015	0.00022461
-244.76666682	0.00042524
-244.73333348	0.00118513
-244.70000015	0.00193750
-244.66666682	0.00304794
-244.63333348	0.00420494
-244.60000015	0.00453397
-244.56666682	0.00554327
-244.53333348	0.00550663
-244.50000015	0.00538791
-244.46666682	0.00464882
-244.43333348	0.00324597
-244.40000015	0.00209573
-244.36666682	0.00103358
-244.33333348	0.00031495
-244.30000015	-0.00010377
-244.26666682	0.00032257
-244.23333349	0.00128616
-244.20000015	0.00190224
-244.16666682	0.00255712
-244.13333349	0.00237023
-244.10000015	0.00107293
-244.06666682	-0.00066441
-244.03333349	-0.00311763
-244.00000015	-0.00605557
-243.96666682	-0.00890271
-243.93333349	-0.01167854
-243.90000015	-0.01388424
-243.86666682	-0.01538010
-243.83333349	-0.01645450
-243.80000015	-0.01730688
-243.76666682	-0.01820293
-243.73333349	-0.01850349
-243.70000015	-0.01925938
-243.66666682	-0.01923656
-243.63333349	-0.01884924
-243.60000015	-0.01741851
-243.56666682	-0.01511566
-243.53333349	-0.01183741
-243.50000015	-0.00763915
-243.46666682	-0.00333095
-243.43333349	0.00132037
-243.40000015	0.00520971
-243.36666682	0.00882680
-243.33333349	0.01103029
-243.30000015	0.01214820
-243.26666682	0.01270777
-243.23333349	0.01212365
-243.20000015	0.01070080
-243.16666682	0.00869317
-243.13333349	0.00624922
-243.10000015	0.00375312
-243.06666682	0.00093629
-243.03333349	-0.00141928
-243.00000015	-0.00329939
-242.96666682	-0.00448546
-242.93333349	-0.00527537
-242.90000015	-0.00487443
-242.86666682	-0.00382585
-242.83333349	-0.00245781
-242.80000015	-0.00071181
-242.76666682	0.00088471
-242.73333349	0.00218973
-242.70000015	0.00275505
-242.66666682	0.00298431
-242.63333349	0.00270610
-242.60000015	0.00200841
-242.56666682	0.00073146
-242.53333349	-0.00029978
-242.50000015	-0.00211267
-242.46666682	-0.00383549
-242.43333349	-0.00581305
-242.40000016	-0.00725989
-242.36666682	-0.00858743
-242.33333349	-0.00956228
-242.30000016	-0.00989325
-242.26666682	-0.01006753
-242.23333349	-0.00946209
-242.20000016	-0.00857914
-242.16666682	-0.00727656
-242.13333349	-0.00551996
-242.10000016	-0.00342088
-242.06666682	-0.00087288
-242.03333349	0.00093748
-242.00000016	0.00283835
-241.96666682	0.00411275
-241.93333349	0.00500639
-241.90000016	0.00505440
-241.86666682	0.00486847
-241.83333349	0.00416931
-241.80000016	0.00367682
-241.76666682	0.00346508
-241.73333349	0.00367474
-241.70000016	0.00439585
-241.66666682	0.00523812
-241.63333349	0.00716469
-241.60000016	0.00991020
-241.56666682	0.01262138
-241.53333349	0.01480120
-241.50000016	0.01716311
-241.46666682	0.01920424
-241.43333349	0.02106958
-241.40000016	0.02241820
-241.36666682	0.02301242
-241.33333349	0.02340192
-241.30000016	0.02305454
-241.26666682	0.02253615
-241.23333349	0.02123818
-241.20000016	0.01875201
-241.16666682	0.01616675
-241.13333349	0.01224445
-241.10000016	0.00824876
-241.06666682	0.00456181
-241.03333349	0.00048637
-241.00000016	-0.00238217
-240.96666682	-0.00471625
-240.93333349	-0.00619608
-240.90000016	-0.00640671
-240.86666682	-0.00586054
-240.83333349	-0.00514907
-240.80000016	-0.00420971
-240.76666682	-0.00347491
-240.73333349	-0.00204214
-240.70000016	-0.00121137
-240.66666682	-0.00125825
-240.63333349	-0.00131157
-240.60000016	-0.00150758
-240.56666683	-0.00243510
-240.53333349	-0.00358680
-240.50000016	-0.00497154
-240.46666683	-0.00655215
-240.43333349	-0.00810016
-240.40000016	-0.00971296
-240.36666683	-0.01100752
-240.33333349	-0.01239939
-240.30000016	-0.01358371
-240.26666683	-0.01443532
-240.23333349	-0.01510058
-240.20000016	-0.01622330
-240.16666683	-0.01645789
-240.13333349	-0.01677422
-240.10000016	-0.01698427
-240.06666683	-0.01698981
-240.03333349	-0.01691413
-240.00000016	-0.01689017
-239.96666683	-0.01702044
-239.93333349	-0.01772165
-239.90000016	-0.01815188
-239.86666683	-0.01878425
-239.83333349	-0.01914505
-239.80000016	-0.02000526
-239.76666683	-0.02070770
-239.73333349	-0.02078721
-239.70000016	-0.02088187
-239.66666683	-0.02068496
-239.63333349	-0.01979605
-239.60000016	-0.01921587
-239.56666683	-0.01838778
-239.53333349	-0.01726242
-239.50000016	-0.01653237
-239.46666683	-0.01537527
-239.43333349	-0.01373862
-239.40000016	-0.01208759
-239.36666683	-0.00973283
-239.33333349	-0.00725669
-239.30000016	-0.00524199
-239.26666683	-0.00356951
-239.23333349	-0.00251583
-239.20000016	-0.00285638
-239.16666683	-0.00410551
-239.13333349	-0.00656013
-239.10000016	-0.01000566
-239.06666683	-0.01365088
-239.03333349	-0.01708138
-239.00000016	-0.02009351
-238.96666683	-0.02233132
-238.93333349	-0.02355491
-238.90000016	-0.02431582
-238.86666683	-0.02418283
-238.83333349	-0.02297544
-238.80000016	-0.02163042
-238.76666683	-0.02011959
-238.73333349	-0.01855850
-238.70000016	-0.01746822
-238.66666683	-0.01695496
-238.63333350	-0.01656280
-238.60000016	-0.01669391
-238.56666683	-0.01640469
-238.53333350	-0.01533867
-238.50000016	-0.01328285
-238.46666683	-0.01088678
-238.43333350	-0.00749658
-238.40000016	-0.00380581
-238.36666683	-0.00012364
-238.33333350	0.00277537
-238.30000016	0.00418591
-238.26666683	0.00390251
-238.23333350	0.00227169
-238.20000016	-0.00113014
-238.16666683	-0.00553921
-238.13333350	-0.01017568
-238.10000016	-0.01463382
-238.06666683	-0.01746619
-238.03333350	-0.01890858
-238.00000016	-0.01838308
-237.96666683	-0.01596594
-237.93333350	-0.01161043
-237.90000016	-0.00634775
-237.86666683	0.00025363
-237.83333350	0.00713543
-237.80000016	0.01345066
-237.76666683	0.01939583
-237.73333350	0.02450172
-237.70000016	0.02839153
-237.66666683	0.03120215
-237.63333350	0.03265442
-237.60000016	0.03278965
-237.56666683	0.03129548
-237.53333350	0.02843546
-237.50000016	0.02417102
-237.46666683	0.01971137
-237.43333350	0.01438515
-237.40000016	0.00893978
-237.36666683	0.00417109
-237.33333350	0.00002010
-237.30000016	-0.00300189
-237.26666683	-0.00518853
-237.23333350	-0.00586348
-237.20000016	-0.00572372
-237.16666683	-0.00482583
-237.13333350	-0.00321585
-237.10000016	-0.00176333
-237.06666683	0.00011127
-237.03333350	0.00156144
-237.00000016	0.00266425
-236.96666683	0.00313485
-236.93333350	0.00333011
-236.90000016	0.00300978
-236.86666683	0.00249190
-236.83333350	0.00188530
-236.80000017	0.00192547
-236.76666683	0.00237025
-236.73333350	0.00385763
-236.70000017	0.00624168
-236.66666683	0.00878312
-236.63333350	0.01158552
-236.60000017	0.01355440
-236.56666683	0.01468621
-236.53333350	0.01451076
-236.50000017	0.01334702
-236.46666683	0.01107605
-236.43333350	0.00809273
-236.40000017	0.00492679
-236.36666683	0.00251104
-236.33333350	0.00054317
-236.30000017	-0.00021043
-236.26666683	-0.00033496
-236.23333350	0.00084740
-236.20000017	0.00193898
-236.16666683	0.00328898
-236.13333350	0.00471410
-236.10000017	0.00603076
-236.06666683	0.00694871
-236.03333350	0.00808297
-236.00000017	0.00915824
-235.96666683	0.01052434
-235.93333350	0.01181693
-235.90000017	0.01330334
-235.86666683	0.01379659
-235.83333350	0.01432792
-235.80000017	0.01333985
-235.76666683	0.01195438
-235.73333350	0.00965967
-235.70000017	0.00700810
-235.66666683	0.00396633
-235.63333350	0.00112992
-235.60000017	-0.00182194
-235.56666683	-0.00444796
-235.53333350	-0.00642838
-235.50000017	-0.00850655
-235.46666683	-0.00931193
-235.43333350	-0.01013394
-235.40000017	-0.00982842
-235.36666683	-0.00844852
-235.33333350	-0.00629510
-235.30000017	-0.00337422
-235.26666683	0.00040086
-235.23333350	0.00409989
-235.20000017	0.00834969
-235.16666683	0.01232215
-235.13333350	0.01654808
-235.10000017	0.01984140
-235.06666683	0.02291028
-235.03333350	0.02503869
-235.00000017	0.02656225
-234.96666684	0.02693809
-234.93333350	0.02595203
-234.90000017	0.02426834
-234.86666684	0.02144014
-234.83333350	0.01780159
-234.80000017	0.01366094
-234.76666684	0.00903171
-234.73333350	0.00444597
-234.70000017	-0.00011223
-234.66666684	-0.00445284
-234.63333350	-0.00813378
-234.60000017	-0.01127331
-234.56666684	-0.01291419
-234.53333350	-0.01371206
-234.50000017	-0.01268823
-234.46666684	-0.01032055
-234.43333350	-0.00692090
-234.40000017	-0.00215998
-234.36666684	0.00288371
-234.33333350	0.00825006
-234.30000017	0.01373488
-234.26666684	0.01887152
-234.23333350	0.02288170
-234.20000017	0.02611762
-234.16666684	0.02857315
-234.13333350	0.02971159
-234.10000017	0.02978245
-234.06666684	0.02888186
-234.03333350	0.02706689
-234.00000017	0.02482357
-233.96666684	0.02153347
-233.93333350	0.01735396
-233.90000017	0.01305960
-233.86666684	0.00874947
-233.83333350	0.00445664
-233.80000017	0.00133773
-233.76666684	-0.00120325
-233.73333350	-0.00246892
-233.70000017	-0.00219423
-233.66666684	-0.00093980
-233.63333350	0.00145519
-233.60000017	0.00496728
-233.56666684	0.00849523
-233.53333350	0.01266405
-233.50000017	0.01662023
-233.46666684	0.02046170
-233.43333350	0.02299662
-233.40000017	0.02486102
-233.36666684	0.02532519
-233.33333350	0.02399707
-233.30000017	0.02167688
-233.26666684	0.01776051
-233.23333350	0.01321154
-233.20000017	0.00852701
-233.16666684	0.00372004
-233.13333350	-0.00091927
-233.10000017	-0.00446596
-233.06666684	-0.00755193
-233.03333351	-0.00969625
-233.00000017	-0.01099729
-232.96666684	-0.01207497
-232.93333351	-0.01211382
-232.90000017	-0.01224576
-232.86666684	-0.01209941
-232.83333351	-0.01170431
-232.80000017	-0.01086807
-232.76666684	-0.00995073
-232.73333351	-0.00915567
-232.70000017	-0.00757278
-232.66666684	-0.00596472
-232.63333351	-0.00375551
-232.60000017	-0.00099079
-232.56666684	0.00167133
-232.53333351	0.00432380
-232.50000017	0.00666199
-232.46666684	0.00917396
-232.43333351	0.01068516
-232.40000017	0.01176689
-232.36666684	0.01178096
-232.33333351	0.01172560
-232.30000017	0.01043643
-232.26666684	0.00879742
-232.23333351	0.00683053
-232.20000017	0.00468160
-232.16666684	0.00278903
-232.13333351	0.00050745
-232.10000017	-0.00135657
-232.06666684	-0.00317527
-232.03333351	-0.00476186
-232.00000017	-0.00652899
-231.96666684	-0.00816219
-231.93333351	-0.00962885
-231.90000017	-0.01102177
-231.86666684	-0.01204994
-231.83333351	-0.01246811
-231.80000017	-0.01261057
-231.76666684	-0.01197466
-231.73333351	-0.01117394
-231.70000017	-0.00932678
-231.66666684	-0.00743134
-231.63333351	-0.00549981
-231.60000017	-0.00405759
-231.56666684	-0.00306939
-231.53333351	-0.00229960
-231.50000017	-0.00176917
-231.46666684	-0.00177803
-231.43333351	-0.00195328
-231.40000017	-0.00200854
-231.36666684	-0.00183776
-231.33333351	-0.00194205
-231.30000017	-0.00137487
-231.26666684	-0.00105647
-231.23333351	-0.00086517
-231.20000018	-0.00128094
-231.16666684	-0.00168656
-231.13333351	-0.00239680
-231.10000018	-0.00323375
-231.06666684	-0.00465763
-231.03333351	-0.00535126
-231.00000018	-0.00614461
-230.96666684	-0.00612474
-230.93333351	-0.00569684
-230.90000018	-0.00527883
-230.86666684	-0.00381377
-230.83333351	-0.00246053
-230.80000018	-0.00029635
-230.76666684	0.00155016
-230.73333351	0.00314700
-230.70000018	0.00506019
-230.66666684	0.00613641
-230.63333351	0.00655802
-230.60000018	0.00631537
-230.56666684	0.00506721
-230.53333351	0.00348726
-230.50000018	0.00154479
-230.46666684	-0.00074061
-230.43333351	-0.00289451
-230.40000018	-0.00435494
-230.36666684	-0.00550851
-230.33333351	-0.00641738
-230.30000018	-0.00645908
-230.26666684	-0.00648586
-230.23333351	-0.00582604
-230.20000018	-0.00522397
-230.16666684	-0.00424919
-230.13333351	-0.00344073
-230.10000018	-0.00249584
-230.06666684	-0.00139866
-230.03333351	-0.00036673
-230.00000018	0.00097805
-229.96666684	0.00188825
-229.93333351	0.00295332
-229.90000018	0.00360935
-229.86666684	0.00382451
-229.83333351	0.00396645
-229.80000018	0.00349954
-229.76666684	0.00262280
-229.73333351	0.00195757
-229.70000018	0.00085441
-229.66666684	0.00002823
-229.63333351	-0.00064314
-229.60000018	-0.00064224
-229.56666684	-0.00041538
-229.53333351	0.00016450
-229.50000018	0.00109033
-229.46666684	0.00222130
-229.43333351	0.00356908
-229.40000018	0.00448096
-229.36666684	0.00524953
-229.33333351	0.00533761
-229.30000018	0.00500454
-229.26666685	0.00423450
-229.23333351	0.00304146
-229.20000018	0.00160467
-229.16666685	0.00031679
-229.13333351	-0.00104580
-229.10000018	-0.00214439
-229.06666685	-0.00288887
-229.03333351	-0.00365999
-229.00000018	-0.00405749
-228.96666685	-0.00431540
-228.93333351	-0.00468044
-228.90000018	-0.00478307
-228.86666685	-0.00499188
-228.83333351	-0.00492326
-228.80000018	-0.00472515
-228.76666685	-0.00450063
-228.73333351	-0.00419701
-228.70000018	-0.00381172
-228.66666685	-0.00325689
-228.63333351	-0.00287490
-228.60000018	-0.00242436
-228.56666685	-0.00212975
-228.53333351	-0.00168770
-228.50000018	-0.00131337
-228.46666685	-0.00096343
-228.43333351	-0.00075304
-228.40000018	-0.00057122
-228.36666685	-0.00048813
-228.33333351	-0.00036628
-228.30000018	-0.00030093
-228.26666685	-0.00031644
-228.23333351	-0.00026049
-228.20000018	-0.00034266
-228.16666685	-0.00029590
-228.13333351	-0.00035970
-228.10000018	-0.00031297
-228.06666685	-0.00033052
-228.03333351	-0.00026605
-228.00000018	-0.00019866
-227.96666685	-0.00014432
-227.93333351	-0.00003410
-227.90000018	0.00005091
-227.86666685	0.00011060
-227.83333351	0.00015227
-227.80000018	0.00016364
-227.76666685	0.00018323
-227.73333351	0.00011936
-227.70000018	0.00008764
-227.66666685	0.00003136
-227.63333351	-0.00002379
-227.60000018	-0.00006780
-227.56666685	-0.00014060
-227.53333351	-0.00018686
-227.50000018	-0.00021643
-227.46666685	-0.00025674
-227.43333352	-0.00026410
-227.40000018	-0.00025792
-227.36666685	-0.00025614
-227.33333352	-0.00023148
-227.30000018	-0.00019956
-227.26666685	-0.00016541
-227.23333352	-0.00012385
-227.20000018	-0.00008766
-227.16666685	-0.00005639
-227.13333352	-0.00003155
-227.10000018	-0.00001391
-227.06666685	-0.00000502
-227.03333352	-0.00000021
-227.00000018	0.00000057
-226.96666685	0.00000032
-226.93333352	0.00000000
