# Menlo Systems GmbH ScanControl
# Program Version 1.3.3
# Start: -327.00000000 ps, Average over 100 waveforms. Timestamp: 2026-05-07T11:55:20
# Window type: Tukey, parameters: alpha = 0.1
# User time axis shift: 0 ps
# Frequency [THz]	THz Signal [a.u.]
0.00000000	-31.40042523
0.00732601	-41.81058717
0.01465201	-25.75278260
0.02197802	-24.94514656
0.02930403	-30.79782531
0.03663004	-34.36376462
0.04395604	-23.72967522
0.05128205	-20.27236463
0.05860806	-24.69263618
0.06593407	-20.38519460
0.07326007	-16.20893350
0.08058608	-22.40609394
0.08791209	-16.90565841
0.09523810	-10.38584033
0.10256410	-12.31531472
0.10989011	-15.36525093
0.11721612	-8.73586540
0.12454212	-8.20938666
0.13186813	-10.24483704
0.13919414	-7.73058698
0.14652015	-6.54552645
0.15384615	-7.73231984
0.16117216	-7.09321135
0.16849817	-5.22913937
0.17582418	-5.33501731
0.18315018	-6.38439031
0.19047619	-4.90484565
0.19780220	-3.69618407
0.20512821	-4.40452008
0.21245421	-4.97670814
0.21978022	-3.68970307
0.22710623	-2.53308659
0.23443224	-2.96296190
0.24175824	-3.52122385
0.24908425	-2.00496523
0.25641026	-1.77789685
0.26373626	-2.75642094
0.27106227	-1.57379486
0.27838828	-1.09635478
0.28571429	-2.03929241
0.29304029	-1.41171226
0.30036630	-0.77036887
0.30769231	-1.28286174
0.31501832	-1.38343461
0.32234432	-0.98682683
0.32967033	-0.79007869
0.33699634	-0.94123314
0.34432235	-0.98841663
0.35164835	-0.53717757
0.35897436	-0.41600010
0.36630037	-0.67315129
0.37362637	-0.63523163
0.38095238	-0.30805430
0.38827839	-0.00188120
0.39560440	-0.00552323
0.40293040	-0.05248824
0.41025641	0.12639850
0.41758242	0.10468384
0.42490843	-0.09856472
0.43223443	-0.21163734
0.43956044	-0.30229066
0.44688645	-0.29991878
0.45421246	-0.23478243
0.46153846	-0.32810244
0.46886447	-0.46080218
0.47619048	-0.44021887
0.48351648	-0.46429897
0.49084249	-0.37858917
0.49816850	-0.22368492
0.50549451	-0.41687515
0.51282051	-0.22358344
0.52014652	0.00536438
0.52747253	-0.66981518
0.53479854	-0.54896742
0.54212454	-0.06124688
0.54945055	-1.49795272
0.55677656	-3.35693190
0.56410257	-2.32997136
0.57142857	-1.10123846
0.57875458	-0.90241141
0.58608059	-1.30940782
0.59340660	-1.10772210
0.60073260	-0.90476318
0.60805861	-1.41243753
0.61538462	-1.35837255
0.62271062	-1.21816142
0.63003663	-1.38152951
0.63736264	-1.27376406
0.64468865	-1.46315895
0.65201465	-1.44748972
0.65934066	-1.48027403
0.66666667	-1.92923213
0.67399268	-1.70706472
0.68131868	-1.95704192
0.68864469	-2.51501123
0.69597070	-2.18364235
0.70329671	-2.63884440
0.71062271	-2.95553606
0.71794872	-2.54947420
0.72527473	-3.24299137
0.73260073	-3.41811625
0.73992674	-3.19927052
0.74725275	-4.63723163
0.75457876	-5.30401164
0.76190476	-4.10216986
0.76923077	-3.76527564
0.77655678	-3.95212057
0.78388279	-3.95803173
0.79120879	-3.93297275
0.79853480	-4.06709844
0.80586081	-4.26084581
0.81318682	-4.44118459
0.82051282	-4.71150226
0.82783883	-4.79676609
0.83516484	-4.75238767
0.84249084	-4.99813548
0.84981685	-5.20609207
0.85714286	-5.25793499
0.86446887	-5.53149334
0.87179487	-5.60903623
0.87912088	-5.51127936
0.88644689	-5.72491658
0.89377290	-5.79901500
0.90109890	-5.81507290
0.90842491	-6.04123991
0.91575092	-6.05949899
0.92307693	-6.10325615
0.93040293	-6.20220351
0.93772894	-6.30141996
0.94505495	-6.53813606
0.95238096	-6.53777936
0.95970696	-6.77054110
0.96703297	-7.12566013
0.97435898	-7.07363400
0.98168498	-7.82186496
0.98901099	-8.72891152
0.99633700	-7.97854238
1.00366301	-7.49039291
1.01098901	-7.72869600
1.01831502	-7.79495520
1.02564103	-7.87105261
1.03296704	-8.04400167
1.04029304	-7.95310871
1.04761905	-8.11762645
1.05494506	-8.46601316
1.06227107	-8.34743047
1.06959707	-8.75824275
1.07692308	-9.04496125
1.08424909	-8.82143445
1.09157509	-11.78089804
1.09890110	-19.90064273
1.10622711	-13.19403271
1.11355312	-11.95953872
1.12087912	-11.68422233
1.12820513	-9.62527470
1.13553114	-9.73192119
1.14285715	-10.55558475
1.15018315	-10.70985651
1.15750916	-14.25006384
1.16483517	-22.94864606
1.17216118	-12.83443143
1.17948718	-10.48769410
1.18681319	-10.75012759
1.19413920	-10.34631249
1.20146520	-11.33654645
1.20879121	-14.10708973
1.21611722	-12.03515357
1.22344323	-11.70180729
1.23076923	-13.94743472
1.23809524	-11.91710746
1.24542125	-10.83224379
1.25274726	-11.40163574
1.26007326	-11.01983297
1.26739927	-11.18975505
1.27472528	-11.57109117
1.28205129	-11.42028765
1.28937729	-11.78336721
1.29670330	-11.85478284
1.30402931	-11.90424721
1.31135532	-12.27095797
1.31868132	-12.45446609
1.32600733	-12.78807118
1.33333334	-12.62791477
1.34065934	-12.51377564
1.34798535	-12.93825132
1.35531136	-12.80268944
1.36263737	-12.94734378
1.36996337	-13.33188419
1.37728938	-13.07135560
1.38461539	-13.56574101
1.39194140	-13.85562985
1.39926740	-13.77741487
1.40659341	-17.29420509
1.41391942	-23.21232859
1.42124543	-15.88761248
1.42857143	-14.34833267
1.43589744	-14.91367087
1.44322345	-14.59101970
1.45054945	-14.66322435
1.45787546	-14.93554349
1.46520147	-14.74819977
1.47252748	-14.99476694
1.47985348	-15.18925848
1.48717949	-15.22814341
1.49450550	-15.46400695
1.50183151	-15.53416625
1.50915751	-15.65985325
1.51648352	-15.94630436
1.52380953	-16.08562996
1.53113554	-16.21923260
1.53846154	-16.43663501
1.54578755	-16.48832374
1.55311356	-16.61682168
1.56043956	-16.85038644
1.56776557	-16.83294337
1.57509158	-17.14701926
1.58241759	-17.29637811
1.58974359	-17.16037205
1.59706960	-18.99750774
1.60439561	-21.76632962
1.61172162	-19.54897074
1.61904762	-18.17766726
1.62637363	-18.57941869
1.63369964	-19.07388747
1.64102565	-19.11567953
1.64835165	-19.91106502
1.65567766	-23.51591897
1.66300367	-32.17212755
1.67032968	-47.85450646
1.67765568	-30.76667666
1.68498169	-22.94544367
1.69230770	-20.94766916
1.69963370	-21.57570418
1.70695971	-23.19959381
1.71428572	-28.77731539
1.72161173	-33.18316858
1.72893773	-24.35960807
1.73626374	-22.36940160
1.74358975	-21.73974765
1.75091576	-21.75423252
1.75824176	-22.91953568
1.76556777	-23.65904669
1.77289378	-23.09167712
1.78021979	-22.38047018
1.78754579	-23.07753535
1.79487180	-26.52265522
1.80219781	-26.95932525
1.80952381	-23.63467276
1.81684982	-23.25185094
1.82417583	-23.91016896
1.83150184	-23.47636964
1.83882784	-23.79151001
1.84615385	-24.44825525
1.85347986	-23.97997462
1.86080587	-25.61775325
1.86813187	-33.32392914
1.87545788	-29.49394109
1.88278389	-25.10770986
1.89010990	-25.12175396
1.89743590	-25.77183766
1.90476191	-25.02780170
1.91208792	-26.28803360
1.91941393	-31.98789551
1.92673993	-29.67570260
1.93406594	-26.19543623
1.94139195	-26.21307770
1.94871795	-26.47583962
1.95604396	-26.32821558
1.96336997	-26.67476965
1.97069598	-26.82149789
1.97802198	-27.08168556
1.98534799	-27.28328145
1.99267400	-27.41027826
2.00000001	-27.71643768
2.00732601	-27.67336559
2.01465202	-28.27701204
2.02197803	-28.50479137
2.02930404	-27.90363453
2.03663004	-29.82937195
2.04395605	-32.65901256
2.05128206	-29.67932966
2.05860806	-28.38634919
2.06593407	-29.15416872
2.07326008	-30.94859753
2.08058609	-31.51373708
2.08791209	-29.64940426
2.09523810	-29.37759620
2.10256411	-30.12069728
2.10989012	-29.78487786
2.11721612	-30.06999462
2.12454213	-30.39934663
2.13186814	-30.12425714
2.13919415	-30.78165010
2.14652015	-30.87702135
2.15384616	-31.34948073
2.16117217	-36.45952056
2.16849817	-49.37966633
2.17582418	-34.79691280
2.18315019	-32.31233510
2.19047620	-34.26942849
2.19780220	-46.20186387
2.20512821	-37.24277903
2.21245422	-33.71553249
2.21978023	-38.67440829
2.22710623	-43.89510477
2.23443224	-34.78286399
2.24175825	-34.07503936
2.24908426	-34.26521848
2.25641026	-35.06747274
2.26373627	-42.57498087
2.27106228	-42.71974851
2.27838829	-35.49442860
2.28571429	-34.68287506
2.29304030	-34.67904739
2.30036631	-34.77094081
2.30769231	-35.15923483
2.31501832	-35.50119124
2.32234433	-36.53788854
2.32967034	-36.34918579
2.33699634	-36.80403898
2.34432235	-41.44743502
2.35164836	-40.18103725
2.35897437	-38.02615921
2.36630037	-41.77722458
2.37362638	-40.81671901
2.38095239	-38.25027994
2.38827840	-42.60509097
2.39560440	-56.33917764
2.40293041	-41.33193611
2.41025642	-38.56624658
2.41758242	-38.33247601
2.42490843	-38.94409377
2.43223444	-39.10457209
2.43956045	-39.15951789
2.44688645	-39.22764357
2.45421246	-40.05641722
2.46153847	-45.75677394
2.46886448	-52.35488121
2.47619048	-41.54261128
2.48351649	-39.88905200
2.49084250	-39.84089687
2.49816851	-39.43198169
2.50549451	-39.72749202
2.51282052	-39.93785255
2.52014653	-39.98974083
2.52747253	-40.38619640
2.53479854	-40.34569532
2.54212455	-40.48217647
2.54945056	-40.84493621
2.55677656	-40.85073989
2.56410257	-41.43762377
2.57142858	-42.05847613
2.57875459	-41.68119423
2.58608059	-41.78167547
2.59340660	-42.20938571
2.60073261	-42.26751583
2.60805862	-42.69233075
2.61538462	-43.20738771
2.62271063	-44.37403085
2.63003664	-48.85748708
2.63736265	-60.91417150
2.64468865	-64.11264186
2.65201466	-54.19550517
2.65934067	-49.72497824
2.66666667	-47.65052169
2.67399268	-45.58638298
2.68131869	-45.85184781
2.68864470	-49.24339499
2.69597070	-46.53163370
2.70329671	-44.18759354
2.71062272	-44.47542274
2.71794873	-44.28040378
2.72527473	-43.82680041
2.73260074	-44.26367586
2.73992675	-44.93296835
2.74725276	-45.39201705
2.75457876	-45.54972495
2.76190477	-48.09005184
2.76923078	-56.07747595
2.77655678	-69.22060964
2.78388279	-61.22115664
2.79120880	-50.33229585
2.79853481	-46.56763027
2.80586081	-46.11758343
2.81318682	-45.82064790
2.82051283	-45.67227834
2.82783884	-46.39687364
2.83516484	-46.38870805
2.84249085	-46.03159669
2.84981686	-46.36373221
2.85714287	-46.89869552
2.86446887	-46.88922999
2.87179488	-47.53256213
2.87912089	-51.98508423
2.88644689	-69.40103455
2.89377290	-50.79068968
2.90109891	-47.94566690
2.90842492	-47.93006510
2.91575092	-48.05761055
2.92307693	-47.59767219
2.93040294	-47.67461221
2.93772895	-48.74232188
2.94505495	-48.95337889
2.95238096	-49.27890745
2.95970697	-52.52897390
2.96703298	-60.19011689
2.97435898	-71.38873066
2.98168499	-60.67407521
2.98901100	-54.15444000
2.99633701	-51.96895226
3.00366301	-56.17003907
3.01098902	-63.46080803
3.01831503	-65.06729323
3.02564103	-58.99761245
3.03296704	-54.06348000
3.04029305	-55.03389009
3.04761906	-61.49572165
3.05494506	-54.30933354
3.06227107	-51.19129682
3.06959708	-51.51189422
3.07692309	-51.40711242
3.08424909	-50.92731863
3.09157510	-51.09217378
3.09890111	-51.27283208
3.10622712	-51.68265641
3.11355312	-52.17278917
3.12087913	-52.49546097
3.12820514	-55.92786135
3.13553114	-66.53974369
3.14285715	-65.11108648
3.15018316	-56.88223953
3.15750917	-53.69072936
3.16483517	-57.16947815
3.17216118	-68.37713181
3.17948719	-59.93260182
3.18681320	-58.09847512
3.19413920	-54.99288339
3.20146521	-53.87135124
3.20879122	-55.42578363
3.21611723	-55.19117786
3.22344323	-54.67911819
3.23076924	-59.10962712
3.23809525	-60.20063478
3.24542125	-55.45678175
3.25274726	-55.40948502
3.26007327	-54.92216723
3.26739928	-54.60834007
3.27472528	-54.82152735
3.28205129	-54.44813147
3.28937730	-55.52925641
3.29670331	-56.45389083
3.30402931	-55.94412686
3.31135532	-56.48344715
3.31868133	-56.45151078
3.32600734	-57.12264635
3.33333334	-65.43358881
3.34065935	-61.09975669
3.34798536	-58.79586163
3.35531137	-57.17864710
3.36263737	-56.20696625
3.36996338	-56.92950595
3.37728939	-56.82164840
3.38461539	-56.27310111
3.39194140	-56.59292992
3.39926741	-56.78216520
3.40659342	-58.07834967
3.41391942	-59.43029650
3.42124543	-57.85468668
3.42857144	-57.33511283
3.43589745	-58.53640110
3.44322345	-57.94860987
3.45054946	-57.56076149
3.45787547	-57.48435799
3.46520148	-57.29706085
3.47252748	-58.13480495
3.47985349	-57.90525808
3.48717950	-57.45942031
3.49450550	-59.54604826
3.50183151	-60.61084565
3.50915752	-59.16846297
3.51648353	-60.30065172
3.52380953	-59.54908856
3.53113554	-58.75954196
3.53846155	-63.04243196
3.54578756	-67.27917344
3.55311356	-60.44063178
3.56043957	-61.00961109
3.56776558	-61.32871750
3.57509159	-59.22501207
3.58241759	-58.23779798
3.58974360	-59.80228520
3.59706961	-66.33849666
3.60439561	-72.00969273
3.61172162	-74.05835796
3.61904763	-66.53104124
3.62637364	-62.39181104
3.63369964	-62.78643326
3.64102565	-64.56802297
3.64835166	-66.01055485
3.65567767	-70.57810223
3.66300367	-69.95439786
3.67032968	-76.93954337
3.67765569	-65.83403540
3.68498170	-64.97946556
3.69230770	-68.92710071
3.69963371	-65.48437020
3.70695972	-62.73661687
3.71428573	-63.78621564
3.72161173	-63.95857264
3.72893774	-62.20648951
3.73626375	-63.02793542
3.74358975	-64.45333765
3.75091576	-63.77649514
3.75824177	-64.38532870
3.76556778	-64.23044545
3.77289378	-63.53334707
3.78021979	-64.22315845
3.78754580	-66.29289108
3.79487181	-68.93098177
3.80219781	-67.40199405
3.80952382	-73.38219794
3.81684983	-75.61497117
3.82417584	-76.77288762
3.83150184	-73.65756912
3.83882785	-68.00747254
3.84615386	-63.99079885
3.85347986	-64.14403099
3.86080587	-67.32507201
3.86813188	-66.35146189
3.87545789	-64.59014624
3.88278389	-66.10563061
3.89010990	-65.37105487
3.89743591	-66.08611158
3.90476192	-71.11367441
3.91208792	-69.20050691
3.91941393	-66.78975467
3.92673994	-77.07398106
3.93406595	-84.17434103
3.94139195	-72.84922848
3.94871796	-67.90979768
3.95604397	-72.22984298
3.96336997	-71.37710780
3.97069598	-76.03196489
3.97802199	-81.33601181
3.98534800	-96.64787380
3.99267400	-79.78083371
4.00000001	-77.34121591
4.00732602	-77.24191910
4.01465203	-73.70840682
4.02197803	-75.29051818
4.02930404	-79.50605792
4.03663005	-72.02495782
4.04395606	-82.91115709
4.05128206	-74.19641049
4.05860807	-70.15094426
4.06593408	-71.84627114
4.07326009	-80.20937069
4.08058609	-72.21969996
4.08791210	-70.45192932
4.09523811	-83.73485519
4.10256411	-77.11464359
4.10989012	-69.45710199
4.11721613	-72.87413495
4.12454214	-86.80796246
4.13186814	-75.89642870
4.13919415	-71.51536873
4.14652016	-72.88587637
4.15384617	-76.46291183
4.16117217	-82.10821691
4.16849818	-79.30541627
4.17582419	-86.66007573
4.18315020	-77.66944616
4.19047620	-77.03948508
4.19780221	-81.75989931
4.20512822	-81.60821448
4.21245422	-73.38932129
4.21978023	-83.46974949
4.22710624	-92.19828296
4.23443225	-71.96562381
4.24175825	-73.18165641
4.24908426	-77.13386326
4.25641027	-84.98635262
4.26373628	-72.66155875
4.27106228	-67.51467555
4.27838829	-69.42313382
4.28571430	-94.53355412
4.29304031	-77.93374015
4.30036631	-69.80085917
4.30769232	-76.08782501
4.31501833	-77.56097612
4.32234433	-84.43264351
4.32967034	-77.09893264
4.33699635	-77.69184467
4.34432236	-75.43163265
4.35164836	-68.07022508
4.35897437	-72.29948263
4.36630038	-78.76707276
4.37362639	-69.75452481
4.38095239	-74.00545860
4.38827840	-86.48228734
4.39560441	-72.29361276
4.40293042	-71.09424357
4.41025642	-71.74258852
4.41758243	-83.87135678
4.42490844	-74.92656261
4.43223445	-88.00318685
4.43956045	-78.35554664
4.44688646	-88.27929794
4.45421247	-74.63890803
4.46153847	-79.60308905
4.46886448	-76.69591379
4.47619049	-72.05081477
4.48351650	-82.20762472
4.49084250	-73.22134776
4.49816851	-77.36553318
4.50549452	-84.97942369
4.51282053	-80.97569965
4.52014653	-82.95858101
4.52747254	-93.18938931
4.53479855	-75.96657116
4.54212456	-77.95765237
4.54945056	-76.45906250
4.55677657	-75.48586641
4.56410258	-75.05333634
4.57142858	-73.50771231
4.57875459	-77.31599227
4.58608060	-76.69296425
4.59340661	-84.22028390
4.60073261	-82.57684168
4.60805862	-79.14509781
4.61538463	-72.01721625
4.62271064	-73.24081270
4.63003664	-79.47768634
4.63736265	-80.52233753
4.64468866	-80.37400588
4.65201467	-75.98736676
4.65934067	-78.54346263
4.66666668	-80.38785893
4.67399269	-77.68083741
4.68131869	-68.78122890
4.68864470	-74.86354665
4.69597071	-76.00508358
4.70329672	-72.56768753
4.71062272	-74.25317320
4.71794873	-79.99399643
4.72527474	-88.77812939
4.73260075	-81.49109859
4.73992675	-74.27012913
4.74725276	-78.25778373
4.75457877	-78.48530736
4.76190478	-77.84393776
4.76923078	-75.97380410
4.77655679	-69.75375897
4.78388280	-75.38526765
4.79120881	-73.59251506
4.79853481	-78.63280446
4.80586082	-73.61728924
4.81318683	-74.53878037
4.82051283	-80.81676395
4.82783884	-74.16059818
4.83516485	-86.63103145
4.84249086	-76.10589873
4.84981686	-72.24379029
4.85714287	-80.44949741
4.86446888	-75.53571910
4.87179489	-75.96107927
4.87912089	-70.65185876
4.88644690	-86.32179563
4.89377291	-74.25165302
4.90109892	-77.03027651
4.90842492	-88.80978844
4.91575093	-75.72190778
4.92307694	-78.24911599
4.93040294	-81.52248470
4.93772895	-92.77404808
4.94505496	-78.39816070
4.95238097	-87.48265066
4.95970697	-79.10957536
4.96703298	-81.64441199
4.97435899	-79.30483298
4.98168500	-75.80111204
4.98901100	-84.91586241
4.99633701	-72.60695241
5.00366302	-71.98640514
5.01098903	-81.43387060
5.01831503	-82.17971519
5.02564104	-79.47769794
5.03296705	-73.37105557
5.04029305	-86.35494295
5.04761906	-81.74485426
5.05494507	-75.33794613
5.06227108	-75.70083960
5.06959708	-81.19635390
5.07692309	-77.45351835
5.08424910	-75.37771453
5.09157511	-77.26834632
5.09890111	-78.55727841
5.10622712	-76.37464444
5.11355313	-79.72955221
5.12087914	-80.75636688
5.12820514	-79.26686173
5.13553115	-84.45247369
5.14285716	-74.54296684
5.15018317	-74.54369997
5.15750917	-77.52117749
5.16483518	-82.43556264
5.17216119	-72.98865489
5.17948719	-81.54313608
5.18681320	-73.06339477
5.19413921	-82.92029522
5.20146522	-75.40601089
5.20879122	-84.80099334
5.21611723	-76.69879128
5.22344324	-74.85437168
5.23076925	-94.03508967
5.23809525	-93.34715103
5.24542126	-80.08833611
5.25274727	-71.81507257
5.26007328	-70.68410147
5.26739928	-85.35271407
5.27472529	-81.24891196
5.28205130	-80.87169744
5.28937730	-90.61021682
5.29670331	-79.24005205
5.30402932	-81.90486561
5.31135533	-79.21110896
5.31868133	-76.00157353
5.32600734	-79.30924253
5.33333335	-76.99683023
5.34065936	-80.76889500
5.34798536	-75.35111606
5.35531137	-71.83943633
5.36263738	-73.84872898
5.36996339	-70.91864279
5.37728939	-87.06883297
5.38461540	-72.22559830
5.39194141	-75.82712721
5.39926742	-72.29878932
5.40659342	-72.47431976
5.41391943	-77.66260380
5.42124544	-74.72295560
5.42857144	-75.42294771
5.43589745	-76.73988762
5.44322346	-73.19473401
5.45054947	-78.58207608
5.45787547	-81.66675040
5.46520148	-75.27315114
5.47252749	-97.14393640
5.47985350	-74.08742327
5.48717950	-79.09823854
5.49450551	-76.13349313
5.50183152	-72.86863296
5.50915753	-81.23245673
5.51648353	-85.84560307
5.52380954	-82.72435417
5.53113555	-82.29448628
5.53846155	-74.68963568
5.54578756	-75.76245288
5.55311357	-70.77902290
5.56043958	-73.94282724
5.56776558	-78.44094877
5.57509159	-89.11054789
5.58241760	-77.23313027
5.58974361	-77.18979501
5.59706961	-74.53609823
5.60439562	-88.38130680
5.61172163	-76.18533601
5.61904764	-83.42066002
5.62637364	-82.06168829
5.63369965	-94.60091586
5.64102566	-75.88471510
5.64835166	-82.85676509
5.65567767	-80.72740759
5.66300368	-70.05969799
5.67032969	-71.95620755
5.67765569	-91.95938329
5.68498170	-80.81900129
5.69230771	-83.88195819
5.69963372	-72.20867619
5.70695972	-81.24052415
5.71428573	-79.76979665
5.72161174	-77.54619784
5.72893775	-77.29675868
5.73626375	-76.95743450
5.74358976	-99.47280136
5.75091577	-74.98285695
5.75824178	-72.99344845
5.76556778	-77.73852241
5.77289379	-82.76925082
5.78021980	-90.90613554
5.78754580	-74.58128124
5.79487181	-81.04745623
5.80219782	-79.80191819
5.80952383	-88.20870205
5.81684983	-80.42736401
5.82417584	-80.39909728
5.83150185	-80.25964877
5.83882786	-79.80627825
5.84615386	-79.07068465
5.85347987	-81.80254733
5.86080588	-81.31542784
5.86813189	-78.08693547
5.87545789	-76.75501488
5.88278390	-88.70189797
5.89010991	-92.36796319
5.89743591	-77.54367367
5.90476192	-86.65844956
5.91208793	-77.22857339
5.91941394	-79.38480533
5.92673994	-72.74887403
5.93406595	-76.13676400
5.94139196	-82.94352447
5.94871797	-79.34502036
5.95604397	-74.13782208
5.96336998	-73.08264470
5.97069599	-87.68530754
5.97802200	-77.81816351
5.98534800	-76.39583523
5.99267401	-83.82276190
6.00000002	-86.96975969
6.00732602	-78.19980791
6.01465203	-74.49600044
6.02197804	-75.72172374
6.02930405	-86.62017028
6.03663005	-78.44632799
6.04395606	-82.03521301
6.05128207	-76.06600092
6.05860808	-81.64246685
6.06593408	-79.90796663
6.07326009	-78.83244126
6.08058610	-80.06898906
6.08791211	-83.32274114
6.09523811	-85.73230742
6.10256412	-77.06474884
6.10989013	-74.45722720
6.11721614	-73.52209410
6.12454214	-74.28470281
6.13186815	-76.28953087
6.13919416	-75.32538646
6.14652016	-76.09533356
6.15384617	-73.72721910
6.16117218	-74.96217916
6.16849819	-79.09160327
6.17582419	-86.71391269
6.18315020	-72.00838063
6.19047621	-77.09339485
6.19780222	-97.17884117
6.20512822	-79.73941333
6.21245423	-85.96727661
6.21978024	-77.92918241
6.22710625	-80.94320938
6.23443225	-83.87822124
6.24175826	-84.58216347
6.24908427	-78.66227967
6.25641027	-74.57607344
6.26373628	-75.11360435
6.27106229	-81.67703706
6.27838830	-88.92634940
6.28571430	-72.90931820
6.29304031	-74.52647386
6.30036632	-81.32445209
6.30769233	-72.87712267
6.31501833	-78.69341260
6.32234434	-88.35479598
6.32967035	-74.88654106
6.33699636	-74.54008820
6.34432236	-72.28965374
6.35164837	-71.34607883
6.35897438	-75.10888657
6.36630038	-69.87214648
6.37362639	-83.87261410
6.38095240	-86.85208122
6.38827841	-71.84785990
6.39560441	-75.52434801
6.40293042	-85.73102210
6.41025643	-78.52417716
6.41758244	-102.76542666
6.42490844	-80.31620673
6.43223445	-74.44380773
6.43956046	-74.90732745
6.44688647	-85.12960571
6.45421247	-75.11538997
6.46153848	-79.90745684
6.46886449	-76.84999173
6.47619050	-79.55804844
6.48351650	-76.95175344
6.49084251	-76.28115310
6.49816852	-74.83099498
6.50549452	-78.19087642
6.51282053	-81.24561314
6.52014654	-69.97833113
6.52747255	-72.89162214
6.53479855	-79.00120884
6.54212456	-86.37772800
6.54945057	-78.50343806
6.55677658	-72.24173031
6.56410258	-70.19729811
6.57142859	-82.64204138
6.57875460	-82.64874506
6.58608061	-79.50440310
6.59340661	-74.45165524
6.60073262	-77.30756595
6.60805863	-82.38697633
6.61538463	-87.28176948
6.62271064	-90.63006873
6.63003665	-78.69941734
6.63736266	-76.01971365
6.64468866	-77.08447557
6.65201467	-79.72340824
6.65934068	-78.48836403
6.66666669	-78.70531842
6.67399269	-75.76730385
6.68131870	-75.70828083
6.68864471	-79.10053267
6.69597072	-75.82684137
6.70329672	-75.86196958
6.71062273	-78.72081399
6.71794874	-83.30633914
6.72527474	-77.27708393
6.73260075	-77.55674224
6.73992676	-77.68252374
6.74725277	-75.21017392
6.75457877	-77.74602851
6.76190478	-80.56581612
6.76923079	-88.02493204
6.77655680	-81.51663660
6.78388280	-72.70744976
6.79120881	-71.89769658
6.79853482	-81.06132721
6.80586083	-75.49899718
6.81318683	-78.60520018
6.82051284	-82.26655570
6.82783885	-89.18819718
6.83516486	-77.53204651
6.84249086	-79.04110189
6.84981687	-78.77430520
6.85714288	-73.96255596
6.86446888	-77.15974655
6.87179489	-80.40203116
6.87912090	-78.29732807
6.88644691	-85.67169681
6.89377291	-90.15650850
6.90109892	-76.77854234
6.90842493	-72.50457886
6.91575094	-69.55484176
6.92307694	-73.96467802
6.93040295	-85.84619386
6.93772896	-81.72406562
6.94505497	-86.10054302
6.95238097	-76.73623285
6.95970698	-81.38753509
6.96703299	-72.78911551
6.97435899	-74.08758336
6.98168500	-74.38206256
6.98901101	-93.86209004
6.99633702	-79.24967700
7.00366302	-82.82780310
7.01098903	-75.67415649
7.01831504	-71.37403636
7.02564105	-77.46694491
7.03296705	-75.78343516
7.04029306	-77.74400539
7.04761907	-75.13774178
7.05494508	-74.92203697
7.06227108	-72.67000734
7.06959709	-91.37280913
7.07692310	-73.38472113
7.08424910	-82.77774374
7.09157511	-76.03102842
7.09890112	-84.28736058
7.10622713	-76.29813981
7.11355313	-83.99464453
7.12087914	-76.72391142
7.12820515	-95.14202167
7.13553116	-80.77538932
7.14285716	-87.43394669
7.15018317	-76.85139086
7.15750918	-73.91460637
7.16483519	-87.99580189
7.17216119	-77.01617038
7.17948720	-82.35516240
7.18681321	-83.16117261
7.19413922	-79.16801296
7.20146522	-80.14535020
7.20879123	-80.51428077
7.21611724	-72.48040231
7.22344324	-82.51821712
7.23076925	-76.23773922
7.23809526	-78.22299383
7.24542127	-79.18743821
7.25274727	-75.76261050
7.26007328	-78.11274758
7.26739929	-74.05063823
7.27472530	-75.21368776
7.28205130	-71.27674814
7.28937731	-86.42286202
7.29670332	-80.41700773
7.30402933	-73.31866174
7.31135533	-73.46228865
7.31868134	-79.79705080
7.32600735	-75.38314657
7.33333335	-78.45194857
7.34065936	-78.58586509
7.34798537	-78.99186160
7.35531138	-79.19952802
7.36263738	-80.85518741
7.36996339	-80.52418762
7.37728940	-77.63796597
7.38461541	-78.06567334
7.39194141	-75.47338928
7.39926742	-71.97387916
7.40659343	-82.89531712
7.41391944	-82.21469746
7.42124544	-82.73438874
7.42857145	-90.89302390
7.43589746	-80.59715326
7.44322346	-77.02979064
7.45054947	-79.19200047
7.45787548	-80.46459037
7.46520149	-76.68346723
7.47252749	-80.53108524
7.47985350	-82.28598536
7.48717951	-82.24232127
7.49450552	-76.26739049
7.50183152	-73.08064926
7.50915753	-88.01704630
7.51648354	-70.52819793
7.52380955	-73.73942505
7.53113555	-90.33297278
7.53846156	-76.73488617
7.54578757	-72.91473377
7.55311358	-83.10845252
7.56043958	-75.89051250
7.56776559	-80.03890708
7.57509160	-79.19400831
7.58241760	-83.01057199
7.58974361	-77.59798077
7.59706962	-75.41468658
7.60439563	-73.00864295
7.61172163	-74.60985136
7.61904764	-85.27448406
7.62637365	-89.97553531
7.63369966	-77.46949851
7.64102566	-82.13372382
7.64835167	-79.78719206
7.65567768	-78.96303784
7.66300369	-76.70459802
7.67032969	-81.23166466
7.67765570	-77.46009082
7.68498171	-77.71245758
7.69230771	-75.00338362
7.69963372	-75.02572262
7.70695973	-74.96919136
7.71428574	-76.58799414
7.72161174	-69.68363029
7.72893775	-78.09739437
7.73626376	-76.72673934
7.74358977	-85.64654924
7.75091577	-79.97120504
7.75824178	-79.90619318
7.76556779	-80.33859720
7.77289380	-74.67502009
7.78021980	-79.72112397
7.78754581	-83.04376253
7.79487182	-82.41554021
7.80219782	-90.60257894
7.80952383	-76.69738182
7.81684984	-77.10490811
7.82417585	-73.69806110
7.83150185	-81.56050896
7.83882786	-80.09091337
7.84615387	-77.63376637
7.85347988	-89.56031487
7.86080588	-95.66120491
7.86813189	-80.99667147
7.87545790	-83.36069594
7.88278391	-85.31371808
7.89010991	-84.04840373
7.89743592	-83.74148522
7.90476193	-91.05465646
7.91208794	-77.06956803
7.91941394	-78.90946605
7.92673995	-86.53515602
7.93406596	-86.60592274
7.94139196	-86.31924557
7.94871797	-76.13019719
7.95604398	-81.91900306
7.96336999	-77.28053067
7.97069599	-82.39047776
7.97802200	-73.39814164
7.98534801	-77.60327777
7.99267402	-69.93771318
8.00000002	-79.00685802
8.00732603	-73.84445957
8.01465204	-83.55490881
8.02197805	-100.15847955
8.02930405	-76.23331294
8.03663006	-73.49106384
8.04395607	-72.29581397
8.05128207	-73.06431159
8.05860808	-71.20246511
8.06593409	-87.55426999
8.07326010	-74.36717367
8.08058610	-88.10000015
8.08791211	-86.13788346
8.09523812	-86.92501534
8.10256413	-69.93867649
8.10989013	-78.37213423
8.11721614	-71.20474816
8.12454215	-84.22231105
8.13186816	-74.81884558
8.13919416	-83.80829264
8.14652017	-79.02134509
8.15384618	-75.60465213
8.16117218	-81.66816248
8.16849819	-77.31703912
8.17582420	-74.06723111
8.18315021	-72.64985355
8.19047621	-80.97094856
8.19780222	-73.24639801
8.20512823	-83.09275326
8.21245424	-83.03588834
8.21978024	-77.59042090
8.22710625	-95.11158569
8.23443226	-76.15277002
8.24175827	-86.91659891
8.24908427	-84.90853323
8.25641028	-79.28728829
8.26373629	-81.44274592
8.27106230	-75.46606120
8.27838830	-94.70901670
8.28571431	-86.83966769
8.29304032	-82.38867069
8.30036632	-72.25325330
8.30769233	-74.09190786
8.31501834	-81.22374587
8.32234435	-72.62477880
8.32967035	-75.81540312
8.33699636	-82.90613409
8.34432237	-83.20428888
8.35164838	-73.30574602
8.35897438	-76.13736711
8.36630039	-81.90646010
8.37362640	-84.67093286
8.38095241	-83.18348954
8.38827841	-80.06182107
8.39560442	-76.74746176
8.40293043	-74.41501859
8.41025643	-75.96513391
8.41758244	-91.26694439
8.42490845	-81.18765847
8.43223446	-78.28622543
8.43956046	-78.49400046
8.44688647	-86.71242001
8.45421248	-79.47154258
8.46153849	-79.15486281
8.46886449	-89.12373312
8.47619050	-78.17389828
8.48351651	-76.77177622
8.49084252	-86.93082066
8.49816852	-83.40822678
8.50549453	-77.89592451
8.51282054	-77.85983669
8.52014654	-84.48758361
8.52747255	-74.28845173
8.53479856	-73.65277239
8.54212457	-77.94161130
8.54945057	-75.17272724
8.55677658	-77.42854977
8.56410259	-74.51788918
8.57142860	-88.35119976
8.57875460	-96.67995544
8.58608061	-88.10718578
8.59340662	-86.42995404
8.60073263	-85.13717655
8.60805863	-83.88758193
8.61538464	-73.64350242
8.62271065	-75.51482144
8.63003666	-77.55027665
8.63736266	-80.13699391
8.64468867	-76.15840459
8.65201468	-78.42573004
8.65934068	-75.29748753
8.66666669	-75.84954574
8.67399270	-75.92486913
8.68131871	-87.99917171
8.68864471	-76.56931064
8.69597072	-81.42508294
8.70329673	-76.18536924
8.71062274	-75.72398925
8.71794874	-82.33407611
8.72527475	-82.85634444
8.73260076	-76.63380133
8.73992677	-74.77107850
8.74725277	-77.36662805
8.75457878	-87.29450980
8.76190479	-79.87872902
8.76923079	-80.17682128
8.77655680	-82.66571574
8.78388281	-79.15930016
8.79120882	-72.03308406
8.79853482	-79.43497359
8.80586083	-76.33507294
8.81318684	-88.28233668
8.82051285	-81.04408593
8.82783885	-74.51643480
8.83516486	-81.47626249
8.84249087	-85.99461041
8.84981688	-76.40345080
8.85714288	-74.15264750
8.86446889	-78.34814367
8.87179490	-87.39049102
8.87912091	-77.32897752
8.88644691	-81.71532242
8.89377292	-74.58682654
8.90109893	-75.52999463
8.90842493	-81.13453618
8.91575094	-81.15410474
8.92307695	-76.53527427
8.93040296	-72.87702516
8.93772896	-77.88286659
8.94505497	-77.83158174
8.95238098	-91.57454184
8.95970699	-84.09875062
8.96703299	-79.86417790
8.97435900	-79.06322296
8.98168501	-86.44818448
8.98901102	-79.36580675
8.99633702	-91.54364646
9.00366303	-79.60006930
9.01098904	-84.50026727
9.01831504	-92.43119888
9.02564105	-76.64941603
9.03296706	-73.95479965
9.04029307	-81.47888510
9.04761907	-82.12328674
9.05494508	-84.26220002
9.06227109	-74.84332803
9.06959710	-81.12428078
9.07692310	-82.51811180
9.08424911	-78.04381516
9.09157512	-90.38028768
9.09890113	-77.89608464
9.10622713	-76.65816317
9.11355314	-74.22220942
9.12087915	-70.59638680
9.12820515	-75.72562133
9.13553116	-71.57933089
9.14285717	-74.61380757
9.15018318	-76.79034647
9.15750918	-76.08013221
9.16483519	-77.31539151
9.17216120	-72.71086570
9.17948721	-68.13137636
9.18681321	-80.81394689
9.19413922	-72.46214136
9.20146523	-72.72984699
9.20879124	-85.92970323
9.21611724	-73.56521578
9.22344325	-79.22874513
9.23076926	-73.49584546
9.23809527	-74.52540906
9.24542127	-74.53489125
9.25274728	-78.24648746
9.26007329	-74.75398519
9.26739929	-79.11908011
9.27472530	-73.89839092
9.28205131	-73.18804775
9.28937732	-72.10574245
9.29670332	-82.31735287
9.30402933	-78.65384418
9.31135534	-79.68759055
9.31868135	-86.14517763
9.32600735	-84.52438261
9.33333336	-80.76306446
9.34065937	-90.39438050
9.34798538	-84.55315313
9.35531138	-84.39069778
9.36263739	-73.94856246
9.36996340	-79.24277457
9.37728940	-85.96934874
9.38461541	-80.79086715
9.39194142	-88.00848272
9.39926743	-74.68644147
9.40659343	-79.15686617
9.41391944	-78.92401347
9.42124545	-74.70581167
9.42857146	-75.63289381
9.43589746	-77.36608855
9.44322347	-72.34151886
9.45054948	-70.26318905
9.45787549	-76.90512694
9.46520149	-80.79576449
9.47252750	-89.23994180
9.47985351	-93.20202811
9.48717951	-74.82273409
9.49450552	-82.49574080
9.50183153	-82.77905084
9.50915754	-79.96202400
9.51648354	-77.27416747
9.52380955	-81.60270827
9.53113556	-78.02742729
9.53846157	-76.04825026
9.54578757	-85.63279481
9.55311358	-84.30161263
9.56043959	-73.99445238
9.56776560	-75.90419746
9.57509160	-77.24061271
9.58241761	-77.04603148
9.58974362	-83.11877012
9.59706963	-78.04699033
9.60439563	-79.56327235
9.61172164	-81.58388010
9.61904765	-82.10007660
9.62637365	-87.47025597
9.63369966	-80.11481067
9.64102567	-94.73126052
9.64835168	-79.97493638
9.65567768	-76.87870568
9.66300369	-80.25695467
9.67032970	-74.20761316
9.67765571	-77.50002300
9.68498171	-76.69900183
9.69230772	-88.63023383
9.69963373	-76.08269278
9.70695974	-76.32726017
9.71428574	-76.48101670
9.72161175	-87.17115075
9.72893776	-83.09087289
9.73626376	-86.01079634
9.74358977	-93.61814595
9.75091578	-77.91013204
9.75824179	-75.27916677
9.76556779	-88.08750350
9.77289380	-79.23224760
9.78021981	-73.68095655
9.78754582	-79.96176969
9.79487182	-76.54193047
9.80219783	-75.53694046
9.80952384	-75.80027664
9.81684985	-91.14806785
9.82417585	-79.43502511
9.83150186	-76.89258264
9.83882787	-85.18028730
9.84615387	-74.89296774
9.85347988	-83.54341432
9.86080589	-77.84855614
9.86813190	-73.30510775
9.87545790	-78.43123287
9.88278391	-82.19374861
9.89010992	-77.20642440
9.89743593	-74.43880570
9.90476193	-77.42094983
9.91208794	-74.76482770
9.91941395	-78.83336440
9.92673996	-76.94931934
9.93406596	-78.76214267
9.94139197	-91.21353610
9.94871798	-76.80242950
9.95604399	-78.94659351
9.96336999	-80.95257602
9.97069600	-84.11296473
9.97802201	-71.96266792
9.98534801	-83.32301222
9.99267402	-73.89885270
10.00000003	-82.05469594
10.00732604	-77.54776825
10.01465204	-76.93664863
10.02197805	-78.63272209
10.02930406	-84.11941665
10.03663007	-80.56612446
10.04395607	-83.77147350
10.05128208	-77.78539817
10.05860809	-77.61937759
10.06593410	-77.27383534
10.07326010	-73.97132584
10.08058611	-81.29910976
10.08791212	-72.00602697
10.09523812	-87.42890130
10.10256413	-76.64958966
10.10989014	-86.16818729
10.11721615	-76.36689229
10.12454215	-81.32065212
10.13186816	-85.25961931
10.13919417	-86.21566922
10.14652018	-77.79905913
10.15384618	-71.37170077
10.16117219	-73.92979531
10.16849820	-81.21230149
10.17582421	-77.76282259
10.18315021	-74.17078073
10.19047622	-73.98888805
10.19780223	-72.04962274
10.20512823	-76.94875653
10.21245424	-87.15667340
10.21978025	-92.33144911
10.22710626	-88.35247053
10.23443226	-78.73261361
10.24175827	-75.17482163
10.24908428	-80.58565203
10.25641029	-77.64700995
10.26373629	-74.62075235
10.27106230	-75.29840494
10.27838831	-84.14543852
10.28571432	-89.32743613
10.29304032	-81.35243575
10.30036633	-72.36211197
10.30769234	-77.65492762
10.31501835	-77.37102083
10.32234435	-85.79806143
10.32967036	-78.31295822
10.33699637	-89.45305769
10.34432237	-80.62724216
10.35164838	-78.39200292
10.35897439	-77.82560563
10.36630040	-73.29519154
10.37362640	-73.65564284
10.38095241	-83.48569495
10.38827842	-86.90173628
10.39560443	-75.99387486
10.40293043	-74.21699977
10.41025644	-86.64505777
10.41758245	-75.63613919
10.42490846	-96.06956590
10.43223446	-74.48100749
10.43956047	-85.15492990
10.44688648	-75.63588788
10.45421248	-73.68765837
10.46153849	-79.05004122
10.46886450	-109.97196066
10.47619051	-81.66330495
10.48351651	-91.19265228
10.49084252	-99.27222675
10.49816853	-73.41982798
10.50549454	-74.75184478
10.51282054	-76.15206351
10.52014655	-72.61211253
10.52747256	-85.89149214
10.53479857	-84.06990314
10.54212457	-80.08740440
10.54945058	-85.22554513
10.55677659	-82.23837771
10.56410259	-103.16561334
10.57142860	-81.54124865
10.57875461	-83.45299935
10.58608062	-77.03566337
10.59340662	-85.80533932
10.60073263	-78.72411201
10.60805864	-80.36647529
10.61538465	-80.74763543
10.62271065	-93.30467440
10.63003666	-75.90950684
10.63736267	-86.87051174
10.64468868	-71.52759293
10.65201468	-71.90608515
10.65934069	-77.59074801
10.66666670	-75.17716188
10.67399271	-83.11714810
10.68131871	-75.43923850
10.68864472	-76.93563829
10.69597073	-80.46332787
10.70329673	-76.63908424
10.71062274	-75.88910443
10.71794875	-69.36845381
10.72527476	-73.99000761
10.73260076	-76.12859911
10.73992677	-79.60682837
10.74725278	-74.11132305
10.75457879	-84.14460012
10.76190479	-77.51573771
10.76923080	-78.70194610
10.77655681	-80.58566497
10.78388282	-98.32203765
10.79120882	-86.21270712
10.79853483	-80.92134497
10.80586084	-74.07770301
10.81318684	-75.86501490
10.82051285	-72.54945818
10.82783886	-77.88490338
10.83516487	-83.88457959
10.84249087	-84.15800251
10.84981688	-87.43272611
10.85714289	-81.66549698
10.86446890	-78.46176834
10.87179490	-80.54311699
10.87912091	-82.17579115
10.88644692	-82.09304274
10.89377293	-76.38248010
10.90109893	-76.73601534
10.90842494	-79.43831453
10.91575095	-75.74543719
10.92307695	-74.56820229
10.93040296	-78.40096912
10.93772897	-72.98017418
10.94505498	-73.52048289
10.95238098	-77.50677533
10.95970699	-76.84186527
10.96703300	-76.61371194
10.97435901	-73.83837143
10.98168501	-81.08923204
10.98901102	-75.10285259
10.99633703	-75.70038427
11.00366304	-72.54267147
11.01098904	-75.93330714
11.01831505	-78.48947660
11.02564106	-94.55611967
11.03296707	-79.99327073
11.04029307	-78.50854088
11.04761908	-82.63336615
11.05494509	-76.53534916
11.06227109	-79.08012945
11.06959710	-74.75402668
11.07692311	-73.68959096
11.08424912	-77.56831470
11.09157512	-71.63138722
11.09890113	-78.44082125
11.10622714	-75.41383810
11.11355315	-83.45393573
11.12087915	-77.71528460
11.12820516	-74.57586924
11.13553117	-87.06583541
11.14285718	-83.28278176
11.15018318	-82.42542405
11.15750919	-81.42418980
11.16483520	-79.09701301
11.17216120	-79.53073986
11.17948721	-86.12088570
11.18681322	-80.91875267
11.19413923	-88.70044426
11.20146523	-88.35965323
11.20879124	-77.10771132
11.21611725	-74.21286908
11.22344326	-73.73548900
11.23076926	-76.20216802
11.23809527	-80.54560158
11.24542128	-75.25184673
11.25274729	-78.99674656
11.26007329	-82.29757187
11.26739930	-86.71170063
11.27472531	-81.46615799
11.28205131	-81.28565274
11.28937732	-72.49471728
11.29670333	-84.96069068
11.30402934	-76.44435885
11.31135534	-77.55472341
11.31868135	-74.05340485
11.32600736	-78.13037014
11.33333337	-74.88985407
11.34065937	-81.55688433
11.34798538	-77.26766470
11.35531139	-92.30855503
11.36263740	-77.85042966
11.36996340	-78.45332056
11.37728941	-80.04024627
11.38461542	-80.72965220
11.39194143	-75.88891028
11.39926743	-77.75660928
11.40659344	-77.02291961
11.41391945	-76.72254881
11.42124545	-77.98335879
11.42857146	-82.86534877
11.43589747	-87.75101657
11.44322348	-71.42980221
11.45054948	-72.85497018
11.45787549	-82.97314197
11.46520150	-92.58295990
11.47252751	-86.93857872
11.47985351	-77.16004060
11.48717952	-77.66385348
11.49450553	-76.59734082
11.50183154	-89.36673116
11.50915754	-78.74835573
11.51648355	-81.70735365
11.52380956	-82.65147509
11.53113556	-72.20181779
11.53846157	-78.22809869
11.54578758	-84.05544206
11.55311359	-78.17779519
11.56043959	-71.70597042
11.56776560	-73.83341218
11.57509161	-84.33302608
11.58241762	-87.37982204
11.58974362	-79.70427770
11.59706963	-85.29805039
11.60439564	-75.55488392
11.61172165	-78.25739897
11.61904765	-81.41519058
11.62637366	-78.35061606
11.63369967	-83.84059296
11.64102567	-74.37992136
11.64835168	-87.01505971
11.65567769	-82.38638744
11.66300370	-85.21792911
11.67032970	-89.37661673
11.67765571	-83.12037444
11.68498172	-78.92726109
11.69230773	-80.93782428
11.69963373	-81.30054561
11.70695974	-75.73356783
11.71428575	-82.68608041
11.72161176	-79.60343461
11.72893776	-84.73963093
11.73626377	-77.97259853
11.74358978	-76.93965430
11.75091579	-76.98773817
11.75824179	-75.16062898
11.76556780	-77.00332828
11.77289381	-71.47518411
11.78021981	-79.30365162
11.78754582	-73.72653816
11.79487183	-72.27347422
11.80219784	-82.23086040
11.80952384	-78.32720413
11.81684985	-81.16727414
11.82417586	-87.75000999
11.83150187	-76.57977163
11.83882787	-70.64616737
11.84615388	-77.87746140
11.85347989	-74.76610792
11.86080590	-80.54554464
11.86813190	-80.63577838
11.87545791	-74.65436356
11.88278392	-80.88039915
11.89010992	-75.06884213
11.89743593	-74.80866144
11.90476194	-75.31397209
11.91208795	-74.14128049
11.91941395	-74.04178731
11.92673996	-79.15214302
11.93406597	-85.46790595
11.94139198	-75.46004958
11.94871798	-82.62982566
11.95604399	-69.92259869
11.96337000	-79.18251314
11.97069601	-70.65627633
11.97802201	-73.85626043
11.98534802	-86.43667675
11.99267403	-81.06351403
12.00000003	-81.49134762
12.00732604	-92.52477605
12.01465205	-91.97458422
12.02197806	-101.52290688
12.02930406	-95.64654219
12.03663007	-81.91723034
12.04395608	-77.12735016
12.05128209	-79.25655319
12.05860809	-82.34904468
12.06593410	-85.60976286
12.07326011	-95.04252757
12.08058612	-73.42601276
12.08791212	-70.95480999
12.09523813	-82.22369997
12.10256414	-75.62549980
12.10989015	-77.78789735
12.11721615	-102.27766239
12.12454216	-84.39386234
12.13186817	-74.24401869
12.13919417	-75.07249014
12.14652018	-80.00564567
12.15384619	-91.88139673
12.16117220	-77.95458937
12.16849820	-70.67451842
12.17582421	-76.61767896
12.18315022	-71.76539624
12.19047623	-76.88614096
12.19780223	-77.68519823
12.20512824	-84.02102724
12.21245425	-78.41961993
12.21978026	-86.69149315
12.22710626	-87.09437028
12.23443227	-78.69773606
12.24175828	-82.01416231
12.24908428	-75.49872741
12.25641029	-75.95164277
12.26373630	-86.17730779
12.27106231	-76.42173524
12.27838831	-74.83505865
12.28571432	-79.59751707
12.29304033	-82.93231065
12.30036634	-78.52104213
12.30769234	-86.65338549
12.31501835	-83.41790620
12.32234436	-82.07234241
12.32967037	-85.15411453
12.33699637	-77.50346145
12.34432238	-83.45819702
12.35164839	-76.21671485
12.35897440	-71.89960293
12.36630040	-76.33013283
12.37362641	-81.33009463
12.38095242	-78.90560624
12.38827842	-78.91437057
12.39560443	-82.91916010
12.40293044	-85.39820227
12.41025645	-83.93011586
12.41758245	-76.50086805
12.42490846	-73.80771179
12.43223447	-71.91723271
12.43956048	-78.25948782
12.44688648	-74.48314457
12.45421249	-76.75735943
12.46153850	-89.67174047
12.46886451	-84.09354268
12.47619051	-91.69304131
12.48351652	-83.43297148
12.49084253	-74.79624814
12.49816853	-73.31190652
12.50549454	-72.87390191
12.51282055	-71.75728355
12.52014656	-74.17094053
12.52747256	-80.65348182
12.53479857	-74.80461583
12.54212458	-77.58818918
12.54945059	-86.44577747
12.55677659	-79.29849354
12.56410260	-75.10111176
12.57142861	-78.41025166
12.57875462	-78.50118851
12.58608062	-74.47897696
12.59340663	-77.41915475
12.60073264	-83.97474765
12.60805864	-77.02436983
12.61538465	-72.43239535
12.62271066	-76.65746606
12.63003667	-75.84994233
12.63736267	-79.16265161
12.64468868	-88.07931561
12.65201469	-80.52592333
12.65934070	-90.66300391
12.66666670	-77.36905813
12.67399271	-79.78312224
12.68131872	-77.71767364
12.68864473	-75.67501922
12.69597073	-81.19004678
12.70329674	-91.67957881
12.71062275	-83.84920357
12.71794876	-80.33737484
12.72527476	-79.99003876
12.73260077	-75.59397326
12.73992678	-80.85912945
12.74725278	-77.00061543
12.75457879	-77.36496599
12.76190480	-88.62492644
12.76923081	-69.92566113
12.77655681	-73.47689261
12.78388282	-87.83516389
12.79120883	-105.19786031
12.79853484	-82.81101190
12.80586084	-74.66727072
12.81318685	-78.48019699
12.82051286	-78.50333768
12.82783887	-79.16146807
12.83516487	-79.98937669
12.84249088	-73.84238564
12.84981689	-77.99148183
12.85714289	-77.82643527
12.86446890	-79.23292995
12.87179491	-80.75282580
12.87912092	-89.41478870
12.88644692	-80.18425921
12.89377293	-83.73281901
12.90109894	-79.39687478
12.90842495	-94.05450843
12.91575095	-76.37023446
12.92307696	-79.22727989
12.93040297	-89.66531083
12.93772898	-77.95047143
12.94505498	-87.41484418
12.95238099	-87.13088572
12.95970700	-92.09062271
12.96703300	-77.47729753
12.97435901	-74.69779477
12.98168502	-78.22394434
12.98901103	-86.96211601
12.99633703	-88.28049865
13.00366304	-79.70396010
13.01098905	-81.19701322
13.01831506	-87.08203048
13.02564106	-88.08344388
13.03296707	-78.87724687
13.04029308	-71.89187367
13.04761909	-70.86869359
13.05494509	-80.97299153
13.06227110	-77.70048743
13.06959711	-80.81040220
13.07692312	-83.24114839
13.08424912	-79.23649742
13.09157513	-81.49084592
13.09890114	-74.70873700
13.10622714	-76.50356419
13.11355315	-75.70822576
13.12087916	-78.73525942
13.12820517	-76.40945995
13.13553117	-73.51152339
13.14285718	-81.94220237
13.15018319	-87.77368521
13.15750920	-78.44659202
13.16483520	-78.03511500
13.17216121	-77.59480369
13.17948722	-71.93318787
13.18681323	-80.40270051
13.19413923	-81.91985959
13.20146524	-75.34150701
13.20879125	-87.72113306
13.21611725	-74.64064974
13.22344326	-89.41819622
13.23076927	-73.89015033
13.23809528	-79.09762110
13.24542128	-80.41929770
13.25274729	-82.15060319
13.26007330	-95.01688378
13.26739931	-96.28959424
13.27472531	-94.34216259
13.28205132	-82.16843064
13.28937733	-76.17013042
13.29670334	-80.77468257
13.30402934	-91.22615619
13.31135535	-82.92715216
13.31868136	-102.69521525
13.32600736	-74.27080843
13.33333337	-75.63573575
13.34065938	-80.05689895
13.34798539	-79.52262667
13.35531139	-78.95767219
13.36263740	-77.70329677
13.36996341	-78.13069980
13.37728942	-81.14894002
13.38461542	-78.00900966
13.39194143	-78.08868513
13.39926744	-79.73502326
13.40659345	-76.43085874
13.41391945	-78.00674008
13.42124546	-83.80731394
13.42857147	-81.03339108
13.43589748	-80.50956265
13.44322348	-76.92571566
13.45054949	-74.09668605
13.45787550	-93.56116023
13.46520150	-80.21492250
13.47252751	-84.81340455
13.47985352	-76.35519735
13.48717953	-74.31594656
13.49450553	-87.63421373
13.50183154	-79.82148662
13.50915755	-79.36390436
13.51648356	-82.59412700
13.52380956	-84.70729218
13.53113557	-79.30176134
13.53846158	-77.06052911
13.54578759	-78.79046319
13.55311359	-73.51268879
13.56043960	-71.70401055
13.56776561	-79.06853754
13.57509161	-74.48900660
13.58241762	-81.80052410
13.58974363	-80.86416360
13.59706964	-81.67859462
13.60439564	-79.54625051
13.61172165	-80.13759433
13.61904766	-80.51634570
13.62637367	-74.49693382
13.63369967	-82.25981319
13.64102568	-76.07827209
13.64835169	-77.86280377
13.65567770	-76.93659816
13.66300370	-75.10423678
13.67032971	-78.59549197
13.67765572	-77.67385306
13.68498172	-76.08733135
13.69230773	-77.93754104
13.69963374	-83.56713846
13.70695975	-81.03328266
13.71428575	-96.96467404
13.72161176	-82.37195422
13.72893777	-81.76586826
13.73626378	-85.50106313
13.74358978	-75.36998637
13.75091579	-83.38372096
13.75824180	-76.40714257
13.76556781	-72.23710026
13.77289381	-75.44985809
13.78021982	-89.53641001
13.78754583	-71.78221704
13.79487184	-75.57321748
13.80219784	-89.16884924
13.80952385	-72.23298289
13.81684986	-80.83762676
13.82417586	-77.36363466
13.83150187	-69.73705764
13.83882788	-72.29573622
13.84615389	-78.05859167
13.85347989	-84.33078678
13.86080590	-75.88015513
13.86813191	-73.13898622
13.87545792	-79.96425888
13.88278392	-77.30753172
13.89010993	-75.70517820
13.89743594	-75.95929502
13.90476195	-80.95123982
13.91208795	-87.78031934
13.91941396	-78.88331636
13.92673997	-77.33102254
13.93406597	-77.10528557
13.94139198	-78.77710998
13.94871799	-77.22361269
13.95604400	-74.00001135
13.96337000	-73.72007901
13.97069601	-86.43620141
13.97802202	-77.84334865
13.98534803	-77.78633050
13.99267403	-83.92207723
14.00000004	-106.20968837
14.00732605	-93.33597319
14.01465206	-84.80583228
14.02197806	-76.80785746
14.02930407	-77.42227399
14.03663008	-76.45878236
14.04395608	-72.43743188
14.05128209	-84.25601080
14.05860810	-78.27038956
14.06593411	-78.86908988
14.07326011	-77.05680686
14.08058612	-76.84586827
14.08791213	-76.98721904
14.09523814	-77.71719505
14.10256414	-81.33114987
14.10989015	-90.39392053
14.11721616	-73.55878656
14.12454217	-81.41462793
14.13186817	-74.45089233
14.13919418	-82.14839922
14.14652019	-87.06810046
14.15384620	-86.22023401
14.16117220	-73.88808437
14.16849821	-87.60799816
14.17582422	-81.23364259
14.18315022	-75.94844034
14.19047623	-72.65094102
14.19780224	-74.19765233
14.20512825	-96.72338904
14.21245425	-86.15885436
14.21978026	-82.83741751
14.22710627	-81.59566589
14.23443228	-74.09615168
14.24175828	-78.73559232
14.24908429	-82.46805679
14.25641030	-82.40053676
14.26373631	-95.86167306
14.27106231	-92.21925183
14.27838832	-74.56979846
14.28571433	-79.22942779
14.29304033	-78.90932066
14.30036634	-81.57705867
14.30769235	-76.72864565
14.31501836	-74.30828910
14.32234436	-81.84749486
14.32967037	-78.60933237
14.33699638	-90.77470846
14.34432239	-76.47059366
14.35164839	-72.17475935
14.35897440	-73.26169344
14.36630041	-78.47177027
14.37362642	-79.71881833
14.38095242	-77.88298290
14.38827843	-78.88450575
14.39560444	-80.67443693
14.40293044	-99.35038865
14.41025645	-72.86772565
14.41758246	-73.32346349
14.42490847	-70.94608678
14.43223447	-87.02376246
14.43956048	-83.19363434
14.44688649	-76.68699577
14.45421250	-73.42855029
14.46153850	-87.90184370
14.46886451	-78.06269617
14.47619052	-80.29446937
14.48351653	-75.34159967
14.49084253	-86.75393284
14.49816854	-86.49295206
14.50549455	-80.54245797
14.51282056	-88.03155517
14.52014656	-79.21418532
14.52747257	-88.56703769
14.53479858	-91.42243832
14.54212458	-77.89631044
14.54945059	-97.96191825
14.55677660	-75.10585038
14.56410261	-69.06545736
14.57142861	-73.94278958
14.57875462	-77.89570791
14.58608063	-86.73029088
14.59340664	-79.59085766
14.60073264	-71.15869762
14.60805865	-74.54810373
14.61538466	-78.57763416
14.62271067	-77.00578069
14.63003667	-80.36948629
14.63736268	-81.55586651
14.64468869	-78.18497686
14.65201469	-81.22521982
14.65934070	-78.37759465
14.66666671	-82.21946733
14.67399272	-92.82194740
14.68131872	-73.91438697
14.68864473	-85.70397423
14.69597074	-74.42843433
14.70329675	-74.16124502
14.71062275	-105.98504900
14.71794876	-91.87318850
14.72527477	-74.42711419
14.73260078	-81.49271119
14.73992678	-71.77571219
14.74725279	-80.56537333
14.75457880	-74.31172677
14.76190480	-78.72657195
14.76923081	-71.19346894
14.77655682	-77.41207655
14.78388283	-84.64061001
14.79120883	-77.22258707
14.79853484	-77.61187779
14.80586085	-77.35409961
14.81318686	-83.98492791
14.82051286	-78.70113600
14.82783887	-77.92216218
14.83516488	-83.56484603
14.84249089	-77.39046269
14.84981689	-95.62801790
14.85714290	-75.05136757
14.86446891	-81.47526365
14.87179492	-72.79173303
14.87912092	-76.27681138
14.88644693	-99.19660105
14.89377294	-82.47445105
14.90109894	-80.64865247
14.90842495	-81.37485314
14.91575096	-80.07734649
14.92307697	-89.77361323
14.93040297	-96.99214574
14.93772898	-85.59002281
14.94505499	-83.53936219
14.95238100	-87.58737862
14.95970700	-88.30096320
14.96703301	-77.84744522
14.97435902	-78.78049785
14.98168503	-80.70591762
14.98901103	-78.65868546
14.99633704	-77.82975228
