# Menlo Systems GmbH ScanControl
# Program Version 1.3.3
# Start: -327.00000000 ps, Average over 100 waveforms. Timestamp: 2026-05-07T11:55:20
# Window type: Tukey, parameters: alpha = 0.1
# User time axis shift: 0 ps
# Time [ps]	THz Signal [a.u.]
-326.90000000	0.00000000
-326.86666667	-0.00000003
-326.83333334	-0.00000000
-326.80000000	0.00000019
-326.76666667	-0.00000012
-326.73333334	-0.00000055
-326.70000000	0.00000026
-326.66666667	-0.00000126
-326.63333334	-0.00000183
-326.60000001	0.00000010
-326.56666667	0.00000046
-326.53333334	-0.00000200
-326.50000001	-0.00000315
-326.46666667	-0.00000477
-326.43333334	-0.00000054
-326.40000001	0.00000342
-326.36666667	0.00000074
-326.33333334	0.00000529
-326.30000001	0.00000410
-326.26666667	0.00000584
-326.23333334	-0.00000286
-326.20000001	-0.00000042
-326.16666667	0.00000230
-326.13333334	-0.00000003
-326.10000001	0.00000516
-326.06666667	0.00000728
-326.03333334	0.00000823
-326.00000001	0.00000721
-325.96666667	0.00001239
-325.93333334	0.00001375
-325.90000001	-0.00001176
-325.86666667	0.00001241
-325.83333334	0.00002897
-325.80000001	0.00003257
-325.76666667	0.00002851
-325.73333334	0.00001195
-325.70000001	-0.00000611
-325.66666667	0.00001067
-325.63333334	0.00002861
-325.60000001	-0.00004189
-325.56666667	-0.00002453
-325.53333334	0.00001246
-325.50000001	0.00000899
-325.46666668	0.00005756
-325.43333334	0.00004854
-325.40000001	0.00006692
-325.36666668	0.00001014
-325.33333334	0.00003249
-325.30000001	0.00002712
-325.26666668	0.00001255
-325.23333334	0.00000729
-325.20000001	0.00002055
-325.16666668	0.00003269
-325.13333334	0.00002475
-325.10000001	0.00009385
-325.06666668	0.00010589
-325.03333334	0.00014481
-325.00000001	0.00007220
-324.96666668	0.00008032
-324.93333334	0.00000170
-324.90000001	0.00004143
-324.86666668	0.00007444
-324.83333334	0.00003078
-324.80000001	0.00008958
-324.76666668	0.00004878
-324.73333334	0.00012930
-324.70000001	0.00018392
-324.66666668	0.00022345
-324.63333334	0.00021680
-324.60000001	0.00022437
-324.56666668	0.00011852
-324.53333334	0.00020096
-324.50000001	0.00020475
-324.46666668	0.00014914
-324.43333334	0.00029172
-324.40000001	0.00024924
-324.36666668	0.00026482
-324.33333335	0.00020958
-324.30000001	0.00024934
-324.26666668	0.00020045
-324.23333335	0.00016695
-324.20000001	0.00025713
-324.16666668	0.00014160
-324.13333335	0.00026817
-324.10000001	0.00015220
-324.06666668	0.00037209
-324.03333335	0.00017048
-324.00000001	0.00014823
-323.96666668	0.00018356
-323.93333335	0.00015387
-323.90000001	0.00026458
-323.86666668	0.00036425
-323.83333335	0.00021117
-323.80000001	0.00016712
-323.76666668	0.00011699
-323.73333335	0.00047809
-323.70000001	0.00020123
-323.66666668	0.00022376
-323.63333335	0.00028559
-323.60000001	0.00017179
-323.56666668	0.00022642
-323.53333335	0.00028511
-323.50000001	0.00037003
-323.46666668	0.00040770
-323.43333335	0.00038351
-323.40000001	0.00035092
-323.36666668	0.00037940
-323.33333335	0.00021812
-323.30000001	0.00021606
-323.26666668	0.00021658
-323.23333335	0.00040978
-323.20000002	0.00036869
-323.16666668	0.00045074
-323.13333335	0.00048791
-323.10000002	0.00056534
-323.06666668	0.00032509
-323.03333335	0.00042916
-323.00000002	0.00055698
-322.96666668	0.00031001
-322.93333335	0.00015875
-322.90000002	0.00005020
-322.86666668	0.00035162
-322.83333335	0.00008840
-322.80000002	0.00026948
-322.76666668	0.00043523
-322.73333335	0.00032668
-322.70000002	0.00028929
-322.66666668	0.00017204
-322.63333335	0.00025327
-322.60000002	0.00060510
-322.56666668	0.00054698
-322.53333335	0.00048519
-322.50000002	0.00024388
-322.46666668	0.00038811
-322.43333335	0.00024451
-322.40000002	0.00023890
-322.36666668	0.00021243
-322.33333335	0.00027947
-322.30000002	0.00035637
-322.26666668	0.00064220
-322.23333335	0.00042002
-322.20000002	0.00043716
-322.16666668	0.00040659
-322.13333335	0.00006024
-322.10000002	0.00033041
-322.06666669	0.00038473
-322.03333335	0.00052001
-322.00000002	0.00025417
-321.96666669	0.00051557
-321.93333335	0.00018301
-321.90000002	0.00026029
-321.86666669	0.00007900
-321.83333335	0.00031575
-321.80000002	-0.00020814
-321.76666669	0.00032550
-321.73333335	0.00024767
-321.70000002	0.00020175
-321.66666669	0.00019059
-321.63333335	-0.00001742
-321.60000002	0.00014641
-321.56666669	0.00020337
-321.53333335	0.00013166
-321.50000002	0.00020611
-321.46666669	0.00029370
-321.43333335	-0.00001044
-321.40000002	0.00046390
-321.36666669	0.00013858
-321.33333335	-0.00006105
-321.30000002	0.00003648
-321.26666669	0.00021314
-321.23333335	-0.00000675
-321.20000002	0.00003101
-321.16666669	-0.00003829
-321.13333335	-0.00002628
-321.10000002	0.00011530
-321.06666669	0.00031463
-321.03333335	0.00007852
-321.00000002	0.00006635
-320.96666669	0.00016789
-320.93333336	0.00028410
-320.90000002	0.00016132
-320.86666669	0.00023773
-320.83333336	0.00039516
-320.80000002	0.00011506
-320.76666669	0.00004147
-320.73333336	0.00017397
-320.70000002	-0.00016388
-320.66666669	0.00020481
-320.63333336	0.00020087
-320.60000002	0.00014984
-320.56666669	0.00018686
-320.53333336	0.00022756
-320.50000002	0.00028747
-320.46666669	0.00030478
-320.43333336	0.00044349
-320.40000002	0.00031566
-320.36666669	0.00014405
-320.33333336	0.00005210
-320.30000002	0.00007373
-320.26666669	0.00009502
-320.23333336	0.00005006
-320.20000002	0.00018499
-320.16666669	0.00030394
-320.13333336	0.00014238
-320.10000002	0.00027093
-320.06666669	0.00019173
-320.03333336	0.00020235
-320.00000002	0.00036886
-319.96666669	0.00027267
-319.93333336	-0.00011222
-319.90000002	0.00026193
-319.86666669	0.00020246
-319.83333336	0.00012584
-319.80000003	0.00030597
-319.76666669	0.00028282
-319.73333336	0.00011725
-319.70000003	0.00004098
-319.66666669	0.00021999
-319.63333336	0.00023686
-319.60000003	0.00010460
-319.56666669	0.00025621
-319.53333336	0.00033239
-319.50000003	0.00021925
-319.46666669	0.00031667
-319.43333336	0.00025887
-319.40000003	0.00011192
-319.36666669	0.00024002
-319.33333336	0.00008771
-319.30000003	0.00014145
-319.26666669	0.00013205
-319.23333336	0.00031908
-319.20000003	0.00007417
-319.16666669	0.00017403
-319.13333336	0.00035689
-319.10000003	0.00020754
-319.06666669	0.00039088
-319.03333336	0.00043721
-319.00000003	0.00011244
-318.96666669	0.00013086
-318.93333336	-0.00009088
-318.90000003	0.00017076
-318.86666669	0.00051087
-318.83333336	0.00039019
-318.80000003	0.00028605
-318.76666669	0.00047139
-318.73333336	0.00022297
-318.70000003	0.00033497
-318.66666670	0.00040138
-318.63333336	0.00040930
-318.60000003	0.00035077
-318.56666670	0.00032673
-318.53333336	0.00023925
-318.50000003	0.00058208
-318.46666670	0.00040577
-318.43333336	0.00042660
-318.40000003	0.00049427
-318.36666670	0.00047915
-318.33333336	0.00059357
-318.30000003	0.00061765
-318.26666670	0.00049863
-318.23333336	0.00052607
-318.20000003	0.00071676
-318.16666670	0.00054133
-318.13333336	0.00096943
-318.10000003	0.00084897
-318.06666670	0.00073139
-318.03333336	0.00057491
-318.00000003	0.00087716
-317.96666670	0.00094310
-317.93333336	0.00094987
-317.90000003	0.00106329
-317.86666670	0.00089390
-317.83333336	0.00097483
-317.80000003	0.00078557
-317.76666670	0.00073619
-317.73333336	0.00081640
-317.70000003	0.00101152
-317.66666670	0.00110929
-317.63333336	0.00062328
-317.60000003	0.00066946
-317.56666670	0.00072996
-317.53333337	0.00078658
-317.50000003	0.00063716
-317.46666670	0.00071232
-317.43333337	0.00081273
-317.40000003	0.00073301
-317.36666670	0.00114554
-317.33333337	0.00086217
-317.30000003	0.00081918
-317.26666670	0.00077641
-317.23333337	0.00104442
-317.20000003	0.00096501
-317.16666670	0.00108893
-317.13333337	0.00104356
-317.10000003	0.00084431
-317.06666670	0.00098829
-317.03333337	0.00104387
-317.00000003	0.00126025
-316.96666670	0.00122100
-316.93333337	0.00130181
-316.90000003	0.00078717
-316.86666670	0.00089040
-316.83333337	0.00098841
-316.80000003	0.00089578
-316.76666670	0.00092995
-316.73333337	0.00069745
-316.70000003	0.00091402
-316.66666670	0.00090709
-316.63333337	0.00106021
-316.60000003	0.00080179
-316.56666670	0.00104854
-316.53333337	0.00098367
-316.50000003	0.00072953
-316.46666670	0.00075103
-316.43333337	0.00084861
-316.40000004	0.00076168
-316.36666670	0.00075776
-316.33333337	0.00094214
-316.30000004	0.00081853
-316.26666670	0.00107316
-316.23333337	0.00094353
-316.20000004	0.00097887
-316.16666670	0.00074353
-316.13333337	0.00088198
-316.10000004	0.00073883
-316.06666670	0.00086306
-316.03333337	0.00087493
-316.00000004	0.00086689
-315.96666670	0.00106914
-315.93333337	0.00076007
-315.90000004	0.00105205
-315.86666670	0.00091148
-315.83333337	0.00074206
-315.80000004	0.00099441
-315.76666670	0.00100722
-315.73333337	0.00096222
-315.70000004	0.00109046
-315.66666670	0.00084936
-315.63333337	0.00085729
-315.60000004	0.00105346
-315.56666670	0.00084623
-315.53333337	0.00088652
-315.50000004	0.00068272
-315.46666670	0.00043487
-315.43333337	0.00050893
-315.40000004	0.00065010
-315.36666670	0.00092448
-315.33333337	0.00085162
-315.30000004	0.00076236
-315.26666670	0.00072227
-315.23333337	0.00068972
-315.20000004	0.00069283
-315.16666671	0.00080402
-315.13333337	0.00079285
-315.10000004	0.00084582
-315.06666671	0.00052089
-315.03333337	0.00068686
-315.00000004	0.00066514
-314.96666671	0.00050157
-314.93333337	0.00047121
-314.90000004	0.00043120
-314.86666671	0.00056384
-314.83333337	0.00052386
-314.80000004	0.00059359
-314.76666671	0.00044563
-314.73333337	0.00048399
-314.70000004	0.00072962
-314.66666671	0.00040674
-314.63333337	0.00041746
-314.60000004	0.00025667
-314.56666671	0.00010164
-314.53333337	0.00017360
-314.50000004	0.00014177
-314.46666671	0.00054140
-314.43333337	0.00065572
-314.40000004	0.00046322
-314.36666671	0.00033683
-314.33333337	0.00027085
-314.30000004	0.00020635
-314.26666671	0.00043312
-314.23333337	0.00033420
-314.20000004	0.00042411
-314.16666671	0.00028969
-314.13333337	0.00022240
-314.10000004	0.00032179
-314.06666671	0.00034605
-314.03333338	0.00022037
-314.00000004	0.00025073
-313.96666671	0.00018927
-313.93333338	0.00006562
-313.90000004	0.00018361
-313.86666671	0.00042103
-313.83333338	0.00021711
-313.80000004	0.00031561
-313.76666671	0.00039540
-313.73333338	0.00020079
-313.70000004	0.00058557
-313.66666671	0.00045879
-313.63333338	0.00034814
-313.60000004	0.00024385
-313.56666671	0.00029871
-313.53333338	0.00048866
-313.50000004	0.00033541
-313.46666671	0.00029604
-313.43333338	0.00028595
-313.40000004	0.00032724
-313.36666671	0.00007361
-313.33333338	0.00021692
-313.30000004	0.00029828
-313.26666671	0.00030278
-313.23333338	0.00000532
-313.20000004	0.00013130
-313.16666671	0.00017860
-313.13333338	0.00029575
-313.10000004	0.00031670
-313.06666671	0.00014698
-313.03333338	0.00005711
-313.00000004	0.00041926
-312.96666671	0.00043820
-312.93333338	0.00031767
-312.90000005	0.00018823
-312.86666671	0.00043145
-312.83333338	0.00012284
-312.80000005	0.00016514
-312.76666671	0.00055604
-312.73333338	0.00043892
-312.70000005	0.00006901
-312.66666671	0.00013426
-312.63333338	0.00015766
-312.60000005	0.00010323
-312.56666671	0.00039992
-312.53333338	0.00040568
-312.50000005	0.00054287
-312.46666671	0.00043934
-312.43333338	0.00037930
-312.40000005	0.00025315
-312.36666671	0.00044568
-312.33333338	0.00031863
-312.30000005	0.00010223
-312.26666671	0.00018873
-312.23333338	0.00018204
-312.20000005	0.00000451
-312.16666671	0.00002520
-312.13333338	0.00027465
-312.10000005	-0.00005551
-312.06666671	0.00037268
-312.03333338	0.00002665
-312.00000005	0.00037244
-311.96666671	0.00016734
-311.93333338	0.00012557
-311.90000005	0.00030134
-311.86666671	0.00035639
-311.83333338	0.00036277
-311.80000005	0.00029219
-311.76666672	0.00052215
-311.73333338	0.00058373
-311.70000005	0.00038910
-311.66666672	0.00044303
-311.63333338	0.00054019
-311.60000005	0.00018942
-311.56666672	0.00058428
-311.53333338	0.00044414
-311.50000005	0.00049891
-311.46666672	0.00061740
-311.43333338	0.00049817
-311.40000005	0.00040950
-311.36666672	0.00020426
-311.33333338	0.00048520
-311.30000005	0.00037222
-311.26666672	0.00058059
-311.23333338	0.00069273
-311.20000005	0.00018337
-311.16666672	0.00056942
-311.13333338	0.00075477
-311.10000005	0.00073294
-311.06666672	0.00061530
-311.03333338	0.00036065
-311.00000005	0.00050181
-310.96666672	0.00057582
-310.93333338	0.00039772
-310.90000005	0.00055658
-310.86666672	0.00059735
-310.83333338	0.00081715
-310.80000005	0.00032435
-310.76666672	0.00056392
-310.73333338	0.00047294
-310.70000005	0.00063849
-310.66666672	0.00045023
-310.63333339	0.00070277
-310.60000005	0.00035627
-310.56666672	0.00050578
-310.53333339	0.00052993
-310.50000005	0.00063846
-310.46666672	0.00047508
-310.43333339	0.00049349
-310.40000005	0.00059405
-310.36666672	0.00083625
-310.33333339	0.00030971
-310.30000005	0.00049639
-310.26666672	0.00062498
-310.23333339	0.00039821
-310.20000005	0.00046393
-310.16666672	0.00065602
-310.13333339	0.00058086
-310.10000005	0.00027547
-310.06666672	0.00038896
-310.03333339	0.00048412
-310.00000005	0.00053951
-309.96666672	0.00060702
-309.93333339	0.00052943
-309.90000005	0.00033897
-309.86666672	0.00022361
-309.83333339	0.00049821
-309.80000005	0.00036478
-309.76666672	0.00042997
-309.73333339	0.00033931
-309.70000005	0.00024815
-309.66666672	0.00064331
-309.63333339	0.00058041
-309.60000005	0.00040686
-309.56666672	0.00051075
-309.53333339	0.00055447
-309.50000006	0.00045817
-309.46666672	0.00051212
-309.43333339	0.00050755
-309.40000006	0.00041520
-309.36666672	0.00036865
-309.33333339	0.00039951
-309.30000006	0.00045514
-309.26666672	0.00064949
-309.23333339	0.00029159
-309.20000006	0.00064220
-309.16666672	0.00059788
-309.13333339	0.00052143
-309.10000006	0.00038364
-309.06666672	0.00033144
-309.03333339	0.00052619
-309.00000006	0.00060644
-308.96666672	0.00048430
-308.93333339	0.00054033
-308.90000006	0.00043463
-308.86666672	0.00051640
-308.83333339	0.00018138
-308.80000006	0.00069095
-308.76666672	0.00063096
-308.73333339	0.00031186
-308.70000006	0.00050342
-308.66666672	0.00046032
-308.63333339	0.00038496
-308.60000006	0.00077743
-308.56666672	0.00034749
-308.53333339	0.00075964
-308.50000006	0.00050240
-308.46666672	0.00053399
-308.43333339	0.00048605
-308.40000006	0.00046115
-308.36666673	0.00060251
-308.33333339	0.00039659
-308.30000006	0.00051217
-308.26666673	0.00055568
-308.23333339	0.00016588
-308.20000006	0.00031334
-308.16666673	0.00068471
-308.13333339	0.00029142
-308.10000006	0.00038777
-308.06666673	0.00017923
-308.03333339	0.00003318
-308.00000006	0.00020503
-307.96666673	0.00041848
-307.93333339	0.00058780
-307.90000006	0.00054615
-307.86666673	0.00067666
-307.83333339	0.00063772
-307.80000006	0.00048971
-307.76666673	0.00050486
-307.73333339	0.00057378
-307.70000006	0.00038982
-307.66666673	0.00032302
-307.63333339	0.00050106
-307.60000006	0.00065683
-307.56666673	0.00040622
-307.53333339	0.00018785
-307.50000006	0.00050727
-307.46666673	0.00032390
-307.43333339	0.00055330
-307.40000006	0.00057477
-307.36666673	0.00049975
-307.33333339	0.00072829
-307.30000006	0.00073800
-307.26666673	0.00019761
-307.23333340	0.00018566
-307.20000006	0.00025353
-307.16666673	0.00058392
-307.13333340	0.00060333
-307.10000006	0.00034346
-307.06666673	0.00055285
-307.03333340	0.00048159
-307.00000006	0.00065146
-306.96666673	0.00047881
-306.93333340	0.00050045
-306.90000006	0.00029370
-306.86666673	0.00025800
-306.83333340	0.00036977
-306.80000006	0.00036810
-306.76666673	0.00031702
-306.73333340	0.00017450
-306.70000006	0.00001434
-306.66666673	0.00035181
-306.63333340	0.00005584
-306.60000006	-0.00002628
-306.56666673	-0.00013269
-306.53333340	0.00001929
-306.50000006	0.00027370
-306.46666673	0.00012814
-306.43333340	-0.00005762
-306.40000006	0.00026210
-306.36666673	0.00006992
-306.33333340	0.00004080
-306.30000006	0.00010248
-306.26666673	-0.00015662
-306.23333340	-0.00014487
-306.20000006	0.00005844
-306.16666673	-0.00005478
-306.13333340	-0.00021474
-306.10000007	-0.00008481
-306.06666673	-0.00028277
-306.03333340	-0.00028609
-306.00000007	-0.00027000
-305.96666673	-0.00024042
-305.93333340	-0.00007874
-305.90000007	-0.00023880
-305.86666673	0.00003943
-305.83333340	-0.00060915
-305.80000007	-0.00047828
-305.76666673	-0.00042779
-305.73333340	-0.00018607
-305.70000007	-0.00004799
-305.66666673	-0.00010399
-305.63333340	-0.00052519
-305.60000007	-0.00025175
-305.56666673	-0.00060378
-305.53333340	-0.00050450
-305.50000007	-0.00044724
-305.46666673	-0.00043275
-305.43333340	-0.00014445
-305.40000007	-0.00041987
-305.36666673	-0.00024665
-305.33333340	-0.00014631
-305.30000007	-0.00018776
-305.26666673	-0.00062086
-305.23333340	-0.00035875
-305.20000007	-0.00053994
-305.16666673	-0.00058878
-305.13333340	-0.00058377
-305.10000007	-0.00064086
-305.06666673	-0.00056516
-305.03333340	-0.00031746
-305.00000007	-0.00036597
-304.96666674	-0.00037943
-304.93333340	-0.00054690
-304.90000007	-0.00034069
-304.86666674	-0.00045997
-304.83333340	-0.00057595
-304.80000007	-0.00059643
-304.76666674	-0.00005142
-304.73333340	-0.00020651
-304.70000007	-0.00031044
-304.66666674	-0.00018143
-304.63333340	0.00008359
-304.60000007	0.00017901
-304.56666674	0.00017345
-304.53333340	-0.00010724
-304.50000007	0.00004248
-304.46666674	0.00003652
-304.43333340	-0.00012007
-304.40000007	-0.00007443
-304.36666674	-0.00006870
-304.33333340	0.00023774
-304.30000007	-0.00005214
-304.26666674	0.00011422
-304.23333340	-0.00010264
-304.20000007	0.00000915
-304.16666674	0.00002320
-304.13333340	0.00021506
-304.10000007	0.00016602
-304.06666674	0.00007592
-304.03333340	0.00006736
-304.00000007	-0.00012116
-303.96666674	-0.00015082
-303.93333340	0.00028625
-303.90000007	-0.00000361
-303.86666674	-0.00003180
-303.83333340	0.00043410
-303.80000007	0.00011987
-303.76666674	0.00020747
-303.73333341	0.00024766
-303.70000007	0.00029981
-303.66666674	0.00036749
-303.63333341	0.00014259
-303.60000007	0.00007374
-303.56666674	0.00019740
-303.53333341	0.00034138
-303.50000007	0.00040266
-303.46666674	0.00042149
-303.43333341	0.00057649
-303.40000007	0.00040637
-303.36666674	0.00013635
-303.33333341	0.00006181
-303.30000007	0.00004329
-303.26666674	-0.00003270
-303.23333341	0.00007142
-303.20000007	0.00001045
-303.16666674	-0.00006121
-303.13333341	0.00015527
-303.10000007	0.00004955
-303.06666674	-0.00012068
-303.03333341	-0.00002352
-303.00000007	-0.00045680
-302.96666674	-0.00021251
-302.93333341	-0.00039829
-302.90000007	-0.00034437
-302.86666674	-0.00038274
-302.83333341	-0.00051758
-302.80000007	-0.00055532
-302.76666674	-0.00047651
-302.73333341	-0.00033076
-302.70000007	-0.00075948
-302.66666674	-0.00043795
-302.63333341	-0.00060588
-302.60000008	-0.00050401
-302.56666674	-0.00061593
-302.53333341	-0.00046207
-302.50000008	-0.00059607
-302.46666674	-0.00058370
-302.43333341	-0.00061951
-302.40000008	-0.00039654
-302.36666674	-0.00060557
-302.33333341	-0.00035661
-302.30000008	-0.00029456
-302.26666674	-0.00006968
-302.23333341	-0.00037886
-302.20000008	-0.00055246
-302.16666674	-0.00051238
-302.13333341	-0.00034157
-302.10000008	-0.00022157
-302.06666674	-0.00035199
-302.03333341	-0.00044862
-302.00000008	-0.00011330
-301.96666674	-0.00043474
-301.93333341	-0.00029803
-301.90000008	-0.00037423
-301.86666674	-0.00016947
-301.83333341	-0.00025674
-301.80000008	0.00005966
-301.76666674	-0.00020366
-301.73333341	-0.00004123
-301.70000008	-0.00028335
-301.66666674	-0.00037775
-301.63333341	-0.00030225
-301.60000008	-0.00005106
-301.56666674	-0.00003041
-301.53333341	-0.00009467
-301.50000008	0.00008118
-301.46666675	0.00021775
-301.43333341	-0.00013673
-301.40000008	0.00008772
-301.36666675	0.00028085
-301.33333341	0.00038805
-301.30000008	0.00013504
-301.26666675	0.00040115
-301.23333341	0.00036348
-301.20000008	0.00044378
-301.16666675	0.00014430
-301.13333341	0.00029033
-301.10000008	0.00030708
-301.06666675	0.00013337
-301.03333341	0.00030969
-301.00000008	0.00062149
-300.96666675	0.00045008
-300.93333341	0.00075320
-300.90000008	0.00052902
-300.86666675	0.00068090
-300.83333341	0.00064331
-300.80000008	0.00095424
-300.76666675	0.00103436
-300.73333341	0.00115975
-300.70000008	0.00128308
-300.66666675	0.00134924
-300.63333341	0.00130519
-300.60000008	0.00142861
-300.56666675	0.00189592
-300.53333341	0.00160636
-300.50000008	0.00173478
-300.46666675	0.00205870
-300.43333341	0.00195342
-300.40000008	0.00218500
-300.36666675	0.00229420
-300.33333342	0.00240906
-300.30000008	0.00260960
-300.26666675	0.00252068
-300.23333342	0.00279194
-300.20000008	0.00295938
-300.16666675	0.00305688
-300.13333342	0.00324482
-300.10000008	0.00300591
-300.06666675	0.00340999
-300.03333342	0.00383316
-300.00000008	0.00383865
-299.96666675	0.00378942
-299.93333342	0.00379930
-299.90000008	0.00419128
-299.86666675	0.00406472
-299.83333342	0.00460341
-299.80000008	0.00459069
-299.76666675	0.00434135
-299.73333342	0.00478875
-299.70000008	0.00476945
-299.66666675	0.00477441
-299.63333342	0.00437700
-299.60000008	0.00500685
-299.56666675	0.00501391
-299.53333342	0.00476264
-299.50000008	0.00506411
-299.46666675	0.00486862
-299.43333342	0.00478536
-299.40000008	0.00490654
-299.36666675	0.00483173
-299.33333342	0.00453238
-299.30000008	0.00472242
-299.26666675	0.00421490
-299.23333342	0.00436900
-299.20000009	0.00389545
-299.16666675	0.00428207
-299.13333342	0.00414867
-299.10000009	0.00365909
-299.06666675	0.00392603
-299.03333342	0.00360937
-299.00000009	0.00345334
-298.96666675	0.00319337
-298.93333342	0.00329626
-298.90000009	0.00294449
-298.86666675	0.00261420
-298.83333342	0.00241219
-298.80000009	0.00226394
-298.76666675	0.00192680
-298.73333342	0.00190708
-298.70000009	0.00148539
-298.66666675	0.00131853
-298.63333342	0.00127525
-298.60000009	0.00095507
-298.56666675	0.00096972
-298.53333342	0.00064713
-298.50000009	0.00052382
-298.46666675	0.00024788
-298.43333342	0.00001032
-298.40000009	-0.00007424
-298.36666675	-0.00035751
-298.33333342	-0.00038257
-298.30000009	-0.00061764
-298.26666675	-0.00092375
-298.23333342	-0.00075319
-298.20000009	-0.00098888
-298.16666675	-0.00116826
-298.13333342	-0.00129586
-298.10000009	-0.00116987
-298.06666676	-0.00109438
-298.03333342	-0.00162308
-298.00000009	-0.00168950
-297.96666676	-0.00145966
-297.93333342	-0.00173797
-297.90000009	-0.00169190
-297.86666676	-0.00152020
-297.83333342	-0.00151933
-297.80000009	-0.00163984
-297.76666676	-0.00164813
-297.73333342	-0.00135003
-297.70000009	-0.00163134
-297.66666676	-0.00145978
-297.63333342	-0.00156935
-297.60000009	-0.00170073
-297.56666676	-0.00172791
-297.53333342	-0.00150192
-297.50000009	-0.00166726
-297.46666676	-0.00149059
-297.43333342	-0.00155057
-297.40000009	-0.00145851
-297.36666676	-0.00124976
-297.33333342	-0.00122832
-297.30000009	-0.00090222
-297.26666676	-0.00106240
-297.23333342	-0.00073735
-297.20000009	-0.00059751
-297.16666676	-0.00081098
-297.13333342	-0.00076433
-297.10000009	-0.00042994
-297.06666676	-0.00042407
-297.03333342	-0.00021062
-297.00000009	-0.00019652
-296.96666676	-0.00009899
-296.93333343	0.00006637
-296.90000009	-0.00015289
-296.86666676	0.00036085
-296.83333343	0.00040197
-296.80000009	0.00057031
-296.76666676	0.00061561
-296.73333343	0.00094390
-296.70000009	0.00065835
-296.66666676	0.00072174
-296.63333343	0.00040880
-296.60000009	0.00060163
-296.56666676	0.00085603
-296.53333343	0.00071577
-296.50000009	0.00097952
-296.46666676	0.00124689
-296.43333343	0.00088170
-296.40000009	0.00123868
-296.36666676	0.00115343
-296.33333343	0.00133789
-296.30000009	0.00131441
-296.26666676	0.00113280
-296.23333343	0.00140443
-296.20000009	0.00152469
-296.16666676	0.00122030
-296.13333343	0.00155259
-296.10000009	0.00140420
-296.06666676	0.00149238
-296.03333343	0.00135368
-296.00000009	0.00168343
-295.96666676	0.00163928
-295.93333343	0.00157970
-295.90000009	0.00166095
-295.86666676	0.00182949
-295.83333343	0.00180215
-295.80000010	0.00170605
-295.76666676	0.00209704
-295.73333343	0.00165730
-295.70000010	0.00198752
-295.66666676	0.00193764
-295.63333343	0.00201242
-295.60000010	0.00213440
-295.56666676	0.00215598
-295.53333343	0.00198440
-295.50000010	0.00202598
-295.46666676	0.00218870
-295.43333343	0.00223882
-295.40000010	0.00214355
-295.36666676	0.00262665
-295.33333343	0.00240725
-295.30000010	0.00228439
-295.26666676	0.00209122
-295.23333343	0.00237364
-295.20000010	0.00259122
-295.16666676	0.00231820
-295.13333343	0.00262337
-295.10000010	0.00225732
-295.06666676	0.00230736
-295.03333343	0.00261836
-295.00000010	0.00270259
-294.96666676	0.00243393
-294.93333343	0.00241059
-294.90000010	0.00239929
-294.86666676	0.00220797
-294.83333343	0.00208027
-294.80000010	0.00210045
-294.76666676	0.00245219
-294.73333343	0.00250034
-294.70000010	0.00235887
-294.66666677	0.00239641
-294.63333343	0.00229009
-294.60000010	0.00247125
-294.56666677	0.00250560
-294.53333343	0.00233960
-294.50000010	0.00243121
-294.46666677	0.00255295
-294.43333343	0.00233175
-294.40000010	0.00213294
-294.36666677	0.00238697
-294.33333343	0.00227017
-294.30000010	0.00240224
-294.26666677	0.00204383
-294.23333343	0.00211120
-294.20000010	0.00204147
-294.16666677	0.00191475
-294.13333343	0.00191758
-294.10000010	0.00190265
-294.06666677	0.00182264
-294.03333343	0.00160737
-294.00000010	0.00138503
-293.96666677	0.00141037
-293.93333343	0.00170925
-293.90000010	0.00135035
-293.86666677	0.00144195
-293.83333343	0.00130803
-293.80000010	0.00119086
-293.76666677	0.00115704
-293.73333343	0.00105195
-293.70000010	0.00115262
-293.66666677	0.00082635
-293.63333343	0.00078338
-293.60000010	0.00082709
-293.56666677	0.00041790
-293.53333344	0.00051753
-293.50000010	0.00046534
-293.46666677	0.00044792
-293.43333344	0.00027098
-293.40000010	0.00033795
-293.36666677	0.00000723
-293.33333344	-0.00000262
-293.30000010	-0.00001189
-293.26666677	-0.00013566
-293.23333344	-0.00025384
-293.20000010	-0.00027419
-293.16666677	-0.00036572
-293.13333344	-0.00010983
-293.10000010	-0.00035916
-293.06666677	-0.00045390
-293.03333344	-0.00040420
-293.00000010	-0.00048123
-292.96666677	-0.00053124
-292.93333344	-0.00063690
-292.90000010	-0.00067228
-292.86666677	-0.00053523
-292.83333344	-0.00065881
-292.80000010	-0.00059774
-292.76666677	-0.00071963
-292.73333344	-0.00064266
-292.70000010	-0.00086595
-292.66666677	-0.00095066
-292.63333344	-0.00074329
-292.60000010	-0.00084860
-292.56666677	-0.00136068
-292.53333344	-0.00101809
-292.50000010	-0.00086855
-292.46666677	-0.00104032
-292.43333344	-0.00115229
-292.40000010	-0.00078888
-292.36666677	-0.00091341
-292.33333344	-0.00109383
-292.30000011	-0.00102140
-292.26666677	-0.00054356
-292.23333344	-0.00065506
-292.20000011	-0.00064962
-292.16666677	-0.00044120
-292.13333344	-0.00063156
-292.10000011	-0.00009582
-292.06666677	-0.00023045
-292.03333344	-0.00017953
-292.00000011	-0.00007909
-291.96666677	-0.00027461
-291.93333344	0.00018332
-291.90000011	-0.00019719
-291.86666677	0.00012019
-291.83333344	0.00041501
-291.80000011	0.00040731
-291.76666677	0.00037951
-291.73333344	0.00050296
-291.70000011	0.00065316
-291.66666677	0.00085620
-291.63333344	0.00106329
-291.60000011	0.00114325
-291.56666677	0.00093610
-291.53333344	0.00128276
-291.50000011	0.00123678
-291.46666677	0.00138458
-291.43333344	0.00145076
-291.40000011	0.00143798
-291.36666677	0.00128482
-291.33333344	0.00129275
-291.30000011	0.00179878
-291.26666677	0.00159183
-291.23333344	0.00190408
-291.20000011	0.00183293
-291.16666678	0.00185391
-291.13333344	0.00210758
-291.10000011	0.00194855
-291.06666678	0.00212139
-291.03333344	0.00229535
-291.00000011	0.00207038
-290.96666678	0.00234366
-290.93333344	0.00230473
-290.90000011	0.00241161
-290.86666678	0.00218275
-290.83333344	0.00243917
-290.80000011	0.00228341
-290.76666678	0.00225586
-290.73333344	0.00278359
-290.70000011	0.00283078
-290.66666678	0.00291470
-290.63333344	0.00275896
-290.60000011	0.00273782
-290.56666678	0.00272355
-290.53333344	0.00276488
-290.50000011	0.00298298
-290.46666678	0.00278543
-290.43333344	0.00270321
-290.40000011	0.00281313
-290.36666678	0.00297368
-290.33333344	0.00301875
-290.30000011	0.00318198
-290.26666678	0.00333789
-290.23333344	0.00315728
-290.20000011	0.00334485
-290.16666678	0.00336025
-290.13333344	0.00339991
-290.10000011	0.00359491
-290.06666678	0.00320695
-290.03333345	0.00336699
-290.00000011	0.00362941
-289.96666678	0.00369906
-289.93333345	0.00362664
-289.90000011	0.00338658
-289.86666678	0.00382354
-289.83333345	0.00398801
-289.80000011	0.00400072
-289.76666678	0.00404773
-289.73333345	0.00350621
-289.70000011	0.00345638
-289.66666678	0.00301574
-289.63333345	0.00248774
-289.60000011	0.00182082
-289.56666678	0.00141853
-289.53333345	0.00083864
-289.50000011	-0.00009501
-289.46666678	-0.00043696
-289.43333345	-0.00107630
-289.40000011	-0.00144298
-289.36666678	-0.00155994
-289.33333345	-0.00206928
-289.30000011	-0.00250088
-289.26666678	-0.00229903
-289.23333345	-0.00223709
-289.20000011	-0.00181718
-289.16666678	-0.00162362
-289.13333345	-0.00130282
-289.10000011	-0.00092353
-289.06666678	-0.00048584
-289.03333345	-0.00007329
-289.00000011	0.00042524
-288.96666678	0.00094077
-288.93333345	0.00187301
-288.90000012	0.00220855
-288.86666678	0.00250075
-288.83333345	0.00282745
-288.80000012	0.00322836
-288.76666678	0.00365845
-288.73333345	0.00384597
-288.70000012	0.00434952
-288.66666678	0.00459985
-288.63333345	0.00485809
-288.60000012	0.00516201
-288.56666678	0.00511566
-288.53333345	0.00523385
-288.50000012	0.00534530
-288.46666678	0.00524785
-288.43333345	0.00548354
-288.40000012	0.00573955
-288.36666678	0.00534201
-288.33333345	0.00541697
-288.30000012	0.00500029
-288.26666678	0.00437464
-288.23333345	0.00417391
-288.20000012	0.00356784
-288.16666678	0.00263406
-288.13333345	0.00206285
-288.10000012	0.00146548
-288.06666678	0.00048744
-288.03333345	-0.00022207
-288.00000012	-0.00076762
-287.96666678	-0.00143037
-287.93333345	-0.00153098
-287.90000012	-0.00185129
-287.86666678	-0.00191893
-287.83333345	-0.00163754
-287.80000012	-0.00179722
-287.76666679	-0.00138195
-287.73333345	-0.00073644
-287.70000012	-0.00003266
-287.66666679	0.00068195
-287.63333345	0.00142122
-287.60000012	0.00201380
-287.56666679	0.00292729
-287.53333345	0.00358854
-287.50000012	0.00436142
-287.46666679	0.00470954
-287.43333345	0.00543182
-287.40000012	0.00574085
-287.36666679	0.00594083
-287.33333345	0.00635963
-287.30000012	0.00660080
-287.26666679	0.00668836
-287.23333345	0.00687817
-287.20000012	0.00728650
-287.16666679	0.00730981
-287.13333345	0.00766604
-287.10000012	0.00781733
-287.06666679	0.00796785
-287.03333345	0.00806102
-287.00000012	0.00801492
-286.96666679	0.00816338
-286.93333345	0.00817538
-286.90000012	0.00835084
-286.86666679	0.00826305
-286.83333345	0.00847669
-286.80000012	0.00842783
-286.76666679	0.00836155
-286.73333345	0.00795546
-286.70000012	0.00810196
-286.66666679	0.00838346
-286.63333346	0.00827137
-286.60000012	0.00839503
-286.56666679	0.00840710
-286.53333346	0.00808100
-286.50000012	0.00803015
-286.46666679	0.00831149
-286.43333346	0.00786991
-286.40000012	0.00801406
-286.36666679	0.00824420
-286.33333346	0.00816594
-286.30000012	0.00791265
-286.26666679	0.00823062
-286.23333346	0.00817767
-286.20000012	0.00839684
-286.16666679	0.00815907
-286.13333346	0.00851828
-286.10000012	0.00859111
-286.06666679	0.00866635
-286.03333346	0.00849488
-286.00000012	0.00849048
-285.96666679	0.00858625
-285.93333346	0.00874100
-285.90000012	0.00900293
-285.86666679	0.00900387
-285.83333346	0.00890352
-285.80000012	0.00903335
-285.76666679	0.00904146
-285.73333346	0.00896687
-285.70000012	0.00894673
-285.66666679	0.00848987
-285.63333346	0.00868055
-285.60000012	0.00860224
-285.56666679	0.00869322
-285.53333346	0.00876151
-285.50000013	0.00870991
-285.46666679	0.00860944
-285.43333346	0.00868748
-285.40000013	0.00869016
-285.36666679	0.00879803
-285.33333346	0.00886723
-285.30000013	0.00897787
-285.26666679	0.00878718
-285.23333346	0.00899666
-285.20000013	0.00923220
-285.16666679	0.00890008
-285.13333346	0.00868300
-285.10000013	0.00845782
-285.06666679	0.00805461
-285.03333346	0.00738061
-285.00000013	0.00692156
-284.96666679	0.00648207
-284.93333346	0.00563229
-284.90000013	0.00534909
-284.86666679	0.00493459
-284.83333346	0.00457704
-284.80000013	0.00474487
-284.76666679	0.00539327
-284.73333346	0.00543736
-284.70000013	0.00629251
-284.66666679	0.00719744
-284.63333346	0.00846724
-284.60000013	0.00961980
-284.56666679	0.01081274
-284.53333346	0.01235896
-284.50000013	0.01340676
-284.46666679	0.01472490
-284.43333346	0.01629618
-284.40000013	0.01721940
-284.36666680	0.01823675
-284.33333346	0.01951990
-284.30000013	0.02048679
-284.26666680	0.02166707
-284.23333346	0.02240412
-284.20000013	0.02339808
-284.16666680	0.02436170
-284.13333346	0.02542068
-284.10000013	0.02680475
-284.06666680	0.02769747
-284.03333346	0.02895576
-284.00000013	0.03054795
-283.96666680	0.03176912
-283.93333346	0.03334152
-283.90000013	0.03466386
-283.86666680	0.03640532
-283.83333346	0.03818164
-283.80000013	0.04014549
-283.76666680	0.04183975
-283.73333346	0.04405920
-283.70000013	0.04637027
-283.66666680	0.04863627
-283.63333346	0.05113890
-283.60000013	0.05352454
-283.56666680	0.05597606
-283.53333346	0.05901620
-283.50000013	0.06164336
-283.46666680	0.06511414
-283.43333346	0.06805580
-283.40000013	0.07184010
-283.36666680	0.07587574
-283.33333346	0.07993261
-283.30000013	0.08424312
-283.26666680	0.08876416
-283.23333347	0.09388111
-283.20000013	0.09904125
-283.16666680	0.10432945
-283.13333347	0.10984870
-283.10000013	0.11604284
-283.06666680	0.12228565
-283.03333347	0.12878730
-283.00000013	0.13527084
-282.96666680	0.14241383
-282.93333347	0.15002565
-282.90000013	0.15759490
-282.86666680	0.16565970
-282.83333347	0.17423467
-282.80000013	0.18328963
-282.76666680	0.19265900
-282.73333347	0.20254226
-282.70000013	0.21254671
-282.66666680	0.22325494
-282.63333347	0.23406000
-282.60000013	0.24521931
-282.56666680	0.25654809
-282.53333347	0.26732405
-282.50000013	0.27837291
-282.46666680	0.28839621
-282.43333347	0.29792101
-282.40000013	0.30576902
-282.36666680	0.31241083
-282.33333347	0.31683910
-282.30000013	0.31851109
-282.26666680	0.31656166
-282.23333347	0.31008238
-282.20000013	0.29767895
-282.16666680	0.27750645
-282.13333347	0.24716345
-282.10000014	0.20388006
-282.06666680	0.14423606
-282.03333347	0.06423580
-282.00000014	-0.04039415
-281.96666680	-0.17452523
-281.93333347	-0.34043924
-281.90000014	-0.54068071
-281.86666680	-0.77462839
-281.83333347	-1.03782274
-281.80000014	-1.32337789
-281.76666680	-1.61914114
-281.73333347	-1.90996469
-281.70000014	-2.17773889
-281.66666680	-2.40380006
-281.63333347	-2.57067858
-281.60000014	-2.66472010
-281.56666680	-2.67741187
-281.53333347	-2.60701558
-281.50000014	-2.45810402
-281.46666680	-2.24167221
-281.43333347	-1.97202327
-281.40000014	-1.66606779
-281.36666680	-1.34129927
-281.33333347	-1.01290084
-281.30000014	-0.69348510
-281.26666680	-0.39327149
-281.23333347	-0.11929397
-281.20000014	0.12512932
-281.16666680	0.33611462
-281.13333347	0.51327091
-281.10000014	0.65931832
-281.06666680	0.77651077
-281.03333347	0.86838976
-281.00000014	0.93961810
-280.96666680	0.99337130
-280.93333347	1.03241382
-280.90000014	1.05930683
-280.86666681	1.07527194
-280.83333347	1.08195809
-280.80000014	1.08129313
-280.76666681	1.07519922
-280.73333347	1.06467457
-280.70000014	1.05072165
-280.66666681	1.03404244
-280.63333347	1.01393670
-280.60000014	0.99021370
-280.56666681	0.96119407
-280.53333347	0.92644763
-280.50000014	0.88584807
-280.46666681	0.83852507
-280.43333347	0.78575984
-280.40000014	0.72749849
-280.36666681	0.66536555
-280.33333347	0.60114092
-280.30000014	0.53607888
-280.26666681	0.47273665
-280.23333347	0.41328227
-280.20000014	0.36005263
-280.16666681	0.31559908
-280.13333347	0.28170639
-280.10000014	0.25979495
-280.06666681	0.24818542
-280.03333347	0.24749589
-280.00000014	0.25376129
-279.96666681	0.26446031
-279.93333347	0.27586024
-279.90000014	0.28547993
-279.86666681	0.28950651
-279.83333347	0.28622164
-279.80000014	0.27445988
-279.76666681	0.25365285
-279.73333348	0.22462973
-279.70000014	0.18817643
-279.66666681	0.14704737
-279.63333348	0.10427077
-279.60000014	0.06311610
-279.56666681	0.02636919
-279.53333348	-0.00236386
-279.50000014	-0.02247917
-279.46666681	-0.03275994
-279.43333348	-0.03491192
-279.40000014	-0.03017665
-279.36666681	-0.02099564
-279.33333348	-0.00945349
-279.30000014	0.00196106
-279.26666681	0.01287453
-279.23333348	0.02205920
-279.20000014	0.02916052
-279.16666681	0.03437426
-279.13333348	0.03801397
-279.10000014	0.03976798
-279.06666681	0.03986172
-279.03333348	0.03851111
-279.00000014	0.03515364
-278.96666681	0.03073475
-278.93333348	0.02532386
-278.90000014	0.01934721
-278.86666681	0.01334383
-278.83333348	0.00728097
-278.80000014	0.00139267
-278.76666681	-0.00486587
-278.73333348	-0.01127524
-278.70000014	-0.01862553
-278.66666681	-0.02657185
-278.63333348	-0.03705285
-278.60000015	-0.04907357
-278.56666681	-0.06236304
-278.53333348	-0.07675687
-278.50000015	-0.09075939
-278.46666681	-0.10302226
-278.43333348	-0.11119904
-278.40000015	-0.11461597
-278.36666681	-0.11240537
-278.33333348	-0.10437017
-278.30000015	-0.09057981
-278.26666681	-0.07301212
-278.23333348	-0.05154617
-278.20000015	-0.02790280
-278.16666681	-0.00348829
-278.13333348	0.02060894
-278.10000015	0.04257052
-278.06666681	0.06036412
-278.03333348	0.07251000
-278.00000015	0.07770483
-277.96666681	0.07434899
-277.93333348	0.06315077
-277.90000015	0.04399496
-277.86666681	0.01907582
-277.83333348	-0.00951689
-277.80000015	-0.03810505
-277.76666681	-0.06382518
-277.73333348	-0.08454283
-277.70000015	-0.09800363
-277.66666681	-0.10359207
-277.63333348	-0.10139686
-277.60000015	-0.09156412
-277.56666681	-0.07626389
-277.53333348	-0.05776290
-277.50000015	-0.03838579
-277.46666682	-0.02087629
-277.43333348	-0.00698735
-277.40000015	0.00111218
-277.36666682	0.00278694
-277.33333348	-0.00138345
-277.30000015	-0.01045726
-277.26666682	-0.02376803
-277.23333348	-0.03934271
-277.20000015	-0.05576131
-277.16666682	-0.07120154
-277.13333348	-0.08464000
-277.10000015	-0.09568200
-277.06666682	-0.10365497
-277.03333348	-0.10902251
-277.00000015	-0.11155026
-276.96666682	-0.11103962
-276.93333348	-0.10862117
-276.90000015	-0.10494304
-276.86666682	-0.09913602
-276.83333348	-0.09234062
-276.80000015	-0.08375350
-276.76666682	-0.07482562
-276.73333348	-0.06561483
-276.70000015	-0.05693341
-276.66666682	-0.04901217
-276.63333348	-0.04279270
-276.60000015	-0.03833465
-276.56666682	-0.03504563
-276.53333348	-0.03293466
-276.50000015	-0.02999748
-276.46666682	-0.02522279
-276.43333348	-0.01836478
-276.40000015	-0.00813682
-276.36666682	0.00361614
-276.33333349	0.01617953
-276.30000015	0.02695443
-276.26666682	0.03496941
-276.23333349	0.03836867
-276.20000015	0.03698342
-276.16666682	0.03163135
-276.13333349	0.02322483
-276.10000015	0.01320468
-276.06666682	0.00359274
-276.03333349	-0.00568080
-276.00000015	-0.01387861
-275.96666682	-0.02033918
-275.93333349	-0.02607709
-275.90000015	-0.03082325
-275.86666682	-0.03471578
-275.83333349	-0.03806115
-275.80000015	-0.04123433
-275.76666682	-0.04375075
-275.73333349	-0.04642810
-275.70000015	-0.04809635
-275.66666682	-0.04964357
-275.63333349	-0.05159563
-275.60000015	-0.05343212
-275.56666682	-0.05557943
-275.53333349	-0.05856932
-275.50000015	-0.06091564
-275.46666682	-0.06263285
-275.43333349	-0.06277543
-275.40000015	-0.06009352
-275.36666682	-0.05463354
-275.33333349	-0.04690445
-275.30000015	-0.03739356
-275.26666682	-0.02770547
-275.23333349	-0.01885719
-275.20000016	-0.01191445
-275.16666682	-0.00781607
-275.13333349	-0.00591792
-275.10000016	-0.00694620
-275.06666682	-0.00947844
-275.03333349	-0.01333156
-275.00000016	-0.01815739
-274.96666682	-0.02265346
-274.93333349	-0.02628322
-274.90000016	-0.02779369
-274.86666682	-0.02827962
-274.83333349	-0.02630605
-274.80000016	-0.02277428
-274.76666682	-0.01865677
-274.73333349	-0.01409213
-274.70000016	-0.01030601
-274.66666682	-0.00642203
-274.63333349	-0.00300747
-274.60000016	0.00121968
-274.56666682	0.00603978
-274.53333349	0.01142242
-274.50000016	0.01629898
-274.46666682	0.02017082
-274.43333349	0.02143157
-274.40000016	0.01980158
-274.36666682	0.01441496
-274.33333349	0.00604134
-274.30000016	-0.00499655
-274.26666682	-0.01729351
-274.23333349	-0.02940163
-274.20000016	-0.04062519
-274.16666682	-0.04996551
-274.13333349	-0.05682426
-274.10000016	-0.06125166
-274.06666683	-0.06326753
-274.03333349	-0.06383149
-274.00000016	-0.06270736
-273.96666683	-0.06010843
-273.93333349	-0.05662554
-273.90000016	-0.05185744
-273.86666683	-0.04642336
-273.83333349	-0.03950306
-273.80000016	-0.03260032
-273.76666683	-0.02562020
-273.73333349	-0.01931848
-273.70000016	-0.01504674
-273.66666683	-0.01242740
-273.63333349	-0.01199057
-273.60000016	-0.01255143
-273.56666683	-0.01357540
-273.53333349	-0.01380718
-273.50000016	-0.01183923
-273.46666683	-0.00815785
-273.43333349	-0.00146507
-273.40000016	0.00696760
-273.36666683	0.01622312
-273.33333349	0.02524973
-273.30000016	0.03252062
-273.26666683	0.03812752
-273.23333349	0.04139261
-273.20000016	0.04159250
-273.16666683	0.03880962
-273.13333349	0.03405612
-273.10000016	0.02737056
-273.06666683	0.02019497
-273.03333349	0.01284283
-273.00000016	0.00603156
-272.96666683	-0.00019554
-272.93333350	-0.00463099
-272.90000016	-0.00730362
-272.86666683	-0.00894774
-272.83333350	-0.00832678
-272.80000016	-0.00533073
-272.76666683	-0.00016445
-272.73333350	0.00694013
-272.70000016	0.01527240
-272.66666683	0.02473871
-272.63333350	0.03433539
-272.60000016	0.04370326
-272.56666683	0.05217851
-272.53333350	0.05935104
-272.50000016	0.06513573
-272.46666683	0.06901675
-272.43333350	0.07137576
-272.40000016	0.07095558
-272.36666683	0.06781387
-272.33333350	0.06130374
-272.30000016	0.05203747
-272.26666683	0.03959202
-272.23333350	0.02541401
-272.20000016	0.01008704
-272.16666683	-0.00487508
-272.13333350	-0.01858158
-272.10000016	-0.03013353
-272.06666683	-0.03895494
-272.03333350	-0.04454614
-272.00000016	-0.04788314
-271.96666683	-0.04813548
-271.93333350	-0.04617716
-271.90000016	-0.04398165
-271.86666683	-0.04058114
-271.83333350	-0.03753129
-271.80000017	-0.03463733
-271.76666683	-0.03153393
-271.73333350	-0.02833018
-271.70000017	-0.02427887
-271.66666683	-0.01982105
-271.63333350	-0.01412232
-271.60000017	-0.00767755
-271.56666683	-0.00098965
-271.53333350	0.00518058
-271.50000017	0.00946878
-271.46666683	0.01221336
-271.43333350	0.01290619
-271.40000017	0.01175238
-271.36666683	0.00909774
-271.33333350	0.00683442
-271.30000017	0.00487711
-271.26666683	0.00389518
-271.23333350	0.00499122
-271.20000017	0.00719765
-271.16666683	0.01094518
-271.13333350	0.01506574
-271.10000017	0.01955174
-271.06666683	0.02349920
-271.03333350	0.02711428
-271.00000017	0.03054721
-270.96666683	0.03370776
-270.93333350	0.03689629
-270.90000017	0.03987430
-270.86666683	0.04264272
-270.83333350	0.04503765
-270.80000017	0.04637056
-270.76666683	0.04667109
-270.73333350	0.04612572
-270.70000017	0.04456462
-270.66666684	0.04265896
-270.63333350	0.04006032
-270.60000017	0.03767352
-270.56666684	0.03514433
-270.53333350	0.03199014
-270.50000017	0.02765863
-270.46666684	0.02346445
-270.43333350	0.01833249
-270.40000017	0.01272691
-270.36666684	0.00701093
-270.33333350	0.00173733
-270.30000017	-0.00327398
-270.26666684	-0.00784184
-270.23333350	-0.01279170
-270.20000017	-0.01816130
-270.16666684	-0.02433881
-270.13333350	-0.03192321
-270.10000017	-0.03968688
-270.06666684	-0.04747300
-270.03333350	-0.05414683
-270.00000017	-0.05828399
-269.96666684	-0.06033490
-269.93333350	-0.05868062
-269.90000017	-0.05410505
-269.86666684	-0.04687137
-269.83333350	-0.03709196
-269.80000017	-0.02556582
-269.76666684	-0.01289798
-269.73333350	-0.00019493
-269.70000017	0.01307669
-269.66666684	0.02530238
-269.63333350	0.03642411
-269.60000017	0.04570907
-269.56666684	0.05209601
-269.53333350	0.05547948
-269.50000017	0.05494693
-269.46666684	0.05004872
-269.43333351	0.04162888
-269.40000017	0.02966514
-269.36666684	0.01503677
-269.33333351	-0.00063102
-269.30000017	-0.01576461
-269.26666684	-0.02827521
-269.23333351	-0.03824675
-269.20000017	-0.04340039
-269.16666684	-0.04432400
-269.13333351	-0.04095643
-269.10000017	-0.03365668
-269.06666684	-0.02335710
-269.03333351	-0.01183437
-269.00000017	0.00132615
-268.96666684	0.01424236
-268.93333351	0.02643977
-268.90000017	0.03741847
-268.86666684	0.04608843
-268.83333351	0.05249819
-268.80000017	0.05584728
-268.76666684	0.05504815
-268.73333351	0.05067565
-268.70000017	0.04257033
-268.66666684	0.03172972
-268.63333351	0.01900300
-268.60000017	0.00600880
-268.56666684	-0.00611401
-268.53333351	-0.01680949
-268.50000017	-0.02430627
-268.46666684	-0.02909232
-268.43333351	-0.03114519
-268.40000017	-0.03087776
-268.36666684	-0.02936417
-268.33333351	-0.02665657
-268.30000018	-0.02379444
-268.26666684	-0.02171113
-268.23333351	-0.02008877
-268.20000018	-0.01925341
-268.16666684	-0.01957401
-268.13333351	-0.01991157
-268.10000018	-0.02054910
-268.06666684	-0.02024976
-268.03333351	-0.01857640
-268.00000018	-0.01535920
-267.96666684	-0.01037623
-267.93333351	-0.00395354
-267.90000018	0.00325708
-267.86666684	0.01070528
-267.83333351	0.01732508
-267.80000018	0.02176208
-267.76666684	0.02368594
-267.73333351	0.02275141
-267.70000018	0.01881506
-267.66666684	0.01204844
-267.63333351	0.00277757
-267.60000018	-0.00739366
-267.56666684	-0.01773520
-267.53333351	-0.02747756
-267.50000018	-0.03591484
-267.46666684	-0.04151442
-267.43333351	-0.04427502
-267.40000018	-0.04226952
-267.36666684	-0.03657364
-267.33333351	-0.02688207
-267.30000018	-0.01353685
-267.26666684	0.00265986
-267.23333351	0.02019055
-267.20000018	0.03751938
-267.16666685	0.05289330
-267.13333351	0.06480020
-267.10000018	0.07186231
-267.06666685	0.07341684
-267.03333351	0.07033715
-267.00000018	0.06277429
-266.96666685	0.05122679
-266.93333351	0.03794367
-266.90000018	0.02427657
-266.86666685	0.01125439
-266.83333351	-0.00015552
-266.80000018	-0.00965475
-266.76666685	-0.01644801
-266.73333351	-0.02149054
-266.70000018	-0.02517889
-266.66666685	-0.02795836
-266.63333351	-0.03116610
-266.60000018	-0.03514802
-266.56666685	-0.04032483
-266.53333351	-0.04688354
-266.50000018	-0.05396494
-266.46666685	-0.06085758
-266.43333351	-0.06665018
-266.40000018	-0.07038504
-266.36666685	-0.07099071
-266.33333351	-0.06765131
-266.30000018	-0.06092258
-266.26666685	-0.05013507
-266.23333351	-0.03637419
-266.20000018	-0.02043355
-266.16666685	-0.00350064
-266.13333351	0.01337102
-266.10000018	0.02852223
-266.06666685	0.04039882
-266.03333352	0.04822798
-266.00000018	0.05122086
-265.96666685	0.04928987
-265.93333352	0.04254110
-265.90000018	0.03099981
-265.86666685	0.01675361
-265.83333352	0.00031713
-265.80000018	-0.01606124
-265.76666685	-0.03119585
-265.73333352	-0.04431424
-265.70000018	-0.05315403
-265.66666685	-0.05736838
-265.63333352	-0.05565253
-265.60000018	-0.04749553
-265.56666685	-0.03345049
-265.53333352	-0.01421712
-265.50000018	0.00777299
-265.46666685	0.03171433
-265.43333352	0.05375770
-265.40000018	0.07262429
-265.36666685	0.08603957
-265.33333352	0.09213459
-265.30000018	0.09179885
-265.26666685	0.08477823
-265.23333352	0.07179807
-265.20000018	0.05489497
-265.16666685	0.03588578
-265.13333352	0.01643979
-265.10000018	-0.00232060
-265.06666685	-0.01946074
-265.03333352	-0.03394536
-265.00000018	-0.04601611
-264.96666685	-0.05536064
-264.93333352	-0.06279687
-264.90000019	-0.06845169
-264.86666685	-0.07249471
-264.83333352	-0.07390345
-264.80000019	-0.07473178
-264.76666685	-0.07251665
-264.73333352	-0.06886972
-264.70000019	-0.06246419
-264.66666685	-0.05460870
-264.63333352	-0.04499773
-264.60000019	-0.03511109
-264.56666685	-0.02426884
-264.53333352	-0.01435761
-264.50000019	-0.00487155
-264.46666685	0.00340246
-264.43333352	0.00976452
-264.40000019	0.01451358
-264.36666685	0.01720113
-264.33333352	0.01816213
-264.30000019	0.01727416
-264.26666685	0.01547725
-264.23333352	0.01249759
-264.20000019	0.00906885
-264.16666685	0.00482446
-264.13333352	0.00032206
-264.10000019	-0.00480588
-264.06666685	-0.01048147
-264.03333352	-0.01720455
-264.00000019	-0.02441849
-263.96666685	-0.03136290
-263.93333352	-0.03771794
-263.90000019	-0.04215044
-263.86666685	-0.04438824
-263.83333352	-0.04325404
-263.80000019	-0.03881561
-263.76666686	-0.03098830
-263.73333352	-0.02005277
-263.70000019	-0.00720089
-263.66666686	0.00615110
-263.63333352	0.01970750
-263.60000019	0.03168825
-263.56666686	0.04141789
-263.53333352	0.04854055
-263.50000019	0.05194211
-263.46666686	0.05202459
-263.43333352	0.04825170
-263.40000019	0.04216686
-263.36666686	0.03295554
-263.33333352	0.02263128
-263.30000019	0.01173002
-263.26666686	0.00090615
-263.23333352	-0.00815267
-263.20000019	-0.01566763
-263.16666686	-0.02052521
-263.13333352	-0.02352120
-263.10000019	-0.02494060
-263.06666686	-0.02440432
-263.03333352	-0.02293904
-263.00000019	-0.02096501
-262.96666686	-0.01937790
-262.93333352	-0.01833425
-262.90000019	-0.01782625
-262.86666686	-0.01743564
-262.83333352	-0.01715803
-262.80000019	-0.01657157
-262.76666686	-0.01575982
-262.73333352	-0.01420564
-262.70000019	-0.01166966
-262.66666686	-0.00868524
-262.63333353	-0.00442399
-262.60000019	0.00020360
-262.56666686	0.00500580
-262.53333353	0.00935958
-262.50000019	0.01295007
-262.46666686	0.01520353
-262.43333353	0.01507546
-262.40000019	0.01318901
-262.36666686	0.00835196
-262.33333353	0.00197304
-262.30000019	-0.00607197
-262.26666686	-0.01521476
-262.23333353	-0.02380888
-262.20000019	-0.03205489
-262.16666686	-0.03828033
-262.13333353	-0.04183238
-262.10000019	-0.04285704
-262.06666686	-0.04011540
-262.03333353	-0.03384854
-262.00000019	-0.02381581
-261.96666686	-0.01058787
-261.93333353	0.00505003
-261.90000019	0.02109819
-261.86666686	0.03649954
-261.83333353	0.04933163
-261.80000019	0.05837267
-261.76666686	0.06237884
-261.73333353	0.06100288
-261.70000019	0.05502193
-261.66666686	0.04464661
-261.63333353	0.03152385
-261.60000019	0.01745725
-261.56666686	0.00267694
-261.53333353	-0.01039907
-261.50000020	-0.02172196
-261.46666686	-0.03040360
-261.43333353	-0.03592335
-261.40000020	-0.03869054
-261.36666686	-0.03831603
-261.33333353	-0.03627847
-261.30000020	-0.03288831
-261.26666686	-0.02929287
-261.23333353	-0.02562081
-261.20000020	-0.02344284
-261.16666686	-0.02199374
-261.13333353	-0.02189572
-261.10000020	-0.02219810
-261.06666686	-0.02276527
-261.03333353	-0.02294351
-261.00000020	-0.02249426
-260.96666686	-0.02184247
-260.93333353	-0.02084926
-260.90000020	-0.01981866
-260.86666686	-0.01822682
-260.83333353	-0.01675406
-260.80000020	-0.01550179
-260.76666686	-0.01465499
-260.73333353	-0.01383256
-260.70000020	-0.01292063
-260.66666686	-0.01219154
-260.63333353	-0.01130564
-260.60000020	-0.01052710
-260.56666686	-0.00884926
-260.53333353	-0.00674166
-260.50000020	-0.00435314
-260.46666686	-0.00114882
-260.43333353	0.00244279
-260.40000020	0.00644741
-260.36666687	0.00993468
-260.33333353	0.01374365
-260.30000020	0.01711312
-260.26666687	0.02054805
-260.23333353	0.02322129
-260.20000020	0.02496621
-260.16666687	0.02638964
-260.13333353	0.02607286
-260.10000020	0.02516507
-260.06666687	0.02312835
-260.03333353	0.01977546
-260.00000020	0.01613047
-259.96666687	0.01143714
-259.93333353	0.00642392
-259.90000020	0.00148949
-259.86666687	-0.00345065
-259.83333353	-0.00798570
-259.80000020	-0.01178445
-259.76666687	-0.01429216
-259.73333353	-0.01631440
-259.70000020	-0.01729879
-259.66666687	-0.01734814
-259.63333353	-0.01702129
-259.60000020	-0.01659756
-259.56666687	-0.01640126
-259.53333353	-0.01672222
-259.50000020	-0.01735521
-259.46666687	-0.01847613
-259.43333353	-0.01965010
-259.40000020	-0.02164661
-259.36666687	-0.02352184
-259.33333353	-0.02520289
-259.30000020	-0.02649917
-259.26666687	-0.02664259
-259.23333354	-0.02561969
-259.20000020	-0.02291647
-259.16666687	-0.01901769
-259.13333354	-0.01374368
-259.10000020	-0.00853196
-259.06666687	-0.00323724
-259.03333354	0.00086681
-259.00000020	0.00387001
-258.96666687	0.00522993
-258.93333354	0.00566237
-258.90000020	0.00485420
-258.86666687	0.00337902
-258.83333354	0.00120658
-258.80000020	-0.00020045
-258.76666687	-0.00198574
-258.73333354	-0.00326729
-258.70000020	-0.00461018
-258.66666687	-0.00496990
-258.63333354	-0.00509807
-258.60000020	-0.00449222
-258.56666687	-0.00265105
-258.53333354	0.00011570
-258.50000020	0.00393768
-258.46666687	0.00875350
-258.43333354	0.01415809
-258.40000020	0.02007246
-258.36666687	0.02505830
-258.33333354	0.02939819
-258.30000020	0.03206724
-258.26666687	0.03315863
-258.23333354	0.03209748
-258.20000020	0.02954626
-258.16666687	0.02504141
-258.13333354	0.01905219
-258.10000020	0.01248591
-258.06666687	0.00546312
-258.03333354	-0.00080003
-258.00000021	-0.00685252
-257.96666687	-0.01119262
-257.93333354	-0.01433141
-257.90000021	-0.01533703
-257.86666687	-0.01469280
-257.83333354	-0.01211414
-257.80000021	-0.00793053
-257.76666687	-0.00339348
-257.73333354	0.00140701
-257.70000021	0.00576080
-257.66666687	0.00824465
-257.63333354	0.00956384
-257.60000021	0.00937426
-257.56666687	0.00751746
-257.53333354	0.00490798
-257.50000021	0.00161598
-257.46666687	-0.00234397
-257.43333354	-0.00528921
-257.40000021	-0.00816738
-257.36666687	-0.01117539
-257.33333354	-0.01303061
-257.30000021	-0.01456754
-257.26666687	-0.01579393
-257.23333354	-0.01606291
-257.20000021	-0.01619119
-257.16666687	-0.01526298
-257.13333354	-0.01364739
-257.10000021	-0.01211260
-257.06666687	-0.01023619
-257.03333354	-0.00858366
-257.00000021	-0.00750575
-256.96666687	-0.00639106
-256.93333354	-0.00539783
-256.90000021	-0.00385774
-256.86666688	-0.00155552
-256.83333354	0.00170285
-256.80000021	0.00596631
-256.76666688	0.01123967
-256.73333354	0.01737303
-256.70000021	0.02290948
-256.66666688	0.02787459
-256.63333354	0.03127850
-256.60000021	0.03296748
-256.56666688	0.03222845
-256.53333354	0.02903611
-256.50000021	0.02342876
-256.46666688	0.01621584
-256.43333354	0.00826640
-256.40000021	0.00011199
-256.36666688	-0.00638546
-256.33333354	-0.01104500
-256.30000021	-0.01211735
-256.26666688	-0.01043641
-256.23333354	-0.00585255
-256.20000021	0.00122701
-256.16666688	0.00958957
-256.13333354	0.01831783
-256.10000021	0.02568377
-256.06666688	0.03048624
-256.03333354	0.03189739
-256.00000021	0.03003610
-255.96666688	0.02471498
-255.93333354	0.01608567
-255.90000021	0.00594761
-255.86666688	-0.00462864
-255.83333354	-0.01518959
-255.80000021	-0.02401057
-255.76666688	-0.03124535
-255.73333355	-0.03642933
-255.70000021	-0.03951054
-255.66666688	-0.04019788
-255.63333355	-0.04006580
-255.60000021	-0.03842713
-255.56666688	-0.03582938
-255.53333355	-0.03243172
-255.50000021	-0.02857051
-255.46666688	-0.02430855
-255.43333355	-0.01997823
-255.40000021	-0.01506770
-255.36666688	-0.00980552
-255.33333355	-0.00488532
-255.30000021	0.00061497
-255.26666688	0.00513865
-255.23333355	0.00916933
-255.20000021	0.01216355
-255.16666688	0.01473149
-255.13333355	0.01668295
-255.10000021	0.01869568
-255.06666688	0.02049572
-255.03333355	0.02308669
-255.00000021	0.02607682
-254.96666688	0.02925388
-254.93333355	0.03241411
-254.90000021	0.03480165
-254.86666688	0.03623601
-254.83333355	0.03560836
-254.80000021	0.03343784
-254.76666688	0.02974649
-254.73333355	0.02474037
-254.70000021	0.01840346
-254.66666688	0.01200005
-254.63333355	0.00510881
-254.60000022	-0.00090316
-254.56666688	-0.00546836
-254.53333355	-0.00806683
-254.50000022	-0.00918358
-254.46666688	-0.00832198
-254.43333355	-0.00538163
-254.40000022	-0.00106188
-254.36666688	0.00451254
-254.33333355	0.01007442
-254.30000022	0.01568208
-254.26666688	0.02024053
-254.23333355	0.02350997
-254.20000022	0.02504347
-254.16666688	0.02458270
-254.13333355	0.02294668
-254.10000022	0.01947192
-254.06666688	0.01476221
-254.03333355	0.00937553
-254.00000022	0.00379947
-253.96666688	-0.00108010
-253.93333355	-0.00537036
-253.90000022	-0.01003770
-253.86666688	-0.01349621
-253.83333355	-0.01697961
-253.80000022	-0.01989564
-253.76666688	-0.02303557
-253.73333355	-0.02544831
-253.70000022	-0.02724000
-253.66666688	-0.02766424
-253.63333355	-0.02700408
-253.60000022	-0.02482312
-253.56666688	-0.02083531
-253.53333355	-0.01500686
-253.50000022	-0.00758033
-253.46666689	0.00092773
-253.43333355	0.00985664
-253.40000022	0.01898230
-253.36666689	0.02717982
-253.33333355	0.03355523
-253.30000022	0.03794216
-253.26666689	0.03945957
-253.23333355	0.03820955
-253.20000022	0.03475580
-253.16666689	0.02966953
-253.13333355	0.02304417
-253.10000022	0.01544412
-253.06666689	0.00770855
-253.03333355	0.00034586
-253.00000022	-0.00622788
-252.96666689	-0.01187840
-252.93333355	-0.01600468
-252.90000022	-0.01910973
-252.86666689	-0.02112949
-252.83333355	-0.02125269
-252.80000022	-0.01972401
-252.76666689	-0.01673555
-252.73333355	-0.01231513
-252.70000022	-0.00669500
-252.66666689	-0.00029329
-252.63333355	0.00718304
-252.60000022	0.01397977
-252.56666689	0.02053480
-252.53333355	0.02571979
-252.50000022	0.02882602
-252.46666689	0.03046794
-252.43333355	0.02971891
-252.40000022	0.02693728
-252.36666689	0.02248149
-252.33333356	0.01661265
-252.30000022	0.00971995
-252.26666689	0.00264979
-252.23333356	-0.00494947
-252.20000022	-0.01206707
-252.16666689	-0.01852877
-252.13333356	-0.02380442
-252.10000022	-0.02815520
-252.06666689	-0.03118488
-252.03333356	-0.03387986
-252.00000022	-0.03551512
-251.96666689	-0.03686021
-251.93333356	-0.03801496
-251.90000022	-0.03856233
-251.86666689	-0.03819339
-251.83333356	-0.03723543
-251.80000022	-0.03466695
-251.76666689	-0.03098784
-251.73333356	-0.02561096
-251.70000022	-0.01937460
-251.66666689	-0.01236604
-251.63333356	-0.00579286
-251.60000022	-0.00100713
-251.56666689	0.00287888
-251.53333356	0.00455803
-251.50000022	0.00486993
-251.46666689	0.00352658
-251.43333356	0.00195777
-251.40000022	0.00030769
-251.36666689	-0.00117412
-251.33333356	-0.00163092
-251.30000022	-0.00123962
-251.26666689	-0.00043466
-251.23333356	0.00138592
-251.20000023	0.00324911
-251.16666689	0.00477211
-251.13333356	0.00548858
-251.10000023	0.00561278
-251.06666689	0.00448439
-251.03333356	0.00273940
-251.00000023	0.00044865
-250.96666689	-0.00163294
-250.93333356	-0.00354243
-250.90000023	-0.00428871
-250.86666689	-0.00463887
-250.83333356	-0.00328421
-250.80000023	-0.00188400
-250.76666689	-0.00014601
-250.73333356	0.00107646
-250.70000023	0.00138106
-250.66666689	0.00116493
-250.63333356	-0.00041069
-250.60000023	-0.00217722
-250.56666689	-0.00426820
-250.53333356	-0.00678971
-250.50000023	-0.00926598
-250.46666689	-0.01188059
-250.43333356	-0.01443432
-250.40000023	-0.01675410
-250.36666689	-0.01936760
-250.33333356	-0.02220217
-250.30000023	-0.02442551
-250.26666689	-0.02651106
-250.23333356	-0.02789857
-250.20000023	-0.02879913
-250.16666689	-0.02891634
-250.13333356	-0.02754371
-250.10000023	-0.02513237
-250.06666690	-0.02138741
-250.03333356	-0.01640655
-250.00000023	-0.00970371
-249.96666690	-0.00261317
-249.93333356	0.00546792
-249.90000023	0.01387458
-249.86666690	0.02157356
-249.83333356	0.02918721
-249.80000023	0.03554994
-249.76666690	0.04021411
-249.73333356	0.04302504
-249.70000023	0.04379277
-249.66666690	0.04305463
-249.63333356	0.04048087
-249.60000023	0.03705552
-249.56666690	0.03310965
-249.53333356	0.02933560
-249.50000023	0.02577332
-249.46666690	0.02336503
-249.43333356	0.02142153
-249.40000023	0.02026937
-249.36666690	0.01993153
-249.33333356	0.01971839
-249.30000023	0.01995630
-249.26666690	0.02040883
-249.23333356	0.02048348
-249.20000023	0.02076492
-249.16666690	0.02138443
-249.13333356	0.02190025
-249.10000023	0.02222456
-249.06666690	0.02296857
-249.03333356	0.02344007
-249.00000023	0.02398852
-248.96666690	0.02399125
-248.93333357	0.02283079
-248.90000023	0.02104236
-248.86666690	0.01737941
-248.83333357	0.01278865
-248.80000023	0.00733163
-248.76666690	0.00069368
-248.73333357	-0.00592035
-248.70000023	-0.01185013
-248.66666690	-0.01726399
-248.63333357	-0.02099791
-248.60000023	-0.02277364
-248.56666690	-0.02288278
-248.53333357	-0.02098048
-248.50000023	-0.01733337
-248.46666690	-0.01261875
-248.43333357	-0.00728197
-248.40000023	-0.00281369
-248.36666690	0.00117735
-248.33333357	0.00306322
-248.30000023	0.00364165
-248.26666690	0.00196159
-248.23333357	-0.00139709
-248.20000023	-0.00481360
-248.16666690	-0.00871046
-248.13333357	-0.01199375
-248.10000023	-0.01403524
-248.06666690	-0.01430900
-248.03333357	-0.01291959
-248.00000023	-0.01017653
-247.96666690	-0.00632483
-247.93333357	-0.00206818
-247.90000023	0.00219611
-247.86666690	0.00544409
-247.83333357	0.00795046
-247.80000024	0.00959656
-247.76666690	0.01005166
-247.73333357	0.00983379
-247.70000024	0.00925854
-247.66666690	0.00827387
-247.63333357	0.00745033
-247.60000024	0.00727740
-247.56666690	0.00677881
-247.53333357	0.00738542
-247.50000024	0.00811995
-247.46666690	0.00935822
-247.43333357	0.01094478
-247.40000024	0.01206281
-247.36666690	0.01303911
-247.33333357	0.01374960
-247.30000024	0.01400350
-247.26666690	0.01291997
-247.23333357	0.01199004
-247.20000024	0.01140742
-247.16666690	0.01021500
-247.13333357	0.00971279
-247.10000024	0.00915384
-247.06666690	0.00888414
-247.03333357	0.00845762
-247.00000024	0.00796901
-246.96666690	0.00662713
-246.93333357	0.00476217
-246.90000024	0.00174274
-246.86666690	-0.00166940
-246.83333357	-0.00580163
-246.80000024	-0.01005965
-246.76666690	-0.01432611
-246.73333357	-0.01831210
-246.70000024	-0.02195486
-246.66666690	-0.02547345
-246.63333357	-0.02864391
-246.60000024	-0.03116489
-246.56666691	-0.03397734
-246.53333357	-0.03608193
-246.50000024	-0.03786634
-246.46666691	-0.03891244
-246.43333357	-0.03896023
-246.40000024	-0.03784191
-246.36666691	-0.03534715
-246.33333357	-0.03136759
-246.30000024	-0.02661162
-246.26666691	-0.02098335
-246.23333357	-0.01467077
-246.20000024	-0.00834736
-246.16666691	-0.00287548
-246.13333357	0.00192925
-246.10000024	0.00670389
-246.06666691	0.00999016
-246.03333357	0.01177431
-246.00000024	0.01272800
-245.96666691	0.01281093
-245.93333357	0.01179588
-245.90000024	0.01007307
-245.86666691	0.00788741
-245.83333357	0.00527812
-245.80000024	0.00332407
-245.76666691	0.00111479
-245.73333357	-0.00012203
-245.70000024	-0.00083685
-245.66666691	-0.00096197
-245.63333357	-0.00069748
-245.60000024	-0.00006527
-245.56666691	0.00084544
-245.53333357	0.00212724
-245.50000024	0.00311277
-245.46666691	0.00399930
-245.43333358	0.00488121
-245.40000024	0.00530649
-245.36666691	0.00487758
-245.33333358	0.00418315
-245.30000024	0.00266084
-245.26666691	0.00035081
-245.23333358	-0.00255384
-245.20000024	-0.00585950
-245.16666691	-0.00931477
-245.13333358	-0.01246017
-245.10000024	-0.01530535
-245.06666691	-0.01796765
-245.03333358	-0.01959610
-245.00000024	-0.02031419
-244.96666691	-0.02025874
-244.93333358	-0.01894798
-244.90000024	-0.01684254
-244.86666691	-0.01349732
-244.83333358	-0.01046086
-244.80000024	-0.00701574
-244.76666691	-0.00394454
-244.73333358	-0.00138457
-244.70000024	0.00043083
-244.66666691	0.00149307
-244.63333358	0.00211675
-244.60000024	0.00285333
-244.56666691	0.00309217
-244.53333358	0.00417906
-244.50000024	0.00628102
-244.46666691	0.00961743
-244.43333358	0.01427423
-244.40000024	0.01985442
-244.36666691	0.02600285
-244.33333358	0.03279067
-244.30000025	0.03906887
-244.26666691	0.04519038
-244.23333358	0.05049285
-244.20000025	0.05392049
-244.16666691	0.05636174
-244.13333358	0.05707007
-244.10000025	0.05619692
-244.06666691	0.05407018
-244.03333358	0.05069767
-244.00000025	0.04657053
-243.96666691	0.04094285
-243.93333358	0.03554134
-243.90000025	0.03034611
-243.86666691	0.02518664
-243.83333358	0.02118033
-243.80000025	0.01778281
-243.76666691	0.01588118
-243.73333358	0.01436555
-243.70000025	0.01363050
-243.66666691	0.01295255
-243.63333358	0.01232103
-243.60000025	0.01194224
-243.56666691	0.01118401
-243.53333358	0.01014391
-243.50000025	0.00901479
-243.46666691	0.00760185
-243.43333358	0.00602025
-243.40000025	0.00386097
-243.36666691	0.00178107
-243.33333358	-0.00044184
-243.30000025	-0.00315351
-243.26666691	-0.00645568
-243.23333358	-0.00980375
-243.20000025	-0.01304039
-243.16666692	-0.01706009
-243.13333358	-0.02112496
-243.10000025	-0.02501859
-243.06666692	-0.02877741
-243.03333358	-0.03193221
-243.00000025	-0.03507617
-242.96666692	-0.03751206
-242.93333358	-0.03989144
-242.90000025	-0.04154769
-242.86666692	-0.04310323
-242.83333358	-0.04422750
-242.80000025	-0.04547355
-242.76666692	-0.04610447
-242.73333358	-0.04653614
-242.70000025	-0.04675652
-242.66666692	-0.04683245
-242.63333358	-0.04688551
-242.60000025	-0.04670075
-242.56666692	-0.04655751
-242.53333358	-0.04617996
-242.50000025	-0.04569005
-242.46666692	-0.04544542
-242.43333358	-0.04528036
-242.40000025	-0.04481797
-242.36666692	-0.04437229
-242.33333358	-0.04416794
-242.30000025	-0.04380539
-242.26666692	-0.04279538
-242.23333358	-0.04174287
-242.20000025	-0.03979390
-242.16666692	-0.03705901
-242.13333358	-0.03438791
-242.10000025	-0.03144330
-242.06666692	-0.02914168
-242.03333359	-0.02748765
-242.00000025	-0.02713615
-241.96666692	-0.02803251
-241.93333359	-0.03030264
-241.90000025	-0.03425339
-241.86666692	-0.03854580
-241.83333359	-0.04296640
-241.80000025	-0.04709216
-241.76666692	-0.05072373
-241.73333359	-0.05336023
-241.70000025	-0.05471839
-241.66666692	-0.05508436
-241.63333359	-0.05429550
-241.60000025	-0.05246487
-241.56666692	-0.05051738
-241.53333359	-0.04887189
-241.50000025	-0.04753442
-241.46666692	-0.04725071
-241.43333359	-0.04729139
-241.40000025	-0.04777493
-241.36666692	-0.04822543
-241.33333359	-0.04797635
-241.30000025	-0.04714485
-241.26666692	-0.04541515
-241.23333359	-0.04256206
-241.20000025	-0.03894880
-241.16666692	-0.03459322
-241.13333359	-0.03070233
-241.10000025	-0.02739535
-241.06666692	-0.02487822
-241.03333359	-0.02383405
-241.00000025	-0.02445407
-240.96666692	-0.02617893
-240.93333359	-0.02851907
-240.90000026	-0.03105301
-240.86666692	-0.03229222
-240.83333359	-0.03296992
-240.80000026	-0.03127478
-240.76666692	-0.02802809
-240.73333359	-0.02222885
-240.70000026	-0.01542241
-240.66666692	-0.00703109
-240.63333359	0.00201024
-240.60000026	0.01093133
-240.56666692	0.01979652
-240.53333359	0.02800477
-240.50000026	0.03523113
-240.46666692	0.04092001
-240.43333359	0.04439169
-240.40000026	0.04684968
-240.36666692	0.04711485
-240.33333359	0.04572517
-240.30000026	0.04282584
-240.26666692	0.03853725
-240.23333359	0.03339519
-240.20000026	0.02821275
-240.16666692	0.02286197
-240.13333359	0.01857122
-240.10000026	0.01476941
-240.06666692	0.01232757
-240.03333359	0.01054589
-240.00000026	0.00987958
-239.96666692	0.00978855
-239.93333359	0.01060266
-239.90000026	0.01136957
-239.86666692	0.01283473
-239.83333359	0.01364924
-239.80000026	0.01433144
-239.76666693	0.01504462
-239.73333359	0.01490248
-239.70000026	0.01435107
-239.66666693	0.01408558
-239.63333359	0.01332604
-239.60000026	0.01297807
-239.56666693	0.01343666
-239.53333359	0.01397113
-239.50000026	0.01594947
-239.46666693	0.01816904
-239.43333359	0.02088456
-239.40000026	0.02340186
-239.36666693	0.02553359
-239.33333359	0.02679288
-239.30000026	0.02658922
-239.26666693	0.02530354
-239.23333359	0.02326285
-239.20000026	0.02059548
-239.16666693	0.01801006
-239.13333359	0.01601495
-239.10000026	0.01482112
-239.06666693	0.01475696
-239.03333359	0.01498702
-239.00000026	0.01597167
-238.96666693	0.01720051
-238.93333359	0.01900110
-238.90000026	0.02134385
-238.86666693	0.02317573
-238.83333359	0.02571986
-238.80000026	0.02844347
-238.76666693	0.03117329
-238.73333359	0.03340585
-238.70000026	0.03527008
-238.66666693	0.03679947
-238.63333360	0.03715811
-238.60000026	0.03682864
-238.56666693	0.03539605
-238.53333360	0.03296123
-238.50000026	0.02984311
-238.46666693	0.02634113
-238.43333360	0.02225021
-238.40000026	0.01797865
-238.36666693	0.01370055
-238.33333360	0.00977575
-238.30000026	0.00616958
-238.26666693	0.00342698
-238.23333360	0.00129661
-238.20000026	0.00112709
-238.16666693	0.00221629
-238.13333360	0.00474247
-238.10000026	0.00857867
-238.06666693	0.01371422
-238.03333360	0.01956633
-238.00000026	0.02598266
-237.96666693	0.03262655
-237.93333360	0.03889672
-237.90000026	0.04460495
-237.86666693	0.04953425
-237.83333360	0.05338867
-237.80000026	0.05598937
-237.76666693	0.05670282
-237.73333360	0.05541259
-237.70000026	0.05293650
-237.66666693	0.04916360
-237.63333360	0.04375627
-237.60000026	0.03736757
-237.56666693	0.03112758
-237.53333360	0.02463695
-237.50000027	0.01827850
-237.46666693	0.01230958
-237.43333360	0.00719420
-237.40000027	0.00313030
-237.36666693	0.00008869
-237.33333360	-0.00085616
-237.30000027	-0.00062171
-237.26666693	0.00139573
-237.23333360	0.00511700
-237.20000027	0.01042311
-237.16666693	0.01671446
-237.13333360	0.02398234
-237.10000027	0.03130085
-237.06666693	0.03911145
-237.03333360	0.04602323
-237.00000027	0.05212842
-236.96666693	0.05701061
-236.93333360	0.06077411
-236.90000027	0.06282016
-236.86666693	0.06357129
-236.83333360	0.06247197
-236.80000027	0.06068094
-236.76666693	0.05771174
-236.73333360	0.05354220
-236.70000027	0.04851369
-236.66666693	0.04346819
-236.63333360	0.03870047
-236.60000027	0.03442010
-236.56666693	0.03076576
-236.53333360	0.02897042
-236.50000027	0.02814996
-236.46666693	0.02916112
-236.43333360	0.03087690
-236.40000027	0.03434697
-236.36666694	0.03830379
-236.33333360	0.04270830
-236.30000027	0.04748761
-236.26666694	0.05191874
-236.23333360	0.05532494
-236.20000027	0.05802687
-236.16666694	0.05950789
-236.13333360	0.05914738
-236.10000027	0.05766779
-236.06666694	0.05415094
-236.03333360	0.04892418
-236.00000027	0.04279571
-235.96666694	0.03607342
-235.93333360	0.02883614
-235.90000027	0.02165925
-235.86666694	0.01500128
-235.83333360	0.00856679
-235.80000027	0.00335990
-235.76666694	-0.00114595
-235.73333360	-0.00476522
-235.70000027	-0.00744323
-235.66666694	-0.00930054
-235.63333360	-0.01030352
-235.60000027	-0.01082874
-235.56666694	-0.01022637
-235.53333360	-0.00943141
-235.50000027	-0.00785507
-235.46666694	-0.00603509
-235.43333360	-0.00294462
-235.40000027	0.00029730
-235.36666694	0.00407937
-235.33333360	0.00754744
-235.30000027	0.01132323
-235.26666694	0.01480201
-235.23333360	0.01766755
-235.20000027	0.01956159
-235.16666694	0.02104297
-235.13333361	0.02129290
-235.10000027	0.02072958
-235.06666694	0.01980038
-235.03333361	0.01784528
-235.00000027	0.01526511
-234.96666694	0.01226401
-234.93333361	0.00889309
-234.90000027	0.00531629
-234.86666694	0.00123340
-234.83333361	-0.00231363
-234.80000027	-0.00581849
-234.76666694	-0.00910723
-234.73333361	-0.01181720
-234.70000027	-0.01379727
-234.66666694	-0.01539953
-234.63333361	-0.01610080
-234.60000027	-0.01629359
-234.56666694	-0.01537012
-234.53333361	-0.01418572
-234.50000027	-0.01237613
-234.46666694	-0.01024590
-234.43333361	-0.00800003
-234.40000027	-0.00607203
-234.36666694	-0.00447690
-234.33333361	-0.00348339
-234.30000027	-0.00319806
-234.26666694	-0.00304887
-234.23333361	-0.00348201
-234.20000027	-0.00404300
-234.16666694	-0.00469266
-234.13333361	-0.00559704
-234.10000027	-0.00657970
-234.06666694	-0.00743029
-234.03333361	-0.00832393
-234.00000028	-0.00929791
-233.96666694	-0.01054851
-233.93333361	-0.01212579
-233.90000028	-0.01326741
-233.86666694	-0.01466748
-233.83333361	-0.01537387
-233.80000028	-0.01601458
-233.76666694	-0.01569928
-233.73333361	-0.01455948
-233.70000028	-0.01298741
-233.66666694	-0.01051788
-233.63333361	-0.00783415
-233.60000028	-0.00451544
-233.56666694	-0.00185189
-233.53333361	0.00123810
-233.50000028	0.00353396
-233.46666694	0.00516849
-233.43333361	0.00549218
-233.40000028	0.00576454
-233.36666694	0.00407667
-233.33333361	0.00208405
-233.30000028	-0.00090229
-233.26666694	-0.00371555
-233.23333361	-0.00697522
-233.20000028	-0.00993005
-233.16666694	-0.01228687
-233.13333361	-0.01371021
-233.10000028	-0.01463930
-233.06666694	-0.01507126
-233.03333361	-0.01449051
-233.00000028	-0.01364722
-232.96666694	-0.01240445
-232.93333361	-0.01044156
-232.90000028	-0.00863680
-232.86666695	-0.00682607
-232.83333361	-0.00457350
-232.80000028	-0.00212039
-232.76666695	0.00051018
-232.73333361	0.00221841
-232.70000028	0.00395524
-232.66666695	0.00528176
-232.63333361	0.00577717
-232.60000028	0.00539815
-232.56666695	0.00474097
-232.53333361	0.00353593
-232.50000028	0.00214971
-232.46666695	0.00119054
-232.43333361	0.00057709
-232.40000028	0.00074028
-232.36666695	0.00127582
-232.33333361	0.00259621
-232.30000028	0.00518460
-232.26666695	0.00770640
-232.23333361	0.01039299
-232.20000028	0.01282005
-232.16666695	0.01493568
-232.13333361	0.01538588
-232.10000028	0.01474410
-232.06666695	0.01265000
-232.03333361	0.00952018
-232.00000028	0.00579197
-231.96666695	0.00129070
-231.93333361	-0.00307204
-231.90000028	-0.00697920
-231.86666695	-0.01077990
-231.83333361	-0.01414042
-231.80000028	-0.01685777
-231.76666695	-0.01947803
-231.73333362	-0.02162648
-231.70000028	-0.02334988
-231.66666695	-0.02537375
-231.63333362	-0.02682350
-231.60000028	-0.02807781
-231.56666695	-0.02851291
-231.53333362	-0.02872920
-231.50000028	-0.02951145
-231.46666695	-0.02879148
-231.43333362	-0.02798587
-231.40000028	-0.02674091
-231.36666695	-0.02552084
-231.33333362	-0.02376140
-231.30000028	-0.02183490
-231.26666695	-0.01979592
-231.23333362	-0.01796827
-231.20000028	-0.01607366
-231.16666695	-0.01426293
-231.13333362	-0.01245677
-231.10000028	-0.01131277
-231.06666695	-0.01022426
-231.03333362	-0.00920045
-231.00000028	-0.00868959
-230.96666695	-0.00819932
-230.93333362	-0.00761909
-230.90000028	-0.00701033
-230.86666695	-0.00640443
-230.83333362	-0.00576401
-230.80000028	-0.00489760
-230.76666695	-0.00394125
-230.73333362	-0.00294728
-230.70000028	-0.00168673
-230.66666695	-0.00051161
-230.63333362	0.00057171
-230.60000029	0.00113776
-230.56666695	0.00188751
-230.53333362	0.00146729
-230.50000029	0.00135526
-230.46666695	0.00031018
-230.43333362	-0.00078986
-230.40000029	-0.00246808
-230.36666695	-0.00469101
-230.33333362	-0.00704594
-230.30000029	-0.00926676
-230.26666695	-0.01222746
-230.23333362	-0.01498067
-230.20000029	-0.01725405
-230.16666695	-0.01936520
-230.13333362	-0.02084317
-230.10000029	-0.02193826
-230.06666695	-0.02218552
-230.03333362	-0.02165289
-230.00000029	-0.02056258
-229.96666695	-0.01872811
-229.93333362	-0.01662634
-229.90000029	-0.01428233
-229.86666695	-0.01125145
-229.83333362	-0.00858604
-229.80000029	-0.00569953
-229.76666695	-0.00334254
-229.73333362	-0.00102773
-229.70000029	0.00103626
-229.66666695	0.00270744
-229.63333362	0.00373790
-229.60000029	0.00446093
-229.56666695	0.00469237
-229.53333362	0.00455289
-229.50000029	0.00455908
-229.46666696	0.00442445
-229.43333362	0.00427793
-229.40000029	0.00442355
-229.36666696	0.00485633
-229.33333362	0.00525075
-229.30000029	0.00600843
-229.26666696	0.00672482
-229.23333362	0.00766743
-229.20000029	0.00832876
-229.16666696	0.00868898
-229.13333362	0.00907220
-229.10000029	0.00922418
-229.06666696	0.00936741
-229.03333362	0.00935963
-229.00000029	0.00928392
-228.96666696	0.00922502
-228.93333362	0.00918884
-228.90000029	0.00894502
-228.86666696	0.00884861
-228.83333362	0.00854070
-228.80000029	0.00818540
-228.76666696	0.00763672
-228.73333362	0.00703257
-228.70000029	0.00623635
-228.66666696	0.00526384
-228.63333362	0.00407746
-228.60000029	0.00291043
-228.56666696	0.00148269
-228.53333362	-0.00005799
-228.50000029	-0.00157714
-228.46666696	-0.00311705
-228.43333362	-0.00443081
-228.40000029	-0.00565988
-228.36666696	-0.00652910
-228.33333363	-0.00707017
-228.30000029	-0.00713857
-228.26666696	-0.00696927
-228.23333363	-0.00628405
-228.20000029	-0.00535400
-228.16666696	-0.00423022
-228.13333363	-0.00297584
-228.10000029	-0.00170628
-228.06666696	-0.00045058
-228.03333363	0.00072968
-228.00000029	0.00168899
-227.96666696	0.00251493
-227.93333363	0.00310425
-227.90000029	0.00347985
-227.86666696	0.00361388
-227.83333363	0.00356353
-227.80000029	0.00332673
-227.76666696	0.00296384
-227.73333363	0.00249788
-227.70000029	0.00202725
-227.66666696	0.00152115
-227.63333363	0.00107692
-227.60000029	0.00066156
-227.56666696	0.00033030
-227.53333363	0.00007822
-227.50000029	-0.00009310
-227.46666696	-0.00020081
-227.43333363	-0.00023678
-227.40000029	-0.00021812
-227.36666696	-0.00018316
-227.33333363	-0.00012570
-227.30000029	-0.00006236
-227.26666696	-0.00001194
-227.23333363	0.00002700
-227.20000030	0.00004663
-227.16666696	0.00005397
-227.13333363	0.00005122
-227.10000030	0.00004188
-227.06666696	0.00002888
-227.03333363	0.00001605
-227.00000030	0.00000708
-226.96666696	0.00000161
-226.93333363	0.00000000
