# Menlo Systems GmbH ScanControl
# Program Version 1.3.3
# Start: -327.00000000 ps, Average over 100 waveforms. Timestamp: 2026-05-07T11:56:47
# Window type: Tukey, parameters: alpha = 0.1
# User time axis shift: 0 ps
# Time [ps]	THz Signal [a.u.]
-326.90000000	0.00000000
-326.86666667	0.00000001
-326.83333333	0.00000013
-326.80000000	0.00000023
-326.76666667	0.00000036
-326.73333333	-0.00000029
-326.70000000	-0.00000001
-326.66666667	0.00000006
-326.63333333	0.00000133
-326.60000000	-0.00000032
-326.56666667	-0.00000004
-326.53333333	0.00000316
-326.50000000	-0.00000066
-326.46666667	-0.00000766
-326.43333333	-0.00000359
-326.40000000	-0.00000097
-326.36666667	-0.00000001
-326.33333333	0.00000507
-326.30000000	0.00000949
-326.26666667	-0.00000245
-326.23333333	0.00000330
-326.20000000	-0.00000421
-326.16666667	-0.00000290
-326.13333333	-0.00001168
-326.10000000	-0.00000691
-326.06666667	0.00000601
-326.03333333	-0.00000456
-326.00000000	-0.00001031
-325.96666667	-0.00000421
-325.93333333	-0.00001211
-325.90000000	-0.00000702
-325.86666667	-0.00000359
-325.83333333	0.00003061
-325.80000000	-0.00000540
-325.76666667	-0.00000213
-325.73333333	-0.00001653
-325.70000000	0.00000544
-325.66666667	-0.00002252
-325.63333333	0.00000665
-325.60000000	0.00001200
-325.56666667	0.00002585
-325.53333334	0.00000685
-325.50000000	-0.00001330
-325.46666667	0.00001111
-325.43333334	-0.00002088
-325.40000000	-0.00003095
-325.36666667	-0.00005945
-325.33333334	0.00001000
-325.30000000	-0.00006757
-325.26666667	-0.00008889
-325.23333334	-0.00001578
-325.20000000	-0.00002012
-325.16666667	-0.00000719
-325.13333334	-0.00004688
-325.10000000	-0.00010042
-325.06666667	-0.00009710
-325.03333334	-0.00007961
-325.00000000	-0.00005550
-324.96666667	-0.00003802
-324.93333334	0.00004007
-324.90000000	0.00000033
-324.86666667	-0.00001290
-324.83333334	-0.00004828
-324.80000000	-0.00000214
-324.76666667	-0.00008223
-324.73333334	-0.00014899
-324.70000000	-0.00002226
-324.66666667	-0.00009623
-324.63333334	-0.00003919
-324.60000000	-0.00002437
-324.56666667	-0.00008938
-324.53333334	-0.00017814
-324.50000000	-0.00009532
-324.46666667	-0.00005325
-324.43333334	-0.00003539
-324.40000000	-0.00010495
-324.36666667	-0.00010139
-324.33333334	-0.00007871
-324.30000001	-0.00004550
-324.26666667	-0.00020050
-324.23333334	-0.00006613
-324.20000001	-0.00018344
-324.16666667	-0.00006120
-324.13333334	-0.00014298
-324.10000001	-0.00012121
-324.06666667	-0.00016201
-324.03333334	-0.00002655
-324.00000001	-0.00011862
-323.96666667	0.00001481
-323.93333334	-0.00011098
-323.90000001	0.00004160
-323.86666667	-0.00004277
-323.83333334	-0.00009256
-323.80000001	0.00015632
-323.76666667	0.00007823
-323.73333334	0.00012019
-323.70000001	0.00001736
-323.66666667	0.00020152
-323.63333334	0.00006650
-323.60000001	0.00009865
-323.56666667	0.00005964
-323.53333334	-0.00001469
-323.50000001	-0.00011314
-323.46666667	-0.00023214
-323.43333334	-0.00011411
-323.40000001	-0.00008766
-323.36666667	0.00004558
-323.33333334	0.00001748
-323.30000001	-0.00031740
-323.26666667	-0.00030262
-323.23333334	-0.00005979
-323.20000001	-0.00005914
-323.16666667	0.00010835
-323.13333334	-0.00002489
-323.10000001	0.00008087
-323.06666668	0.00017325
-323.03333334	0.00000961
-323.00000001	0.00001889
-322.96666668	0.00002220
-322.93333334	0.00020802
-322.90000001	-0.00015157
-322.86666668	-0.00000688
-322.83333334	-0.00006944
-322.80000001	-0.00018501
-322.76666668	0.00019432
-322.73333334	0.00030289
-322.70000001	0.00037522
-322.66666668	0.00033598
-322.63333334	0.00025600
-322.60000001	-0.00004571
-322.56666668	-0.00008910
-322.53333334	0.00021266
-322.50000001	-0.00017894
-322.46666668	0.00008013
-322.43333334	0.00007136
-322.40000001	0.00019085
-322.36666668	0.00037259
-322.33333334	0.00026972
-322.30000001	0.00019897
-322.26666668	0.00000633
-322.23333334	0.00031087
-322.20000001	0.00029475
-322.16666668	0.00008957
-322.13333334	0.00016763
-322.10000001	0.00024353
-322.06666668	0.00040575
-322.03333334	0.00016145
-322.00000001	0.00006164
-321.96666668	0.00037110
-321.93333334	-0.00001349
-321.90000001	0.00021693
-321.86666668	0.00033666
-321.83333334	0.00029297
-321.80000001	0.00014563
-321.76666668	0.00002462
-321.73333335	0.00051342
-321.70000001	0.00002586
-321.66666668	0.00005281
-321.63333335	0.00027909
-321.60000001	0.00040572
-321.56666668	0.00013938
-321.53333335	0.00021752
-321.50000001	-0.00000719
-321.46666668	-0.00022764
-321.43333335	-0.00003129
-321.40000001	0.00023301
-321.36666668	0.00030614
-321.33333335	0.00026896
-321.30000001	-0.00011500
-321.26666668	0.00013516
-321.23333335	0.00018874
-321.20000001	-0.00004769
-321.16666668	0.00024996
-321.13333335	0.00015824
-321.10000001	0.00024942
-321.06666668	-0.00002128
-321.03333335	-0.00000808
-321.00000001	-0.00004942
-320.96666668	0.00017101
-320.93333335	-0.00008542
-320.90000001	0.00012639
-320.86666668	0.00005471
-320.83333335	0.00007240
-320.80000001	0.00013302
-320.76666668	0.00000868
-320.73333335	0.00002941
-320.70000001	0.00004158
-320.66666668	0.00014864
-320.63333335	0.00006705
-320.60000001	0.00026246
-320.56666668	0.00010318
-320.53333335	-0.00000988
-320.50000002	0.00012765
-320.46666668	0.00007139
-320.43333335	0.00008971
-320.40000002	0.00011385
-320.36666668	-0.00018550
-320.33333335	0.00002316
-320.30000002	0.00007969
-320.26666668	-0.00005370
-320.23333335	0.00005166
-320.20000002	0.00010998
-320.16666668	0.00030554
-320.13333335	-0.00000505
-320.10000002	0.00026868
-320.06666668	0.00011673
-320.03333335	0.00012016
-320.00000002	0.00025067
-319.96666668	0.00006899
-319.93333335	0.00002538
-319.90000002	0.00012327
-319.86666668	0.00040228
-319.83333335	0.00021439
-319.80000002	0.00034031
-319.76666668	0.00020362
-319.73333335	0.00023147
-319.70000002	0.00030869
-319.66666668	0.00009197
-319.63333335	0.00025441
-319.60000002	-0.00004856
-319.56666668	-0.00003174
-319.53333335	0.00001477
-319.50000002	0.00027065
-319.46666668	0.00013401
-319.43333335	0.00016867
-319.40000002	0.00018646
-319.36666668	0.00026859
-319.33333335	0.00024229
-319.30000002	0.00018436
-319.26666669	0.00013018
-319.23333335	0.00017563
-319.20000002	-0.00004421
-319.16666669	0.00030057
-319.13333335	0.00011221
-319.10000002	0.00002885
-319.06666669	-0.00001237
-319.03333335	0.00010931
-319.00000002	-0.00003152
-318.96666669	0.00038778
-318.93333335	0.00042468
-318.90000002	-0.00000304
-318.86666669	0.00006428
-318.83333335	0.00006949
-318.80000002	0.00014826
-318.76666669	0.00030885
-318.73333335	0.00001832
-318.70000002	-0.00017447
-318.66666669	-0.00029201
-318.63333335	-0.00019356
-318.60000002	0.00007171
-318.56666669	0.00013052
-318.53333335	-0.00009256
-318.50000002	-0.00007631
-318.46666669	0.00004844
-318.43333335	-0.00015968
-318.40000002	0.00011171
-318.36666669	-0.00001575
-318.33333335	-0.00019711
-318.30000002	-0.00011104
-318.26666669	-0.00001508
-318.23333335	0.00006360
-318.20000002	-0.00000360
-318.16666669	0.00008358
-318.13333335	-0.00005842
-318.10000002	0.00023804
-318.06666669	0.00006232
-318.03333335	-0.00029065
-318.00000002	0.00007252
-317.96666669	-0.00001764
-317.93333336	0.00027395
-317.90000002	0.00036646
-317.86666669	0.00009827
-317.83333336	0.00021296
-317.80000002	0.00023728
-317.76666669	0.00054945
-317.73333336	0.00043222
-317.70000002	0.00006776
-317.66666669	0.00006525
-317.63333336	0.00034170
-317.60000002	-0.00000549
-317.56666669	0.00013325
-317.53333336	0.00039060
-317.50000002	0.00046328
-317.46666669	0.00032953
-317.43333336	0.00027904
-317.40000002	0.00034107
-317.36666669	0.00042421
-317.33333336	0.00027508
-317.30000002	0.00021694
-317.26666669	0.00010432
-317.23333336	0.00000629
-317.20000002	0.00001340
-317.16666669	0.00020515
-317.13333336	0.00023866
-317.10000002	0.00011425
-317.06666669	0.00053285
-317.03333336	0.00044252
-317.00000002	0.00032438
-316.96666669	0.00020799
-316.93333336	0.00051479
-316.90000002	0.00045568
-316.86666669	0.00030722
-316.83333336	0.00031814
-316.80000002	0.00013668
-316.76666669	0.00037394
-316.73333336	0.00032141
-316.70000003	0.00022808
-316.66666669	0.00029125
-316.63333336	0.00050341
-316.60000003	0.00041605
-316.56666669	0.00029446
-316.53333336	0.00005042
-316.50000003	0.00035372
-316.46666669	0.00053756
-316.43333336	0.00030583
-316.40000003	0.00004033
-316.36666669	0.00029005
-316.33333336	0.00039257
-316.30000003	0.00024562
-316.26666669	0.00005134
-316.23333336	0.00031911
-316.20000003	0.00013354
-316.16666669	0.00016335
-316.13333336	0.00017912
-316.10000003	-0.00001006
-316.06666669	0.00003643
-316.03333336	0.00006915
-316.00000003	0.00028463
-315.96666669	0.00019056
-315.93333336	0.00048759
-315.90000003	0.00012061
-315.86666669	0.00036510
-315.83333336	0.00059411
-315.80000003	0.00028104
-315.76666669	0.00027530
-315.73333336	0.00044059
-315.70000003	0.00044818
-315.66666669	0.00062531
-315.63333336	0.00059893
-315.60000003	0.00049795
-315.56666669	0.00028977
-315.53333336	0.00049730
-315.50000003	-0.00000977
-315.46666670	0.00059526
-315.43333336	0.00044704
-315.40000003	0.00038545
-315.36666670	0.00059904
-315.33333336	0.00043445
-315.30000003	0.00043603
-315.26666670	0.00021115
-315.23333336	0.00044400
-315.20000003	0.00047152
-315.16666670	0.00044375
-315.13333336	0.00045972
-315.10000003	0.00022279
-315.06666670	0.00021491
-315.03333336	0.00024773
-315.00000003	0.00052701
-314.96666670	0.00030997
-314.93333336	0.00028789
-314.90000003	0.00038795
-314.86666670	0.00037449
-314.83333336	0.00054076
-314.80000003	0.00025040
-314.76666670	0.00055833
-314.73333336	0.00041303
-314.70000003	0.00035765
-314.66666670	0.00040411
-314.63333336	0.00014302
-314.60000003	0.00053568
-314.56666670	0.00010324
-314.53333336	0.00059018
-314.50000003	0.00019424
-314.46666670	0.00018974
-314.43333336	0.00045609
-314.40000003	0.00018459
-314.36666670	0.00029638
-314.33333336	-0.00000970
-314.30000003	0.00024729
-314.26666670	0.00024294
-314.23333336	0.00028153
-314.20000003	0.00037653
-314.16666670	0.00028000
-314.13333337	0.00044479
-314.10000003	0.00037533
-314.06666670	0.00040434
-314.03333337	0.00023730
-314.00000003	0.00057647
-313.96666670	0.00060771
-313.93333337	0.00037519
-313.90000003	0.00041804
-313.86666670	0.00024818
-313.83333337	0.00019998
-313.80000003	0.00028684
-313.76666670	0.00045053
-313.73333337	0.00070138
-313.70000003	0.00046701
-313.66666670	0.00049573
-313.63333337	0.00044132
-313.60000003	0.00039056
-313.56666670	0.00027459
-313.53333337	0.00023875
-313.50000003	0.00060398
-313.46666670	0.00042165
-313.43333337	0.00044857
-313.40000003	0.00034982
-313.36666670	0.00027167
-313.33333337	0.00028967
-313.30000003	0.00027994
-313.26666670	0.00035010
-313.23333337	0.00037405
-313.20000003	0.00031837
-313.16666670	0.00038680
-313.13333337	0.00026390
-313.10000003	0.00045984
-313.06666670	0.00047119
-313.03333337	0.00059927
-313.00000003	0.00022079
-312.96666670	0.00024925
-312.93333337	0.00021869
-312.90000004	0.00033922
-312.86666670	0.00027284
-312.83333337	0.00015167
-312.80000004	0.00051637
-312.76666670	0.00005430
-312.73333337	0.00021156
-312.70000004	0.00046611
-312.66666670	0.00026056
-312.63333337	0.00049597
-312.60000004	0.00033406
-312.56666670	0.00031444
-312.53333337	0.00015061
-312.50000004	0.00038084
-312.46666670	0.00025075
-312.43333337	0.00047587
-312.40000004	0.00032664
-312.36666670	0.00028564
-312.33333337	0.00031889
-312.30000004	0.00025678
-312.26666670	-0.00001693
-312.23333337	-0.00003752
-312.20000004	-0.00001133
-312.16666670	0.00008264
-312.13333337	-0.00004247
-312.10000004	0.00031459
-312.06666670	0.00019991
-312.03333337	0.00015434
-312.00000004	0.00003582
-311.96666670	0.00014938
-311.93333337	0.00005339
-311.90000004	-0.00005386
-311.86666670	0.00013096
-311.83333337	0.00035346
-311.80000004	0.00001976
-311.76666670	0.00018095
-311.73333337	0.00020932
-311.70000004	0.00026456
-311.66666670	0.00005655
-311.63333337	0.00034499
-311.60000004	0.00020786
-311.56666671	0.00023751
-311.53333337	0.00005902
-311.50000004	-0.00002518
-311.46666671	-0.00016216
-311.43333337	0.00005388
-311.40000004	-0.00015219
-311.36666671	-0.00029314
-311.33333337	-0.00005910
-311.30000004	0.00004317
-311.26666671	-0.00007188
-311.23333337	-0.00010101
-311.20000004	-0.00026889
-311.16666671	0.00017767
-311.13333337	-0.00010938
-311.10000004	-0.00019993
-311.06666671	0.00000836
-311.03333337	-0.00004299
-311.00000004	-0.00008299
-310.96666671	-0.00008105
-310.93333337	0.00004929
-310.90000004	-0.00007664
-310.86666671	-0.00018858
-310.83333337	0.00012564
-310.80000004	0.00003699
-310.76666671	-0.00004370
-310.73333337	0.00001974
-310.70000004	0.00004459
-310.66666671	-0.00009217
-310.63333337	-0.00003757
-310.60000004	0.00008402
-310.56666671	0.00013209
-310.53333337	0.00022245
-310.50000004	0.00008092
-310.46666671	0.00013088
-310.43333337	0.00008526
-310.40000004	0.00005624
-310.36666671	-0.00008722
-310.33333338	-0.00002301
-310.30000004	0.00023538
-310.26666671	-0.00030389
-310.23333338	0.00020259
-310.20000004	0.00003186
-310.16666671	-0.00002896
-310.13333338	0.00012558
-310.10000004	-0.00014285
-310.06666671	-0.00009138
-310.03333338	-0.00020232
-310.00000004	0.00000885
-309.96666671	-0.00008183
-309.93333338	-0.00006765
-309.90000004	0.00013057
-309.86666671	0.00026599
-309.83333338	-0.00007304
-309.80000004	0.00021867
-309.76666671	0.00001283
-309.73333338	-0.00006061
-309.70000004	-0.00002537
-309.66666671	0.00009103
-309.63333338	0.00007840
-309.60000004	-0.00014925
-309.56666671	0.00004694
-309.53333338	0.00019554
-309.50000004	-0.00014844
-309.46666671	0.00011334
-309.43333338	0.00004421
-309.40000004	-0.00011858
-309.36666671	-0.00003356
-309.33333338	-0.00038216
-309.30000004	-0.00031405
-309.26666671	-0.00003516
-309.23333338	-0.00020922
-309.20000004	0.00004661
-309.16666671	0.00005014
-309.13333338	0.00002280
-309.10000005	0.00016572
-309.06666671	0.00010293
-309.03333338	-0.00003642
-309.00000005	0.00026761
-308.96666671	0.00002471
-308.93333338	-0.00010215
-308.90000005	-0.00023210
-308.86666671	-0.00008348
-308.83333338	0.00000628
-308.80000005	0.00005960
-308.76666671	-0.00007559
-308.73333338	-0.00015142
-308.70000005	0.00002479
-308.66666671	-0.00009794
-308.63333338	-0.00003673
-308.60000005	0.00003304
-308.56666671	-0.00020661
-308.53333338	-0.00006834
-308.50000005	-0.00009492
-308.46666671	-0.00020991
-308.43333338	0.00002355
-308.40000005	0.00000724
-308.36666671	-0.00013957
-308.33333338	0.00023227
-308.30000005	0.00029005
-308.26666671	0.00014698
-308.23333338	0.00027724
-308.20000005	0.00020560
-308.16666671	0.00036395
-308.13333338	0.00008172
-308.10000005	0.00026926
-308.06666671	0.00006857
-308.03333338	0.00003053
-308.00000005	0.00012127
-307.96666671	0.00016362
-307.93333338	0.00030294
-307.90000005	-0.00016937
-307.86666671	0.00003088
-307.83333338	-0.00011010
-307.80000005	0.00017765
-307.76666672	0.00010797
-307.73333338	0.00016224
-307.70000005	0.00000061
-307.66666672	0.00004970
-307.63333338	0.00010648
-307.60000005	0.00002147
-307.56666672	0.00034283
-307.53333338	-0.00005622
-307.50000005	0.00009690
-307.46666672	-0.00006994
-307.43333338	0.00009949
-307.40000005	-0.00004189
-307.36666672	-0.00011699
-307.33333338	-0.00032831
-307.30000005	0.00029842
-307.26666672	0.00040103
-307.23333338	0.00015704
-307.20000005	-0.00006347
-307.16666672	0.00010364
-307.13333338	-0.00000512
-307.10000005	0.00004952
-307.06666672	-0.00010896
-307.03333338	-0.00002257
-307.00000005	0.00005718
-306.96666672	-0.00009090
-306.93333338	0.00008939
-306.90000005	-0.00000522
-306.86666672	0.00018255
-306.83333338	-0.00007017
-306.80000005	0.00017415
-306.76666672	0.00005334
-306.73333338	-0.00005942
-306.70000005	0.00007275
-306.66666672	0.00009689
-306.63333338	-0.00006424
-306.60000005	-0.00008952
-306.56666672	-0.00000482
-306.53333339	-0.00020166
-306.50000005	0.00002628
-306.46666672	-0.00006354
-306.43333339	0.00000568
-306.40000005	-0.00024124
-306.36666672	-0.00038869
-306.33333339	-0.00028780
-306.30000005	-0.00025109
-306.26666672	-0.00014263
-306.23333339	-0.00012288
-306.20000005	-0.00030294
-306.16666672	-0.00010075
-306.13333339	-0.00014127
-306.10000005	-0.00013086
-306.06666672	-0.00014784
-306.03333339	-0.00029415
-306.00000005	-0.00022098
-305.96666672	-0.00031827
-305.93333339	-0.00022602
-305.90000005	-0.00013128
-305.86666672	-0.00000675
-305.83333339	-0.00002617
-305.80000005	-0.00012568
-305.76666672	-0.00045844
-305.73333339	-0.00029810
-305.70000005	-0.00034786
-305.66666672	-0.00003250
-305.63333339	-0.00001011
-305.60000005	-0.00036895
-305.56666672	-0.00016436
-305.53333339	-0.00016113
-305.50000005	-0.00043214
-305.46666672	-0.00011050
-305.43333339	-0.00007455
-305.40000005	-0.00027374
-305.36666672	-0.00055637
-305.33333339	-0.00037072
-305.30000006	-0.00018147
-305.26666672	-0.00037877
-305.23333339	-0.00040136
-305.20000006	-0.00023045
-305.16666672	-0.00023055
-305.13333339	-0.00004699
-305.10000006	-0.00001206
-305.06666672	-0.00034948
-305.03333339	-0.00025708
-305.00000006	-0.00015609
-304.96666672	-0.00049857
-304.93333339	-0.00036518
-304.90000006	-0.00024768
-304.86666672	-0.00031589
-304.83333339	0.00000904
-304.80000006	-0.00011793
-304.76666672	0.00018070
-304.73333339	-0.00015374
-304.70000006	-0.00007351
-304.66666672	-0.00037305
-304.63333339	-0.00003248
-304.60000006	0.00005133
-304.56666672	-0.00047546
-304.53333339	-0.00036225
-304.50000006	0.00002936
-304.46666672	-0.00002776
-304.43333339	-0.00007867
-304.40000006	0.00002724
-304.36666672	0.00008615
-304.33333339	-0.00010705
-304.30000006	0.00006163
-304.26666672	0.00009454
-304.23333339	-0.00009898
-304.20000006	0.00010331
-304.16666672	0.00016567
-304.13333339	0.00016950
-304.10000006	0.00018909
-304.06666672	0.00018623
-304.03333339	0.00007446
-304.00000006	0.00014580
-303.96666673	-0.00001035
-303.93333339	0.00040303
-303.90000006	0.00016813
-303.86666673	0.00014588
-303.83333339	0.00007868
-303.80000006	0.00051368
-303.76666673	0.00027332
-303.73333339	0.00028011
-303.70000006	0.00056766
-303.66666673	0.00027790
-303.63333339	0.00026550
-303.60000006	0.00035007
-303.56666673	0.00026323
-303.53333339	0.00020924
-303.50000006	0.00017489
-303.46666673	0.00009496
-303.43333339	0.00006883
-303.40000006	0.00030811
-303.36666673	-0.00006873
-303.33333339	0.00002296
-303.30000006	0.00014769
-303.26666673	0.00008365
-303.23333339	-0.00014227
-303.20000006	-0.00001046
-303.16666673	0.00006009
-303.13333339	0.00014102
-303.10000006	-0.00003145
-303.06666673	-0.00002033
-303.03333339	-0.00012580
-303.00000006	0.00011388
-302.96666673	0.00006920
-302.93333339	-0.00002132
-302.90000006	0.00004390
-302.86666673	0.00003382
-302.83333339	-0.00023576
-302.80000006	-0.00005871
-302.76666673	-0.00008688
-302.73333340	-0.00008028
-302.70000006	-0.00013026
-302.66666673	0.00005946
-302.63333340	-0.00026164
-302.60000006	-0.00046636
-302.56666673	-0.00048796
-302.53333340	-0.00040481
-302.50000006	-0.00029161
-302.46666673	-0.00006973
-302.43333340	-0.00028766
-302.40000006	-0.00007552
-302.36666673	-0.00029734
-302.33333340	-0.00032040
-302.30000006	-0.00026684
-302.26666673	-0.00027264
-302.23333340	-0.00009143
-302.20000006	-0.00052166
-302.16666673	-0.00041148
-302.13333340	-0.00048302
-302.10000006	-0.00032360
-302.06666673	-0.00029053
-302.03333340	-0.00049297
-302.00000006	-0.00031691
-301.96666673	-0.00018787
-301.93333340	-0.00011955
-301.90000006	-0.00026718
-301.86666673	-0.00022537
-301.83333340	-0.00059291
-301.80000006	0.00004061
-301.76666673	-0.00041507
-301.73333340	-0.00033291
-301.70000006	-0.00030305
-301.66666673	-0.00023077
-301.63333340	-0.00043291
-301.60000006	-0.00042773
-301.56666673	-0.00018977
-301.53333340	-0.00021457
-301.50000007	-0.00026305
-301.46666673	-0.00030686
-301.43333340	-0.00032130
-301.40000007	-0.00018598
-301.36666673	-0.00051025
-301.33333340	-0.00043326
-301.30000007	-0.00012376
-301.26666673	-0.00050091
-301.23333340	-0.00046895
-301.20000007	-0.00048894
-301.16666673	-0.00035742
-301.13333340	-0.00032096
-301.10000007	-0.00008855
-301.06666673	-0.00016210
-301.03333340	-0.00009650
-301.00000007	-0.00031113
-300.96666673	-0.00012926
-300.93333340	-0.00031364
-300.90000007	-0.00033234
-300.86666673	-0.00020961
-300.83333340	-0.00021588
-300.80000007	-0.00018195
-300.76666673	-0.00018813
-300.73333340	-0.00003485
-300.70000007	-0.00025617
-300.66666673	-0.00025340
-300.63333340	-0.00027279
-300.60000007	-0.00005899
-300.56666673	-0.00019114
-300.53333340	-0.00047172
-300.50000007	-0.00038688
-300.46666673	-0.00042213
-300.43333340	-0.00017963
-300.40000007	0.00007541
-300.36666673	0.00014558
-300.33333340	-0.00013075
-300.30000007	-0.00014285
-300.26666673	-0.00022901
-300.23333340	0.00005202
-300.20000007	-0.00016566
-300.16666674	-0.00025395
-300.13333340	-0.00011764
-300.10000007	-0.00000349
-300.06666674	-0.00016410
-300.03333340	-0.00023246
-300.00000007	-0.00028061
-299.96666674	0.00003831
-299.93333340	-0.00004806
-299.90000007	-0.00036674
-299.86666674	-0.00014558
-299.83333340	-0.00005057
-299.80000007	-0.00005466
-299.76666674	-0.00025942
-299.73333340	0.00000033
-299.70000007	0.00016908
-299.66666674	-0.00014942
-299.63333340	-0.00006824
-299.60000007	-0.00000212
-299.56666674	0.00015973
-299.53333340	-0.00012032
-299.50000007	-0.00000996
-299.46666674	-0.00000584
-299.43333340	0.00008382
-299.40000007	-0.00017429
-299.36666674	-0.00010439
-299.33333340	-0.00024415
-299.30000007	-0.00036221
-299.26666674	-0.00004755
-299.23333340	-0.00056528
-299.20000007	-0.00015591
-299.16666674	-0.00038551
-299.13333340	-0.00068912
-299.10000007	-0.00047973
-299.06666674	-0.00036880
-299.03333340	-0.00046731
-299.00000007	-0.00021519
-298.96666674	-0.00023102
-298.93333341	-0.00023113
-298.90000007	-0.00015186
-298.86666674	-0.00034667
-298.83333341	-0.00056537
-298.80000007	-0.00051599
-298.76666674	-0.00063534
-298.73333341	-0.00045887
-298.70000007	-0.00018070
-298.66666674	-0.00062478
-298.63333341	-0.00051495
-298.60000007	-0.00081183
-298.56666674	-0.00055107
-298.53333341	-0.00086958
-298.50000007	-0.00047818
-298.46666674	-0.00062338
-298.43333341	-0.00055872
-298.40000007	-0.00051511
-298.36666674	-0.00049209
-298.33333341	-0.00052977
-298.30000007	-0.00072041
-298.26666674	-0.00057545
-298.23333341	-0.00045897
-298.20000007	-0.00059663
-298.16666674	-0.00043203
-298.13333341	-0.00047926
-298.10000007	-0.00087934
-298.06666674	-0.00054696
-298.03333341	-0.00060607
-298.00000007	-0.00061313
-297.96666674	-0.00061932
-297.93333341	-0.00086200
-297.90000007	-0.00072795
-297.86666674	-0.00071034
-297.83333341	-0.00051030
-297.80000007	-0.00041145
-297.76666674	-0.00062216
-297.73333341	-0.00060936
-297.70000008	-0.00058995
-297.66666674	-0.00045042
-297.63333341	-0.00042598
-297.60000008	-0.00045343
-297.56666674	-0.00046632
-297.53333341	-0.00046754
-297.50000008	-0.00025117
-297.46666674	-0.00051199
-297.43333341	-0.00030554
-297.40000008	-0.00028081
-297.36666674	-0.00034562
-297.33333341	-0.00051233
-297.30000008	-0.00030337
-297.26666674	-0.00031414
-297.23333341	0.00013513
-297.20000008	0.00007360
-297.16666674	0.00002697
-297.13333341	-0.00012020
-297.10000008	-0.00010034
-297.06666674	0.00010530
-297.03333341	-0.00000847
-297.00000008	0.00038126
-296.96666674	0.00023945
-296.93333341	0.00030463
-296.90000008	0.00045949
-296.86666674	0.00059907
-296.83333341	0.00062363
-296.80000008	0.00082689
-296.76666674	0.00080568
-296.73333341	0.00061088
-296.70000008	0.00107079
-296.66666674	0.00083962
-296.63333341	0.00118936
-296.60000008	0.00153050
-296.56666674	0.00114513
-296.53333341	0.00122538
-296.50000008	0.00100065
-296.46666674	0.00128320
-296.43333341	0.00142701
-296.40000008	0.00116495
-296.36666675	0.00148268
-296.33333341	0.00169689
-296.30000008	0.00171057
-296.26666675	0.00181830
-296.23333341	0.00195076
-296.20000008	0.00195359
-296.16666675	0.00190764
-296.13333341	0.00180278
-296.10000008	0.00173390
-296.06666675	0.00185576
-296.03333341	0.00197834
-296.00000008	0.00216300
-295.96666675	0.00226348
-295.93333341	0.00226860
-295.90000008	0.00208276
-295.86666675	0.00210288
-295.83333341	0.00231432
-295.80000008	0.00231690
-295.76666675	0.00237035
-295.73333341	0.00220604
-295.70000008	0.00245234
-295.66666675	0.00260058
-295.63333341	0.00235942
-295.60000008	0.00250008
-295.56666675	0.00247588
-295.53333341	0.00244001
-295.50000008	0.00244931
-295.46666675	0.00249496
-295.43333341	0.00253283
-295.40000008	0.00249126
-295.36666675	0.00266439
-295.33333341	0.00277430
-295.30000008	0.00273785
-295.26666675	0.00268108
-295.23333341	0.00259608
-295.20000008	0.00273939
-295.16666675	0.00268676
-295.13333342	0.00244556
-295.10000008	0.00254207
-295.06666675	0.00291514
-295.03333342	0.00290012
-295.00000008	0.00299128
-294.96666675	0.00277449
-294.93333342	0.00296406
-294.90000008	0.00265584
-294.86666675	0.00284469
-294.83333342	0.00263519
-294.80000008	0.00229443
-294.76666675	0.00250168
-294.73333342	0.00244073
-294.70000008	0.00269965
-294.66666675	0.00238558
-294.63333342	0.00256166
-294.60000008	0.00219164
-294.56666675	0.00241205
-294.53333342	0.00217289
-294.50000008	0.00236281
-294.46666675	0.00217584
-294.43333342	0.00198632
-294.40000008	0.00182896
-294.36666675	0.00162502
-294.33333342	0.00199059
-294.30000008	0.00175113
-294.26666675	0.00146078
-294.23333342	0.00152276
-294.20000008	0.00157391
-294.16666675	0.00113938
-294.13333342	0.00128599
-294.10000008	0.00134089
-294.06666675	0.00116424
-294.03333342	0.00099176
-294.00000008	0.00055496
-293.96666675	0.00058463
-293.93333342	0.00038056
-293.90000009	0.00038999
-293.86666675	-0.00008276
-293.83333342	0.00009848
-293.80000009	0.00020476
-293.76666675	-0.00030828
-293.73333342	-0.00056822
-293.70000009	-0.00052657
-293.66666675	-0.00080067
-293.63333342	-0.00088248
-293.60000009	-0.00132237
-293.56666675	-0.00109960
-293.53333342	-0.00116533
-293.50000009	-0.00151457
-293.46666675	-0.00172883
-293.43333342	-0.00163144
-293.40000009	-0.00178911
-293.36666675	-0.00229877
-293.33333342	-0.00227032
-293.30000009	-0.00220660
-293.26666675	-0.00207064
-293.23333342	-0.00219942
-293.20000009	-0.00248960
-293.16666675	-0.00267651
-293.13333342	-0.00273232
-293.10000009	-0.00271793
-293.06666675	-0.00272270
-293.03333342	-0.00296274
-293.00000009	-0.00280047
-292.96666675	-0.00245629
-292.93333342	-0.00254148
-292.90000009	-0.00273340
-292.86666675	-0.00275395
-292.83333342	-0.00265921
-292.80000009	-0.00241517
-292.76666675	-0.00272020
-292.73333342	-0.00248619
-292.70000009	-0.00239663
-292.66666675	-0.00212273
-292.63333342	-0.00229504
-292.60000009	-0.00209925
-292.56666676	-0.00196905
-292.53333342	-0.00199959
-292.50000009	-0.00219012
-292.46666676	-0.00202654
-292.43333342	-0.00182607
-292.40000009	-0.00192764
-292.36666676	-0.00186299
-292.33333342	-0.00158450
-292.30000009	-0.00127640
-292.26666676	-0.00104467
-292.23333342	-0.00119031
-292.20000009	-0.00096290
-292.16666676	-0.00089165
-292.13333342	-0.00083417
-292.10000009	-0.00064663
-292.06666676	-0.00095070
-292.03333342	-0.00052860
-292.00000009	-0.00047463
-291.96666676	-0.00033304
-291.93333342	-0.00010819
-291.90000009	-0.00009662
-291.86666676	-0.00005717
-291.83333342	0.00030061
-291.80000009	0.00029204
-291.76666676	0.00063375
-291.73333342	0.00065374
-291.70000009	0.00063450
-291.66666676	0.00095931
-291.63333342	0.00096735
-291.60000009	0.00103888
-291.56666676	0.00137639
-291.53333342	0.00101551
-291.50000009	0.00140158
-291.46666676	0.00145162
-291.43333342	0.00149468
-291.40000009	0.00168774
-291.36666676	0.00176499
-291.33333343	0.00221433
-291.30000009	0.00208926
-291.26666676	0.00198480
-291.23333343	0.00211521
-291.20000009	0.00199494
-291.16666676	0.00231725
-291.13333343	0.00232341
-291.10000009	0.00241663
-291.06666676	0.00244152
-291.03333343	0.00251687
-291.00000009	0.00258406
-290.96666676	0.00268467
-290.93333343	0.00243467
-290.90000009	0.00223561
-290.86666676	0.00234231
-290.83333343	0.00231023
-290.80000009	0.00233822
-290.76666676	0.00222157
-290.73333343	0.00208739
-290.70000009	0.00211519
-290.66666676	0.00198331
-290.63333343	0.00215385
-290.60000009	0.00227496
-290.56666676	0.00192680
-290.53333343	0.00205394
-290.50000009	0.00216741
-290.46666676	0.00168929
-290.43333343	0.00198490
-290.40000009	0.00202107
-290.36666676	0.00190055
-290.33333343	0.00187754
-290.30000009	0.00156495
-290.26666676	0.00171232
-290.23333343	0.00162601
-290.20000009	0.00154929
-290.16666676	0.00139863
-290.13333343	0.00116007
-290.10000010	0.00149609
-290.06666676	0.00132130
-290.03333343	0.00128207
-290.00000010	0.00104444
-289.96666676	0.00134132
-289.93333343	0.00106633
-289.90000010	0.00107123
-289.86666676	0.00100950
-289.83333343	0.00065954
-289.80000010	0.00069957
-289.76666676	0.00070223
-289.73333343	0.00056202
-289.70000010	0.00067266
-289.66666676	0.00051349
-289.63333343	0.00021332
-289.60000010	0.00032008
-289.56666676	0.00032803
-289.53333343	0.00010891
-289.50000010	0.00035589
-289.46666676	-0.00001817
-289.43333343	0.00006379
-289.40000010	0.00009753
-289.36666676	-0.00000521
-289.33333343	-0.00024489
-289.30000010	0.00014819
-289.26666676	0.00006396
-289.23333343	-0.00000437
-289.20000010	-0.00001090
-289.16666676	0.00004615
-289.13333343	-0.00018366
-289.10000010	-0.00042100
-289.06666676	-0.00046971
-289.03333343	-0.00021043
-289.00000010	-0.00015260
-288.96666676	-0.00011811
-288.93333343	-0.00040112
-288.90000010	-0.00045149
-288.86666676	-0.00042145
-288.83333343	-0.00045446
-288.80000010	-0.00056622
-288.76666677	-0.00045031
-288.73333343	-0.00040733
-288.70000010	-0.00059881
-288.66666677	-0.00061083
-288.63333343	-0.00063660
-288.60000010	-0.00083863
-288.56666677	-0.00040831
-288.53333343	-0.00065200
-288.50000010	-0.00057884
-288.46666677	-0.00047869
-288.43333343	-0.00068781
-288.40000010	-0.00059327
-288.36666677	-0.00066344
-288.33333343	-0.00045874
-288.30000010	-0.00025990
-288.26666677	-0.00051317
-288.23333343	-0.00037307
-288.20000010	-0.00050455
-288.16666677	-0.00044372
-288.13333343	-0.00081962
-288.10000010	-0.00047678
-288.06666677	-0.00058309
-288.03333343	-0.00060733
-288.00000010	-0.00058550
-287.96666677	-0.00016057
-287.93333343	-0.00022152
-287.90000010	-0.00045133
-287.86666677	-0.00044128
-287.83333343	-0.00031056
-287.80000010	0.00001062
-287.76666677	0.00003989
-287.73333343	-0.00000464
-287.70000010	0.00024602
-287.66666677	0.00019610
-287.63333343	0.00013134
-287.60000010	0.00026393
-287.56666677	0.00050372
-287.53333344	0.00072734
-287.50000010	0.00085229
-287.46666677	0.00111840
-287.43333344	0.00083633
-287.40000010	0.00073111
-287.36666677	0.00099161
-287.33333344	0.00114080
-287.30000010	0.00160258
-287.26666677	0.00120993
-287.23333344	0.00144001
-287.20000010	0.00153061
-287.16666677	0.00188862
-287.13333344	0.00180750
-287.10000010	0.00194088
-287.06666677	0.00187231
-287.03333344	0.00186573
-287.00000010	0.00190143
-286.96666677	0.00198437
-286.93333344	0.00159898
-286.90000010	0.00143472
-286.86666677	0.00119483
-286.83333344	0.00093000
-286.80000010	0.00057243
-286.76666677	0.00037654
-286.73333344	-0.00021905
-286.70000010	-0.00045275
-286.66666677	-0.00084504
-286.63333344	-0.00140063
-286.60000010	-0.00137729
-286.56666677	-0.00183887
-286.53333344	-0.00156330
-286.50000010	-0.00132993
-286.46666677	-0.00120023
-286.43333344	-0.00111336
-286.40000010	-0.00077113
-286.36666677	-0.00042120
-286.33333344	-0.00010400
-286.30000010	0.00035500
-286.26666677	0.00075711
-286.23333344	0.00074253
-286.20000011	0.00100565
-286.16666677	0.00154716
-286.13333344	0.00167982
-286.10000011	0.00222403
-286.06666677	0.00191726
-286.03333344	0.00238963
-286.00000011	0.00262156
-285.96666677	0.00299352
-285.93333344	0.00301707
-285.90000011	0.00330132
-285.86666677	0.00335258
-285.83333344	0.00341999
-285.80000011	0.00370733
-285.76666677	0.00353117
-285.73333344	0.00383478
-285.70000011	0.00352964
-285.66666677	0.00352263
-285.63333344	0.00358095
-285.60000011	0.00337871
-285.56666677	0.00326831
-285.53333344	0.00309883
-285.50000011	0.00272288
-285.46666677	0.00242858
-285.43333344	0.00178942
-285.40000011	0.00150290
-285.36666677	0.00097086
-285.33333344	0.00034274
-285.30000011	0.00019519
-285.26666677	-0.00045306
-285.23333344	-0.00097567
-285.20000011	-0.00152095
-285.16666677	-0.00154833
-285.13333344	-0.00157674
-285.10000011	-0.00177573
-285.06666677	-0.00150483
-285.03333344	-0.00123606
-285.00000011	-0.00088068
-284.96666678	-0.00032622
-284.93333344	0.00013660
-284.90000011	0.00054784
-284.86666678	0.00113263
-284.83333344	0.00161896
-284.80000011	0.00194916
-284.76666678	0.00269660
-284.73333344	0.00323425
-284.70000011	0.00335314
-284.66666678	0.00365053
-284.63333344	0.00403542
-284.60000011	0.00424958
-284.56666678	0.00426478
-284.53333344	0.00445007
-284.50000011	0.00459512
-284.46666678	0.00462181
-284.43333344	0.00499426
-284.40000011	0.00497655
-284.36666678	0.00504275
-284.33333344	0.00509586
-284.30000011	0.00539990
-284.26666678	0.00542077
-284.23333344	0.00531899
-284.20000011	0.00529609
-284.16666678	0.00545962
-284.13333344	0.00565680
-284.10000011	0.00561786
-284.06666678	0.00564093
-284.03333344	0.00551044
-284.00000011	0.00566411
-283.96666678	0.00549812
-283.93333344	0.00546509
-283.90000011	0.00546729
-283.86666678	0.00535183
-283.83333344	0.00539975
-283.80000011	0.00540604
-283.76666678	0.00547962
-283.73333345	0.00528016
-283.70000011	0.00526285
-283.66666678	0.00541341
-283.63333345	0.00525050
-283.60000011	0.00530694
-283.56666678	0.00542476
-283.53333345	0.00532535
-283.50000011	0.00546004
-283.46666678	0.00541702
-283.43333345	0.00547409
-283.40000011	0.00571513
-283.36666678	0.00563529
-283.33333345	0.00581956
-283.30000011	0.00594290
-283.26666678	0.00573223
-283.23333345	0.00586551
-283.20000011	0.00574952
-283.16666678	0.00613808
-283.13333345	0.00596084
-283.10000011	0.00579022
-283.06666678	0.00606568
-283.03333345	0.00609962
-283.00000011	0.00623583
-282.96666678	0.00610884
-282.93333345	0.00619567
-282.90000011	0.00606098
-282.86666678	0.00567685
-282.83333345	0.00593434
-282.80000011	0.00578424
-282.76666678	0.00566630
-282.73333345	0.00577142
-282.70000011	0.00579202
-282.66666678	0.00579998
-282.63333345	0.00590609
-282.60000011	0.00603143
-282.56666678	0.00595843
-282.53333345	0.00581167
-282.50000011	0.00605393
-282.46666678	0.00603768
-282.43333345	0.00598490
-282.40000012	0.00596236
-282.36666678	0.00581178
-282.33333345	0.00552121
-282.30000012	0.00515253
-282.26666678	0.00467229
-282.23333345	0.00432534
-282.20000012	0.00359583
-282.16666678	0.00320936
-282.13333345	0.00311236
-282.10000012	0.00272538
-282.06666678	0.00287969
-282.03333345	0.00282965
-282.00000012	0.00300572
-281.96666678	0.00349882
-281.93333345	0.00408872
-281.90000012	0.00474737
-281.86666678	0.00604136
-281.83333345	0.00665981
-281.80000012	0.00780699
-281.76666678	0.00848756
-281.73333345	0.00957456
-281.70000012	0.01026197
-281.66666678	0.01116103
-281.63333345	0.01192012
-281.60000012	0.01249915
-281.56666678	0.01327167
-281.53333345	0.01377272
-281.50000012	0.01446286
-281.46666678	0.01486738
-281.43333345	0.01563090
-281.40000012	0.01624820
-281.36666678	0.01684448
-281.33333345	0.01751135
-281.30000012	0.01852808
-281.26666678	0.01906196
-281.23333345	0.02010664
-281.20000012	0.02121381
-281.16666679	0.02204012
-281.13333345	0.02301580
-281.10000012	0.02430669
-281.06666679	0.02510756
-281.03333345	0.02689139
-281.00000012	0.02819241
-280.96666679	0.02960275
-280.93333345	0.03096927
-280.90000012	0.03280798
-280.86666679	0.03407425
-280.83333345	0.03588183
-280.80000012	0.03770126
-280.76666679	0.03947181
-280.73333345	0.04146451
-280.70000012	0.04356734
-280.66666679	0.04561797
-280.63333345	0.04842269
-280.60000012	0.05099358
-280.56666679	0.05396566
-280.53333345	0.05663424
-280.50000012	0.05983396
-280.46666679	0.06325688
-280.43333345	0.06662862
-280.40000012	0.07005583
-280.36666679	0.07416004
-280.33333345	0.07799872
-280.30000012	0.08212500
-280.26666679	0.08669787
-280.23333345	0.09121079
-280.20000012	0.09613626
-280.16666679	0.10095679
-280.13333345	0.10612507
-280.10000012	0.11155796
-280.06666679	0.11739874
-280.03333345	0.12304921
-280.00000012	0.12959045
-279.96666679	0.13623624
-279.93333346	0.14334591
-279.90000012	0.15049294
-279.86666679	0.15808407
-279.83333346	0.16545869
-279.80000012	0.17291849
-279.76666679	0.18028857
-279.73333346	0.18782678
-279.70000012	0.19462600
-279.66666679	0.20099265
-279.63333346	0.20657635
-279.60000012	0.21074462
-279.56666679	0.21357409
-279.53333346	0.21443237
-279.50000012	0.21273332
-279.46666679	0.20816758
-279.43333346	0.19943353
-279.40000012	0.18567228
-279.36666679	0.16491315
-279.33333346	0.13521559
-279.30000012	0.09393348
-279.26666679	0.03778303
-279.23333346	-0.03634549
-279.20000012	-0.13198984
-279.16666679	-0.25204776
-279.13333346	-0.39784935
-279.10000012	-0.56997909
-279.06666679	-0.76430080
-279.03333346	-0.97603250
-279.00000012	-1.19324510
-278.96666679	-1.40422664
-278.93333346	-1.59404459
-278.90000012	-1.74704700
-278.86666679	-1.85022551
-278.83333346	-1.89345691
-278.80000012	-1.87174309
-278.76666679	-1.78689980
-278.73333346	-1.64501880
-278.70000012	-1.45765061
-278.66666679	-1.23818084
-278.63333346	-1.00065370
-278.60000013	-0.75822674
-278.56666679	-0.52139460
-278.53333346	-0.29896263
-278.50000013	-0.09549160
-278.46666679	0.08412521
-278.43333346	0.23757386
-278.40000013	0.36518791
-278.36666679	0.46816765
-278.33333346	0.54887955
-278.30000013	0.61042002
-278.26666679	0.65671475
-278.23333346	0.69078908
-278.20000013	0.71511298
-278.16666679	0.73126900
-278.13333346	0.74006295
-278.10000013	0.74255924
-278.06666679	0.73934813
-278.03333346	0.73220956
-278.00000013	0.72197286
-277.96666679	0.70999697
-277.93333346	0.69753134
-277.90000013	0.68415873
-277.86666679	0.66962706
-277.83333346	0.65262456
-277.80000013	0.63214853
-277.76666679	0.60672077
-277.73333346	0.57644331
-277.70000013	0.54176340
-277.66666679	0.50280241
-277.63333346	0.46060749
-277.60000013	0.41504629
-277.56666679	0.36921429
-277.53333346	0.32227922
-277.50000013	0.27712838
-277.46666679	0.23538032
-277.43333346	0.19933253
-277.40000013	0.17107596
-277.36666680	0.15189280
-277.33333346	0.14255615
-277.30000013	0.14192295
-277.26666680	0.14911809
-277.23333346	0.16108279
-277.20000013	0.17524577
-277.16666680	0.18820295
-277.13333346	0.19763073
-277.10000013	0.20162836
-277.06666680	0.19857408
-277.03333346	0.18796286
-277.00000013	0.16953843
-276.96666680	0.14424189
-276.93333346	0.11345364
-276.90000013	0.07899222
-276.86666680	0.04431392
-276.83333346	0.01251902
-276.80000013	-0.01408318
-276.76666680	-0.03343340
-276.73333346	-0.04388350
-276.70000013	-0.04653922
-276.66666680	-0.04215700
-276.63333346	-0.03332370
-276.60000013	-0.02250662
-276.56666680	-0.01099008
-276.53333346	-0.00092058
-276.50000013	0.00715412
-276.46666680	0.01361796
-276.43333346	0.01857564
-276.40000013	0.02213468
-276.36666680	0.02424871
-276.33333346	0.02527872
-276.30000013	0.02485887
-276.26666680	0.02264772
-276.23333346	0.02004099
-276.20000013	0.01620611
-276.16666680	0.01174695
-276.13333347	0.00692973
-276.10000013	0.00274482
-276.06666680	-0.00150033
-276.03333347	-0.00557522
-276.00000013	-0.00908357
-275.96666680	-0.01309787
-275.93333347	-0.01757456
-275.90000013	-0.02351231
-275.86666680	-0.03109382
-275.83333347	-0.03991438
-275.80000013	-0.05030901
-275.76666680	-0.06171908
-275.73333347	-0.07239614
-275.70000013	-0.08097097
-275.66666680	-0.08616732
-275.63333347	-0.08722411
-275.60000013	-0.08328772
-275.56666680	-0.07472534
-275.53333347	-0.06239094
-275.50000013	-0.04656183
-275.46666680	-0.02911744
-275.43333347	-0.00950565
-275.40000013	0.00957670
-275.36666680	0.02825886
-275.33333347	0.04493708
-275.30000013	0.05806615
-275.26666680	0.06656722
-275.23333347	0.06843693
-275.20000013	0.06324629
-275.16666680	0.05086258
-275.13333347	0.03233450
-275.10000013	0.01011807
-275.06666680	-0.01427829
-275.03333347	-0.03810927
-275.00000013	-0.05820009
-274.96666680	-0.07296405
-274.93333347	-0.08141972
-274.90000013	-0.08253404
-274.86666680	-0.07682687
-274.83333347	-0.06567274
-274.80000014	-0.05048582
-274.76666680	-0.03377979
-274.73333347	-0.01673957
-274.70000014	-0.00251535
-274.66666680	0.00696100
-274.63333347	0.01153237
-274.60000014	0.01036739
-274.56666680	0.00403520
-274.53333347	-0.00609757
-274.50000014	-0.01868186
-274.46666680	-0.03226493
-274.43333347	-0.04561379
-274.40000014	-0.05726630
-274.36666680	-0.06701809
-274.33333347	-0.07377052
-274.30000014	-0.07864971
-274.26666680	-0.08083618
-274.23333347	-0.08062844
-274.20000014	-0.07942855
-274.16666680	-0.07629610
-274.13333347	-0.07251379
-274.10000014	-0.06726528
-274.06666680	-0.06128830
-274.03333347	-0.05440731
-274.00000014	-0.04684682
-273.96666680	-0.03884515
-273.93333347	-0.03209707
-273.90000014	-0.02602457
-273.86666680	-0.02176332
-273.83333347	-0.01946683
-273.80000014	-0.01930383
-273.76666680	-0.01929822
-273.73333347	-0.01838162
-273.70000014	-0.01529772
-273.66666680	-0.00963609
-273.63333347	-0.00107073
-273.60000014	0.00939191
-273.56666681	0.02016118
-273.53333347	0.02866306
-273.50000014	0.03394331
-273.46666681	0.03464037
-273.43333347	0.03126872
-273.40000014	0.02441847
-273.36666681	0.01555721
-273.33333347	0.00647775
-273.30000014	-0.00127366
-273.26666681	-0.00835122
-273.23333347	-0.01370375
-273.20000014	-0.01778637
-273.16666681	-0.02093867
-273.13333347	-0.02360030
-273.10000014	-0.02627764
-273.06666681	-0.02842346
-273.03333347	-0.03051957
-273.00000014	-0.03219817
-272.96666681	-0.03338659
-272.93333347	-0.03457055
-272.90000014	-0.03519993
-272.86666681	-0.03601408
-272.83333347	-0.03760119
-272.80000014	-0.03938849
-272.76666681	-0.04190291
-272.73333347	-0.04415425
-272.70000014	-0.04578709
-272.66666681	-0.04514311
-272.63333347	-0.04182845
-272.60000014	-0.03638657
-272.56666681	-0.02876641
-272.53333347	-0.02043486
-272.50000014	-0.01224707
-272.46666681	-0.00563856
-272.43333347	-0.00139689
-272.40000014	0.00105611
-272.36666681	0.00120677
-272.33333348	-0.00071174
-272.30000014	-0.00400199
-272.26666681	-0.00822433
-272.23333348	-0.01267794
-272.20000014	-0.01688059
-272.16666681	-0.01972119
-272.13333348	-0.02068046
-272.10000014	-0.01955630
-272.06666681	-0.01668428
-272.03333348	-0.01277938
-272.00000014	-0.00881111
-271.96666681	-0.00519414
-271.93333348	-0.00285970
-271.90000014	-0.00086754
-271.86666681	0.00146421
-271.83333348	0.00445837
-271.80000014	0.00831455
-271.76666681	0.01302421
-271.73333348	0.01760457
-271.70000014	0.02076938
-271.66666681	0.02170280
-271.63333348	0.01996929
-271.60000014	0.01468463
-271.56666681	0.00687847
-271.53333348	-0.00280308
-271.50000014	-0.01290496
-271.46666681	-0.02272369
-271.43333348	-0.03065795
-271.40000014	-0.03692580
-271.36666681	-0.04077040
-271.33333348	-0.04268770
-271.30000014	-0.04342442
-271.26666681	-0.04262702
-271.23333348	-0.04122901
-271.20000014	-0.03920464
-271.16666681	-0.03654853
-271.13333348	-0.03238918
-271.10000014	-0.02753935
-271.06666681	-0.02200431
-271.03333348	-0.01600464
-271.00000015	-0.01010105
-270.96666681	-0.00556163
-270.93333348	-0.00318448
-270.90000015	-0.00231479
-270.86666681	-0.00360793
-270.83333348	-0.00577212
-270.80000015	-0.00804422
-270.76666681	-0.00844685
-270.73333348	-0.00744249
-270.70000015	-0.00393972
-270.66666681	0.00127878
-270.63333348	0.00853231
-270.60000015	0.01593689
-270.56666681	0.02356499
-270.53333348	0.02887447
-270.50000015	0.03255595
-270.46666681	0.03351973
-270.43333348	0.03225696
-270.40000015	0.02891290
-270.36666681	0.02368446
-270.33333348	0.01770686
-270.30000015	0.01156192
-270.26666681	0.00530521
-270.23333348	0.00008599
-270.20000015	-0.00418704
-270.16666681	-0.00768898
-270.13333348	-0.00930904
-270.10000015	-0.00978682
-270.06666681	-0.00862134
-270.03333348	-0.00556635
-270.00000015	-0.00079539
-269.96666681	0.00503044
-269.93333348	0.01248421
-269.90000015	0.02000203
-269.86666681	0.02774302
-269.83333348	0.03453064
-269.80000015	0.04101475
-269.76666682	0.04620515
-269.73333348	0.05055439
-269.70000015	0.05385351
-269.66666682	0.05570424
-269.63333348	0.05560337
-269.60000015	0.05284343
-269.56666682	0.04761858
-269.53333348	0.03917986
-269.50000015	0.02878219
-269.46666682	0.01708845
-269.43333348	0.00477729
-269.40000015	-0.00689221
-269.36666682	-0.01697606
-269.33333348	-0.02472933
-269.30000015	-0.02978794
-269.26666682	-0.03228087
-269.23333348	-0.03240891
-269.20000015	-0.03059933
-269.16666682	-0.02734019
-269.13333348	-0.02391271
-269.10000015	-0.02046426
-269.06666682	-0.01746933
-269.03333348	-0.01497336
-269.00000015	-0.01284166
-268.96666682	-0.01041586
-268.93333348	-0.00770963
-268.90000015	-0.00338924
-268.86666682	0.00189170
-268.83333348	0.00776056
-268.80000015	0.01396075
-268.76666682	0.01937977
-268.73333348	0.02296417
-268.70000015	0.02502234
-268.66666682	0.02485264
-268.63333348	0.02317029
-268.60000015	0.02086468
-268.56666682	0.01855308
-268.53333349	0.01731707
-268.50000015	0.01769666
-268.46666682	0.02013633
-268.43333349	0.02331865
-268.40000015	0.02766316
-268.36666682	0.03189693
-268.33333349	0.03618463
-268.30000015	0.03983672
-268.26666682	0.04308388
-268.23333349	0.04665264
-268.20000015	0.05025469
-268.16666682	0.05367298
-268.13333349	0.05738750
-268.10000015	0.06091512
-268.06666682	0.06400593
-268.03333349	0.06631816
-268.00000015	0.06802035
-267.96666682	0.06864556
-267.93333349	0.06889215
-267.90000015	0.06881761
-267.86666682	0.06895949
-267.83333349	0.06913059
-267.80000015	0.06936301
-267.76666682	0.06898211
-267.73333349	0.06797224
-267.70000015	0.06609303
-267.66666682	0.06337012
-267.63333349	0.05970804
-267.60000015	0.05628737
-267.56666682	0.05266273
-267.53333349	0.04974326
-267.50000015	0.04612357
-267.46666682	0.04152454
-267.43333349	0.03503349
-267.40000015	0.02584533
-267.36666682	0.01368971
-267.33333349	-0.00169816
-267.30000015	-0.02019739
-267.26666682	-0.04144247
-267.23333349	-0.06571751
-267.20000016	-0.09333171
-267.16666682	-0.12486980
-267.13333349	-0.16058889
-267.10000016	-0.20102804
-267.06666682	-0.24587575
-267.03333349	-0.29356059
-267.00000016	-0.34137807
-266.96666682	-0.38594565
-266.93333349	-0.42395148
-266.90000016	-0.45130044
-266.86666682	-0.46496203
-266.83333349	-0.46248560
-266.80000016	-0.44473594
-266.76666682	-0.41217338
-266.73333349	-0.36803416
-266.70000016	-0.31648949
-266.66666682	-0.26131720
-266.63333349	-0.20562824
-266.60000016	-0.15220686
-266.56666682	-0.10224588
-266.53333349	-0.05655475
-266.50000016	-0.01568480
-266.46666682	0.02150295
-266.43333349	0.05495147
-266.40000016	0.08519323
-266.36666682	0.11246006
-266.33333349	0.13648165
-266.30000016	0.15770919
-266.26666682	0.17630150
-266.23333349	0.19252754
-266.20000016	0.20615860
-266.16666682	0.21748967
-266.13333349	0.22606336
-266.10000016	0.23151217
-266.06666682	0.23313497
-266.03333349	0.23140060
-266.00000016	0.22586095
-265.96666683	0.21707904
-265.93333349	0.20517765
-265.90000016	0.19072256
-265.86666683	0.17573342
-265.83333349	0.15982848
-265.80000016	0.14457901
-265.76666683	0.13034532
-265.73333349	0.11741925
-265.70000016	0.10544702
-265.66666683	0.09478051
-265.63333349	0.08514682
-265.60000016	0.07570706
-265.56666683	0.06644240
-265.53333349	0.05747342
-265.50000016	0.04806656
-265.46666683	0.03891985
-265.43333349	0.03014920
-265.40000016	0.02338576
-265.36666683	0.01855243
-265.33333349	0.01620819
-265.30000016	0.01731272
-265.26666683	0.02176346
-265.23333349	0.02878212
-265.20000016	0.03775378
-265.16666683	0.04749508
-265.13333349	0.05650485
-265.10000016	0.06362804
-265.06666683	0.06782010
-265.03333349	0.06763496
-265.00000016	0.06306420
-264.96666683	0.05391691
-264.93333349	0.04068694
-264.90000016	0.02499554
-264.86666683	0.00774476
-264.83333349	-0.00926973
-264.80000016	-0.02498761
-264.76666683	-0.03700935
-264.73333349	-0.04503949
-264.70000016	-0.04855127
-264.66666683	-0.04762774
-264.63333350	-0.04241821
-264.60000016	-0.03319979
-264.56666683	-0.02093658
-264.53333350	-0.00631005
-264.50000016	0.00952971
-264.46666683	0.02611513
-264.43333350	0.04098778
-264.40000016	0.05383371
-264.36666683	0.06236043
-264.33333350	0.06648984
-264.30000016	0.06546017
-264.26666683	0.05974969
-264.23333350	0.05040639
-264.20000016	0.03845568
-264.16666683	0.02544312
-264.13333350	0.01307518
-264.10000016	0.00141090
-264.06666683	-0.00765111
-264.03333350	-0.01429681
-264.00000016	-0.01918805
-263.96666683	-0.02209063
-263.93333350	-0.02405885
-263.90000016	-0.02653737
-263.86666683	-0.03024052
-263.83333350	-0.03519555
-263.80000016	-0.04229790
-263.76666683	-0.05104269
-263.73333350	-0.05974152
-263.70000016	-0.06798046
-263.66666683	-0.07360764
-263.63333350	-0.07622055
-263.60000016	-0.07420911
-263.56666683	-0.06799698
-263.53333350	-0.05769880
-263.50000016	-0.04344971
-263.46666683	-0.02711766
-263.43333350	-0.00855979
-263.40000017	0.01052744
-263.36666683	0.02820410
-263.33333350	0.04363387
-263.30000017	0.05544431
-263.26666683	0.06155793
-263.23333350	0.06191712
-263.20000017	0.05625276
-263.16666683	0.04469104
-263.13333350	0.02838089
-263.10000017	0.00906307
-263.06666683	-0.01113678
-263.03333350	-0.03098706
-263.00000017	-0.04837210
-262.96666683	-0.06185311
-262.93333350	-0.06938335
-262.90000017	-0.07060508
-262.86666683	-0.06532543
-262.83333350	-0.05329973
-262.80000017	-0.03546802
-262.76666683	-0.01337040
-262.73333350	0.01070714
-262.70000017	0.03347099
-262.66666683	0.05349787
-262.63333350	0.06800281
-262.60000017	0.07549883
-262.56666683	0.07575560
-262.53333350	0.06903434
-262.50000017	0.05646813
-262.46666683	0.04000608
-262.43333350	0.02098905
-262.40000017	0.00193090
-262.36666683	-0.01589646
-262.33333350	-0.03144079
-262.30000017	-0.04429467
-262.26666683	-0.05405224
-262.23333350	-0.06075241
-262.20000017	-0.06548687
-262.16666684	-0.06856879
-262.13333350	-0.07057436
-262.10000017	-0.07077888
-262.06666684	-0.07019516
-262.03333350	-0.06794747
-262.00000017	-0.06387100
-261.96666684	-0.05790135
-261.93333350	-0.05081022
-261.90000017	-0.04250268
-261.86666684	-0.03358254
-261.83333350	-0.02507878
-261.80000017	-0.01696811
-261.76666684	-0.00886152
-261.73333350	-0.00178273
-261.70000017	0.00440677
-261.66666684	0.01005203
-261.63333350	0.01505118
-261.60000017	0.01907918
-261.56666684	0.02129649
-261.53333350	0.02166285
-261.50000017	0.02057811
-261.46666684	0.01697289
-261.43333350	0.01292915
-261.40000017	0.00798436
-261.36666684	0.00201870
-261.33333350	-0.00408690
-261.30000017	-0.01048469
-261.26666684	-0.01691396
-261.23333350	-0.02416269
-261.20000017	-0.03081410
-261.16666684	-0.03624317
-261.13333350	-0.04021968
-261.10000017	-0.04231626
-261.06666684	-0.04165447
-261.03333350	-0.03744824
-261.00000017	-0.03066544
-260.96666684	-0.02171515
-260.93333350	-0.01183639
-260.90000017	-0.00099649
-260.86666684	0.00914064
-260.83333351	0.01758838
-260.80000017	0.02419479
-260.76666684	0.02777449
-260.73333351	0.02861722
-260.70000017	0.02695150
-260.66666684	0.02322152
-260.63333351	0.01827546
-260.60000017	0.01180079
-260.56666684	0.00537538
-260.53333351	-0.00107423
-260.50000017	-0.00715748
-260.46666684	-0.01245525
-260.43333351	-0.01642959
-260.40000017	-0.01898994
-260.36666684	-0.02037951
-260.33333351	-0.02105878
-260.30000017	-0.02036511
-260.26666684	-0.01985134
-260.23333351	-0.01939225
-260.20000017	-0.01926169
-260.16666684	-0.01913733
-260.13333351	-0.01882113
-260.10000017	-0.01828518
-260.06666684	-0.01754817
-260.03333351	-0.01597425
-260.00000017	-0.01415392
-259.96666684	-0.01184785
-259.93333351	-0.00918474
-259.90000017	-0.00620026
-259.86666684	-0.00246424
-259.83333351	0.00230262
-259.80000017	0.00706085
-259.76666684	0.01198411
-259.73333351	0.01613076
-259.70000017	0.01852311
-259.66666684	0.01834979
-259.63333351	0.01513735
-259.60000018	0.00915311
-259.56666684	0.00098350
-259.53333351	-0.00868018
-259.50000018	-0.01901148
-259.46666684	-0.02831222
-259.43333351	-0.03650187
-259.40000018	-0.04271666
-259.36666684	-0.04581350
-259.33333351	-0.04595224
-259.30000018	-0.04271299
-259.26666684	-0.03648508
-259.23333351	-0.02713690
-259.20000018	-0.01511936
-259.16666684	-0.00132284
-259.13333351	0.01302533
-259.10000018	0.02630376
-259.06666684	0.03742308
-259.03333351	0.04492107
-259.00000018	0.04760092
-258.96666684	0.04598097
-258.93333351	0.03974755
-258.90000018	0.02976001
-258.86666684	0.01799808
-258.83333351	0.00566544
-258.80000018	-0.00632733
-258.76666684	-0.01634398
-258.73333351	-0.02371179
-258.70000018	-0.02811260
-258.66666684	-0.02890958
-258.63333351	-0.02714956
-258.60000018	-0.02309344
-258.56666684	-0.01818260
-258.53333351	-0.01324658
-258.50000018	-0.00915715
-258.46666684	-0.00638556
-258.43333351	-0.00563534
-258.40000018	-0.00681388
-258.36666685	-0.00891913
-258.33333351	-0.01141278
-258.30000018	-0.01361508
-258.26666685	-0.01546601
-258.23333351	-0.01660151
-258.20000018	-0.01690834
-258.16666685	-0.01632782
-258.13333351	-0.01553956
-258.10000018	-0.01450669
-258.06666685	-0.01338789
-258.03333351	-0.01172093
-258.00000018	-0.01000795
-257.96666685	-0.00792612
-257.93333351	-0.00558136
-257.90000018	-0.00335574
-257.86666685	-0.00120314
-257.83333351	0.00142457
-257.80000018	0.00437559
-257.76666685	0.00741409
-257.73333351	0.01047586
-257.70000018	0.01403946
-257.66666685	0.01717949
-257.63333351	0.02012496
-257.60000018	0.02246164
-257.56666685	0.02370026
-257.53333351	0.02391486
-257.50000018	0.02294582
-257.46666685	0.02155073
-257.43333351	0.01921449
-257.40000018	0.01613664
-257.36666685	0.01275172
-257.33333351	0.00963382
-257.30000018	0.00610442
-257.26666685	0.00283676
-257.23333351	-0.00013158
-257.20000018	-0.00312325
-257.16666685	-0.00588872
-257.13333351	-0.00846269
-257.10000018	-0.01106975
-257.06666685	-0.01294286
-257.03333352	-0.01459631
-257.00000018	-0.01518374
-256.96666685	-0.01517539
-256.93333352	-0.01471594
-256.90000018	-0.01302025
-256.86666685	-0.01120844
-256.83333352	-0.00913169
-256.80000018	-0.00744548
-256.76666685	-0.00569243
-256.73333352	-0.00563482
-256.70000018	-0.00663893
-256.66666685	-0.00856264
-256.63333352	-0.01071824
-256.60000018	-0.01308402
-256.56666685	-0.01554822
-256.53333352	-0.01683307
-256.50000018	-0.01666231
-256.46666685	-0.01511060
-256.43333352	-0.01134896
-256.40000018	-0.00563955
-256.36666685	-0.00012213
-256.33333352	0.00547699
-256.30000018	0.01010019
-256.26666685	0.01420519
-256.23333352	0.01648046
-256.20000018	0.01730168
-256.16666685	0.01704871
-256.13333352	0.01627351
-256.10000018	0.01567515
-256.06666685	0.01493246
-256.03333352	0.01392375
-256.00000018	0.01296625
-255.96666685	0.01188932
-255.93333352	0.01122342
-255.90000018	0.01062753
-255.86666685	0.01076161
-255.83333352	0.01154050
-255.80000019	0.01310766
-255.76666685	0.01518363
-255.73333352	0.01879756
-255.70000019	0.02245859
-255.66666685	0.02613840
-255.63333352	0.02977390
-255.60000019	0.03309593
-255.56666685	0.03555722
-255.53333352	0.03660461
-255.50000019	0.03561574
-255.46666685	0.03319429
-255.43333352	0.02846783
-255.40000019	0.02224314
-255.36666685	0.01418257
-255.33333352	0.00484310
-255.30000019	-0.00490538
-255.26666685	-0.01526409
-255.23333352	-0.02572291
-255.20000019	-0.03581530
-255.16666685	-0.04552945
-255.13333352	-0.05509145
-255.10000019	-0.06425260
-255.06666685	-0.07294892
-255.03333352	-0.08168505
-255.00000019	-0.08997373
-254.96666685	-0.09769912
-254.93333352	-0.10393754
-254.90000019	-0.10859112
-254.86666685	-0.11100575
-254.83333352	-0.11058053
-254.80000019	-0.10659240
-254.76666685	-0.09944790
-254.73333352	-0.08973928
-254.70000019	-0.07801139
-254.66666685	-0.06521044
-254.63333352	-0.05269973
-254.60000019	-0.04092717
-254.56666686	-0.02960694
-254.53333352	-0.01937755
-254.50000019	-0.01023701
-254.46666686	-0.00125384
-254.43333352	0.00651468
-254.40000019	0.01431455
-254.36666686	0.02203927
-254.33333352	0.02891189
-254.30000019	0.03524556
-254.26666686	0.04093886
-254.23333352	0.04508460
-254.20000019	0.04873703
-254.16666686	0.05177215
-254.13333352	0.05439882
-254.10000019	0.05702082
-254.06666686	0.06012400
-254.03333352	0.06266949
-254.00000019	0.06575434
-253.96666686	0.06797959
-253.93333352	0.06934044
-253.90000019	0.06960960
-253.86666686	0.06792732
-253.83333352	0.06446312
-253.80000019	0.05907780
-253.76666686	0.05186753
-253.73333352	0.04301625
-253.70000019	0.03378275
-253.66666686	0.02402249
-253.63333352	0.01513207
-253.60000019	0.00783341
-253.56666686	0.00234941
-253.53333352	0.00015204
-253.50000019	0.00072490
-253.46666686	0.00366359
-253.43333352	0.00884650
-253.40000019	0.01528030
-253.36666686	0.02132376
-253.33333352	0.02687023
-253.30000019	0.03085719
-253.26666686	0.03220910
-253.23333353	0.03138833
-253.20000019	0.02787150
-253.16666686	0.02273136
-253.13333353	0.01616898
-253.10000019	0.00889840
-253.06666686	0.00174434
-253.03333353	-0.00476783
-253.00000019	-0.01085124
-252.96666686	-0.01591963
-252.93333353	-0.02094764
-252.90000019	-0.02462982
-252.86666686	-0.02767612
-252.83333353	-0.03013460
-252.80000019	-0.03147861
-252.76666686	-0.03174555
-252.73333353	-0.03107760
-252.70000019	-0.02886365
-252.66666686	-0.02471292
-252.63333353	-0.01942724
-252.60000019	-0.01313716
-252.56666686	-0.00553245
-252.53333353	0.00267690
-252.50000019	0.01015502
-252.46666686	0.01741958
-252.43333353	0.02321854
-252.40000019	0.02751514
-252.36666686	0.03043859
-252.33333353	0.03217437
-252.30000019	0.03295491
-252.26666686	0.03292012
-252.23333353	0.03213201
-252.20000019	0.03143386
-252.16666686	0.03037950
-252.13333353	0.02847908
-252.10000019	0.02610297
-252.06666686	0.02278359
-252.03333353	0.01873549
-252.00000020	0.01408843
-251.96666686	0.00906487
-251.93333353	0.00321130
-251.90000020	-0.00234433
-251.86666686	-0.00833775
-251.83333353	-0.01401778
-251.80000020	-0.01929188
-251.76666686	-0.02341781
-251.73333353	-0.02560585
-251.70000020	-0.02604813
-251.66666686	-0.02454596
-251.63333353	-0.02125140
-251.60000020	-0.01561152
-251.56666686	-0.00893363
-251.53333353	-0.00165487
-251.50000020	0.00619848
-251.46666686	0.01290612
-251.43333353	0.01869346
-251.40000020	0.02313191
-251.36666686	0.02558973
-251.33333353	0.02584001
-251.30000020	0.02435456
-251.26666686	0.02088289
-251.23333353	0.01656514
-251.20000020	0.01068391
-251.16666686	0.00400444
-251.13333353	-0.00343311
-251.10000020	-0.01096433
-251.06666686	-0.01847623
-251.03333353	-0.02611092
-251.00000020	-0.03247185
-250.96666686	-0.03751016
-250.93333353	-0.04075117
-250.90000020	-0.04112322
-250.86666686	-0.03844939
-250.83333353	-0.03289163
-250.80000020	-0.02418780
-250.76666687	-0.01304172
-250.73333353	-0.00046623
-250.70000020	0.01282027
-250.66666687	0.02523103
-250.63333353	0.03618313
-250.60000020	0.04418107
-250.56666687	0.04811966
-250.53333353	0.04853661
-250.50000020	0.04505441
-250.46666687	0.03801793
-250.43333353	0.02870215
-250.40000020	0.01807843
-250.36666687	0.00700352
-250.33333353	-0.00319806
-250.30000020	-0.01208514
-250.26666687	-0.01963521
-250.23333353	-0.02566368
-250.20000020	-0.03015012
-250.16666687	-0.03334236
-250.13333353	-0.03542461
-250.10000020	-0.03604889
-250.06666687	-0.03543861
-250.03333353	-0.03253256
-250.00000020	-0.02840897
-249.96666687	-0.02279713
-249.93333353	-0.01578986
-249.90000020	-0.00767989
-249.86666687	0.00025954
-249.83333353	0.00807267
-249.80000020	0.01480249
-249.76666687	0.02052447
-249.73333353	0.02419474
-249.70000020	0.02613629
-249.66666687	0.02643044
-249.63333353	0.02460538
-249.60000020	0.02160693
-249.56666687	0.01687590
-249.53333353	0.01140988
-249.50000020	0.00479070
-249.46666687	-0.00177227
-249.43333354	-0.00824649
-249.40000020	-0.01441442
-249.36666687	-0.01921890
-249.33333354	-0.02292272
-249.30000020	-0.02643855
-249.26666687	-0.02920524
-249.23333354	-0.03173115
-249.20000020	-0.03377413
-249.16666687	-0.03607047
-249.13333354	-0.03714191
-249.10000020	-0.03794112
-249.06666687	-0.03672018
-249.03333354	-0.03323839
-249.00000020	-0.02767907
-248.96666687	-0.02046701
-248.93333354	-0.01218190
-248.90000020	-0.00366477
-248.86666687	0.00424535
-248.83333354	0.01017271
-248.80000020	0.01417704
-248.76666687	0.01542388
-248.73333354	0.01495577
-248.70000020	0.01207253
-248.66666687	0.00867051
-248.63333354	0.00533067
-248.60000020	0.00238241
-248.56666687	0.00043167
-248.53333354	-0.00059991
-248.50000020	-0.00057256
-248.46666687	0.00025564
-248.43333354	0.00093895
-248.40000020	0.00185239
-248.36666687	0.00212470
-248.33333354	0.00215330
-248.30000020	0.00087850
-248.26666687	-0.00082436
-248.23333354	-0.00309763
-248.20000021	-0.00511677
-248.16666687	-0.00669637
-248.13333354	-0.00727036
-248.10000021	-0.00671006
-248.06666687	-0.00501622
-248.03333354	-0.00322623
-248.00000021	-0.00104670
-247.96666687	0.00050112
-247.93333354	0.00146812
-247.90000021	0.00148787
-247.86666687	0.00125710
-247.83333354	0.00076633
-247.80000021	-0.00026700
-247.76666687	-0.00066709
-247.73333354	-0.00141845
-247.70000021	-0.00256378
-247.66666687	-0.00473296
-247.63333354	-0.00747946
-247.60000021	-0.01134396
-247.56666687	-0.01547254
-247.53333354	-0.01985794
-247.50000021	-0.02429327
-247.46666687	-0.02815937
-247.43333354	-0.03081043
-247.40000021	-0.03198756
-247.36666687	-0.03187969
-247.33333354	-0.02950108
-247.30000021	-0.02552742
-247.26666687	-0.01973316
-247.23333354	-0.01213541
-247.20000021	-0.00318667
-247.16666687	0.00660642
-247.13333354	0.01680538
-247.10000021	0.02622300
-247.06666687	0.03408452
-247.03333354	0.04015462
-247.00000021	0.04327029
-246.96666688	0.04403482
-246.93333354	0.04147868
-246.90000021	0.03685498
-246.86666688	0.03040626
-246.83333354	0.02332301
-246.80000021	0.01653213
-246.76666688	0.01103582
-246.73333354	0.00685077
-246.70000021	0.00407096
-246.66666688	0.00331306
-246.63333354	0.00372103
-246.60000021	0.00499870
-246.56666688	0.00695854
-246.53333354	0.00857617
-246.50000021	0.01002667
-246.46666688	0.01070562
-246.43333354	0.01099212
-246.40000021	0.01078597
-246.36666688	0.01026753
-246.33333354	0.01000826
-246.30000021	0.00976200
-246.26666688	0.00973315
-246.23333354	0.01010988
-246.20000021	0.01059893
-246.16666688	0.00987380
-246.13333354	0.00844524
-246.10000021	0.00636153
-246.06666688	0.00302389
-246.03333354	-0.00125457
-246.00000021	-0.00618758
-245.96666688	-0.01066857
-245.93333354	-0.01490102
-245.90000021	-0.01782428
-245.86666688	-0.01962862
-245.83333354	-0.01976373
-245.80000021	-0.01816963
-245.76666688	-0.01492777
-245.73333354	-0.01020580
-245.70000021	-0.00494881
-245.66666688	0.00069365
-245.63333355	0.00559049
-245.60000021	0.00920632
-245.56666688	0.01076385
-245.53333355	0.01027712
-245.50000021	0.00774987
-245.46666688	0.00400807
-245.43333355	-0.00092106
-245.40000021	-0.00549087
-245.36666688	-0.00937198
-245.33333355	-0.01186130
-245.30000021	-0.01240939
-245.26666688	-0.01197386
-245.23333355	-0.00966483
-245.20000021	-0.00665724
-245.16666688	-0.00377129
-245.13333355	-0.00072652
-245.10000021	0.00151787
-245.06666688	0.00257882
-245.03333355	0.00319518
-245.00000021	0.00286931
-244.96666688	0.00242016
-244.93333355	0.00177732
-244.90000021	0.00152810
-244.86666688	0.00147576
-244.83333355	0.00167437
-244.80000021	0.00211886
-244.76666688	0.00255211
-244.73333355	0.00315940
-244.70000021	0.00405526
-244.66666688	0.00447955
-244.63333355	0.00483667
-244.60000021	0.00495459
-244.56666688	0.00456075
-244.53333355	0.00385811
-244.50000021	0.00351332
-244.46666688	0.00282618
-244.43333355	0.00301994
-244.40000022	0.00389261
-244.36666688	0.00549428
-244.33333355	0.00734250
-244.30000022	0.00877598
-244.26666688	0.00972817
-244.23333355	0.01015290
-244.20000022	0.00979425
-244.16666688	0.00782470
-244.13333355	0.00506114
-244.10000022	0.00167196
-244.06666688	-0.00189819
-244.03333355	-0.00546981
-244.00000022	-0.00884408
-243.96666688	-0.01165415
-243.93333355	-0.01435718
-243.90000022	-0.01625184
-243.86666688	-0.01827838
-243.83333355	-0.01997862
-243.80000022	-0.02119918
-243.76666688	-0.02206034
-243.73333355	-0.02252920
-243.70000022	-0.02211140
-243.66666688	-0.02102882
-243.63333355	-0.01907453
-243.60000022	-0.01621186
-243.56666688	-0.01228646
-243.53333355	-0.00834628
-243.50000022	-0.00438398
-243.46666688	-0.00039548
-243.43333355	0.00308009
-243.40000022	0.00512772
-243.36666688	0.00659347
-243.33333355	0.00717805
-243.30000022	0.00639598
-243.26666688	0.00490574
-243.23333355	0.00250323
-243.20000022	-0.00051969
-243.16666689	-0.00420587
-243.13333355	-0.00846477
-243.10000022	-0.01285463
-243.06666689	-0.01709316
-243.03333355	-0.02123897
-243.00000022	-0.02445594
-242.96666689	-0.02728761
-242.93333355	-0.02934383
-242.90000022	-0.03044897
-242.86666689	-0.03034205
-242.83333355	-0.02958557
-242.80000022	-0.02752169
-242.76666689	-0.02483992
-242.73333355	-0.02090385
-242.70000022	-0.01645176
-242.66666689	-0.01211415
-242.63333355	-0.00813362
-242.60000022	-0.00508279
-242.56666689	-0.00244820
-242.53333355	-0.00142900
-242.50000022	-0.00110714
-242.46666689	-0.00133383
-242.43333355	-0.00179766
-242.40000022	-0.00251487
-242.36666689	-0.00309596
-242.33333355	-0.00383634
-242.30000022	-0.00422935
-242.26666689	-0.00397708
-242.23333355	-0.00307853
-242.20000022	-0.00176792
-242.16666689	0.00053860
-242.13333355	0.00310684
-242.10000022	0.00666663
-242.06666689	0.01041722
-242.03333355	0.01412598
-242.00000022	0.01692122
-241.96666689	0.01943946
-241.93333355	0.02042269
-241.90000022	0.02046602
-241.86666689	0.02002103
-241.83333356	0.01838183
-241.80000022	0.01681086
-241.76666689	0.01511016
-241.73333356	0.01391173
-241.70000022	0.01389855
-241.66666689	0.01474607
-241.63333356	0.01689152
-241.60000022	0.01992229
-241.56666689	0.02434175
-241.53333356	0.02917120
-241.50000022	0.03373485
-241.46666689	0.03836406
-241.43333356	0.04218229
-241.40000022	0.04570200
-241.36666689	0.04735511
-241.33333356	0.04783755
-241.30000022	0.04659495
-241.26666689	0.04342184
-241.23333356	0.03929847
-241.20000022	0.03340513
-241.16666689	0.02732446
-241.13333356	0.02095610
-241.10000022	0.01535398
-241.06666689	0.01016791
-241.03333356	0.00659398
-241.00000022	0.00388546
-240.96666689	0.00262264
-240.93333356	0.00175553
-240.90000022	0.00090510
-240.86666689	0.00045407
-240.83333356	-0.00042052
-240.80000022	-0.00101292
-240.76666689	-0.00160106
-240.73333356	-0.00220300
-240.70000022	-0.00233146
-240.66666689	-0.00214169
-240.63333356	-0.00196578
-240.60000023	-0.00169392
-240.56666689	-0.00124898
-240.53333356	-0.00129956
-240.50000023	-0.00160718
-240.46666689	-0.00255499
-240.43333356	-0.00374033
-240.40000023	-0.00522595
-240.36666689	-0.00741781
-240.33333356	-0.00996509
-240.30000023	-0.01240510
-240.26666689	-0.01480397
-240.23333356	-0.01665863
-240.20000023	-0.01885210
-240.16666689	-0.02101825
-240.13333356	-0.02266341
-240.10000023	-0.02426138
-240.06666689	-0.02596614
-240.03333356	-0.02787815
-240.00000023	-0.02968009
-239.96666689	-0.03148024
-239.93333356	-0.03332191
-239.90000023	-0.03485718
-239.86666689	-0.03663603
-239.83333356	-0.03816953
-239.80000023	-0.03940248
-239.76666689	-0.04019529
-239.73333356	-0.04062187
-239.70000023	-0.04022843
-239.66666689	-0.03912634
-239.63333356	-0.03769550
-239.60000023	-0.03588533
-239.56666689	-0.03397947
-239.53333356	-0.03156798
-239.50000023	-0.02920150
-239.46666689	-0.02636675
-239.43333356	-0.02345137
-239.40000023	-0.02001144
-239.36666689	-0.01734359
-239.33333356	-0.01451990
-239.30000023	-0.01318986
-239.26666690	-0.01296857
-239.23333356	-0.01400319
-239.20000023	-0.01709903
-239.16666690	-0.02126807
-239.13333356	-0.02618644
-239.10000023	-0.03202537
-239.06666690	-0.03754086
-239.03333356	-0.04260355
-239.00000023	-0.04654100
-238.96666690	-0.04949406
-238.93333356	-0.05044777
-238.90000023	-0.05009538
-238.86666690	-0.04774857
-238.83333356	-0.04412588
-238.80000023	-0.03988168
-238.76666690	-0.03492387
-238.73333356	-0.03058064
-238.70000023	-0.02707805
-238.66666690	-0.02412570
-238.63333356	-0.02234747
-238.60000023	-0.02090923
-238.56666690	-0.02020244
-238.53333356	-0.01975735
-238.50000023	-0.01886688
-238.46666690	-0.01834074
-238.43333356	-0.01786462
-238.40000023	-0.01719140
-238.36666690	-0.01644684
-238.33333356	-0.01664404
-238.30000023	-0.01764385
-238.26666690	-0.01943977
-238.23333356	-0.02195721
-238.20000023	-0.02533225
-238.16666690	-0.02900516
-238.13333356	-0.03162931
-238.10000023	-0.03328085
-238.06666690	-0.03280481
-238.03333357	-0.03051707
-238.00000023	-0.02622832
-237.96666690	-0.01957431
-237.93333357	-0.01167129
-237.90000023	-0.00253083
-237.86666690	0.00678325
-237.83333357	0.01566133
-237.80000023	0.02424967
-237.76666690	0.03134023
-237.73333357	0.03684712
-237.70000023	0.04122684
-237.66666690	0.04337308
-237.63333357	0.04367226
-237.60000023	0.04210628
-237.56666690	0.03867979
-237.53333357	0.03393684
-237.50000023	0.02819005
-237.46666690	0.02229736
-237.43333357	0.01612939
-237.40000023	0.01039086
-237.36666690	0.00635228
-237.33333357	0.00323058
-237.30000023	0.00111069
-237.26666690	-0.00035184
-237.23333357	-0.00078854
-237.20000023	-0.00066643
-237.16666690	-0.00065654
-237.13333357	-0.00001576
-237.10000023	0.00090151
-237.06666690	0.00214952
-237.03333357	0.00344567
-237.00000023	0.00512640
-236.96666690	0.00692601
-236.93333357	0.00851054
-236.90000023	0.00992416
-236.86666690	0.01142904
-236.83333357	0.01249904
-236.80000024	0.01348576
-236.76666690	0.01475765
-236.73333357	0.01577870
-236.70000024	0.01741539
-236.66666690	0.01881180
-236.63333357	0.02026930
-236.60000024	0.02081581
-236.56666690	0.02063050
-236.53333357	0.01983985
-236.50000024	0.01801566
-236.46666690	0.01595562
-236.43333357	0.01366146
-236.40000024	0.01175413
-236.36666690	0.01019986
-236.33333357	0.00945592
-236.30000024	0.00918245
-236.26666690	0.00942822
-236.23333357	0.01018893
-236.20000024	0.01088160
-236.16666690	0.01204622
-236.13333357	0.01355388
-236.10000024	0.01519828
-236.06666690	0.01755850
-236.03333357	0.01986752
-236.00000024	0.02216867
-235.96666690	0.02420983
-235.93333357	0.02568164
-235.90000024	0.02583392
-235.86666690	0.02563007
-235.83333357	0.02409161
-235.80000024	0.02228104
-235.76666690	0.02002787
-235.73333357	0.01698031
-235.70000024	0.01351162
-235.66666690	0.00982740
-235.63333357	0.00524284
-235.60000024	0.00095059
-235.56666690	-0.00339895
-235.53333357	-0.00730630
-235.50000024	-0.01010849
-235.46666691	-0.01203339
-235.43333357	-0.01259217
-235.40000024	-0.01142742
-235.36666691	-0.00827114
-235.33333357	-0.00413765
-235.30000024	0.00101428
-235.26666691	0.00753250
-235.23333357	0.01454790
-235.20000024	0.02221878
-235.16666691	0.02929519
-235.13333357	0.03619588
-235.10000024	0.04193656
-235.06666691	0.04658188
-235.03333357	0.04957116
-235.00000024	0.05042508
-234.96666691	0.04894293
-234.93333357	0.04543996
-234.90000024	0.04029989
-234.86666691	0.03404678
-234.83333357	0.02705768
-234.80000024	0.02014481
-234.76666691	0.01369990
-234.73333357	0.00810069
-234.70000024	0.00345732
-234.66666691	0.00017917
-234.63333357	-0.00231507
-234.60000024	-0.00325144
-234.56666691	-0.00349078
-234.53333357	-0.00178972
-234.50000024	0.00089322
-234.46666691	0.00442857
-234.43333357	0.00935102
-234.40000024	0.01440248
-234.36666691	0.02016995
-234.33333357	0.02589028
-234.30000024	0.03163411
-234.26666691	0.03635539
-234.23333358	0.04096191
-234.20000024	0.04381649
-234.16666691	0.04610935
-234.13333358	0.04654700
-234.10000024	0.04594458
-234.06666691	0.04368000
-234.03333358	0.04063422
-234.00000024	0.03653863
-233.96666691	0.03144127
-233.93333358	0.02615209
-233.90000024	0.02126604
-233.86666691	0.01712094
-233.83333358	0.01404047
-233.80000024	0.01217542
-233.76666691	0.01182952
-233.73333358	0.01319643
-233.70000024	0.01614544
-233.66666691	0.01960265
-233.63333358	0.02357397
-233.60000024	0.02789659
-233.56666691	0.03148515
-233.53333358	0.03496403
-233.50000024	0.03721700
-233.46666691	0.03851063
-233.43333358	0.03890203
-233.40000024	0.03835059
-233.36666691	0.03635771
-233.33333358	0.03387016
-233.30000024	0.03026888
-233.26666691	0.02710170
-233.23333358	0.02265849
-233.20000024	0.01828359
-233.16666691	0.01386202
-233.13333358	0.00935411
-233.10000024	0.00522619
-233.06666691	0.00095524
-233.03333358	-0.00217166
-233.00000025	-0.00510050
-232.96666691	-0.00742783
-232.93333358	-0.00893737
-232.90000025	-0.00990224
-232.86666691	-0.01021835
-232.83333358	-0.00992129
-232.80000025	-0.00892240
-232.76666691	-0.00775763
-232.73333358	-0.00627145
-232.70000025	-0.00429046
-232.66666691	-0.00188562
-232.63333358	0.00136828
-232.60000025	0.00408510
-232.56666691	0.00717973
-232.53333358	0.00975060
-232.50000025	0.01251991
-232.46666691	0.01427284
-232.43333358	0.01544880
-232.40000025	0.01645077
-232.36666691	0.01680385
-232.33333358	0.01692613
-232.30000025	0.01626667
-232.26666691	0.01479836
-232.23333358	0.01279328
-232.20000025	0.01021746
-232.16666691	0.00712665
-232.13333358	0.00372391
-232.10000025	-0.00011007
-232.06666691	-0.00379997
-232.03333358	-0.00711184
-232.00000025	-0.01025743
-231.96666691	-0.01282259
-231.93333358	-0.01492815
-231.90000025	-0.01626890
-231.86666691	-0.01758067
-231.83333358	-0.01779604
-231.80000025	-0.01770450
-231.76666691	-0.01700871
-231.73333358	-0.01575285
-231.70000025	-0.01395297
-231.66666692	-0.01178786
-231.63333358	-0.01005019
-231.60000025	-0.00800382
-231.56666692	-0.00661777
-231.53333358	-0.00522472
-231.50000025	-0.00422018
-231.46666692	-0.00360500
-231.43333358	-0.00337272
-231.40000025	-0.00359255
-231.36666692	-0.00354170
-231.33333358	-0.00428911
-231.30000025	-0.00508913
-231.26666692	-0.00561007
-231.23333358	-0.00704510
-231.20000025	-0.00846976
-231.16666692	-0.01043277
-231.13333358	-0.01220777
-231.10000025	-0.01357612
-231.06666692	-0.01509155
-231.03333358	-0.01588674
-231.00000025	-0.01653003
-230.96666692	-0.01583911
-230.93333358	-0.01453047
-230.90000025	-0.01296577
-230.86666692	-0.01077627
-230.83333358	-0.00777307
-230.80000025	-0.00482963
-230.76666692	-0.00231484
-230.73333358	0.00025279
-230.70000025	0.00185725
-230.66666692	0.00335232
-230.63333358	0.00377292
-230.60000025	0.00309865
-230.56666692	0.00171510
-230.53333358	0.00000049
-230.50000025	-0.00216014
-230.46666692	-0.00392329
-230.43333359	-0.00579611
-230.40000025	-0.00692337
-230.36666692	-0.00771600
-230.33333359	-0.00813969
-230.30000025	-0.00799704
-230.26666692	-0.00723710
-230.23333359	-0.00645358
-230.20000025	-0.00552338
-230.16666692	-0.00430635
-230.13333359	-0.00249453
-230.10000025	-0.00095480
-230.06666692	0.00076688
-230.03333359	0.00264147
-230.00000025	0.00420179
-229.96666692	0.00535762
-229.93333359	0.00618045
-229.90000025	0.00614077
-229.86666692	0.00583821
-229.83333359	0.00510764
-229.80000025	0.00413373
-229.76666692	0.00314615
-229.73333359	0.00217942
-229.70000025	0.00144255
-229.66666692	0.00146965
-229.63333359	0.00167042
-229.60000025	0.00248896
-229.56666692	0.00406214
-229.53333359	0.00567045
-229.50000025	0.00763167
-229.46666692	0.00933739
-229.43333359	0.01058201
-229.40000025	0.01152986
-229.36666692	0.01155821
-229.33333359	0.01102435
-229.30000025	0.00953738
-229.26666692	0.00765775
-229.23333359	0.00552686
-229.20000026	0.00321878
-229.16666692	0.00101790
-229.13333359	-0.00084739
-229.10000026	-0.00244586
-229.06666692	-0.00358454
-229.03333359	-0.00440638
-229.00000026	-0.00524061
-228.96666692	-0.00562091
-228.93333359	-0.00593740
-228.90000026	-0.00618682
-228.86666692	-0.00631655
-228.83333359	-0.00626820
-228.80000026	-0.00628708
-228.76666692	-0.00614858
-228.73333359	-0.00599708
-228.70000026	-0.00559281
-228.66666692	-0.00519358
-228.63333359	-0.00476669
-228.60000026	-0.00432678
-228.56666692	-0.00374123
-228.53333359	-0.00342614
-228.50000026	-0.00289331
-228.46666692	-0.00254394
-228.43333359	-0.00219341
-228.40000026	-0.00199018
-228.36666692	-0.00189969
-228.33333359	-0.00183573
-228.30000026	-0.00173439
-228.26666692	-0.00169563
-228.23333359	-0.00168744
-228.20000026	-0.00167659
-228.16666692	-0.00164581
-228.13333359	-0.00161558
-228.10000026	-0.00152195
-228.06666692	-0.00143854
-228.03333359	-0.00132965
-228.00000026	-0.00122688
-227.96666692	-0.00104187
-227.93333359	-0.00090683
-227.90000026	-0.00078625
-227.86666693	-0.00071429
-227.83333359	-0.00061080
-227.80000026	-0.00056166
-227.76666693	-0.00053362
-227.73333359	-0.00052788
-227.70000026	-0.00050061
-227.66666693	-0.00051554
-227.63333359	-0.00053504
-227.60000026	-0.00054251
-227.56666693	-0.00056841
-227.53333359	-0.00057369
-227.50000026	-0.00057472
-227.46666693	-0.00056516
-227.43333359	-0.00053207
-227.40000026	-0.00049369
-227.36666693	-0.00044938
-227.33333359	-0.00038999
-227.30000026	-0.00032706
-227.26666693	-0.00026597
-227.23333359	-0.00021019
-227.20000026	-0.00016057
-227.16666693	-0.00011464
-227.13333359	-0.00008017
-227.10000026	-0.00005173
-227.06666693	-0.00002991
-227.03333359	-0.00001499
-227.00000026	-0.00000585
-226.96666693	-0.00000124
-226.93333359	0.00000000
