# Menlo Systems GmbH ScanControl
# Program Version 1.3.3
# Start: -327.00000000 ps, Average over 100 waveforms. Timestamp: 2026-05-07T11:56:47
# Window type: Tukey, parameters: alpha = 0.1
# User time axis shift: 0 ps
# Frequency [THz]	THz Signal [a.u.]
0.00000000	-40.75819828
0.00732601	-39.29987737
0.01465201	-28.41153269
0.02197802	-27.34659408
0.02930403	-34.44663207
0.03663004	-35.05480187
0.04395604	-26.97858283
0.05128205	-24.79218004
0.05860806	-28.90746572
0.06593407	-23.52322302
0.07326007	-20.28279708
0.08058608	-24.70710026
0.08791209	-19.34031285
0.09523810	-13.83730737
0.10256410	-15.19227227
0.10989011	-21.25623265
0.11721612	-14.21534032
0.12454212	-13.39292529
0.13186813	-16.78757511
0.13919414	-12.39551770
0.14652015	-10.14601820
0.15384615	-10.54652082
0.16117216	-8.28623338
0.16849817	-6.42105512
0.17582418	-7.28743736
0.18315018	-9.57166078
0.19047619	-9.72730917
0.19780220	-9.04924664
0.20512821	-9.69609764
0.21245421	-10.64141583
0.21978022	-8.49879812
0.22710623	-6.44971680
0.23443224	-6.26768051
0.24175824	-5.12144708
0.24908425	-3.22582815
0.25641026	-3.39649820
0.26373626	-5.25744252
0.27106227	-5.53974083
0.27838828	-5.66835594
0.28571429	-7.42010641
0.29304029	-7.06363720
0.30036630	-5.88686406
0.30769231	-5.88102694
0.31501832	-4.90123392
0.32234432	-3.07990235
0.32967033	-1.97237700
0.33699634	-1.97737602
0.34432235	-2.83053525
0.35164835	-3.77614536
0.35897436	-4.69190832
0.36630037	-5.75832847
0.37362637	-6.13104780
0.38095238	-5.65717738
0.38827839	-4.84700349
0.39560440	-3.90349477
0.40293040	-2.65238255
0.41025641	-1.28041748
0.41758242	-0.76974696
0.42490843	-1.49053717
0.43223443	-2.83533808
0.43956044	-4.07889810
0.44688645	-5.04400258
0.45421246	-5.50140850
0.46153846	-5.69911477
0.46886447	-5.47428347
0.47619048	-4.67316776
0.48351648	-3.56217162
0.49084249	-2.10019695
0.49816850	-1.16946348
0.50549451	-1.36725949
0.51282051	-2.24940427
0.52014652	-3.41278495
0.52747253	-4.94670910
0.53479854	-5.63883023
0.54212454	-5.47132565
0.54945055	-6.60674673
0.55677656	-8.11396373
0.56410257	-5.87543644
0.57142857	-3.21956085
0.57875458	-2.05016766
0.58608059	-1.96057318
0.59340659	-2.54889768
0.60073260	-3.75223641
0.60805861	-5.20927114
0.61538462	-6.12221082
0.62271062	-6.48383827
0.63003663	-6.47811440
0.63736264	-6.11331176
0.64468865	-5.28838843
0.65201465	-3.98587670
0.65934066	-2.88062501
0.66666667	-2.36098480
0.67399268	-2.67772469
0.68131868	-4.10650156
0.68864469	-5.80137882
0.69597070	-6.57445429
0.70329671	-7.60108533
0.71062271	-8.06947916
0.71794872	-7.44006113
0.72527473	-7.45274648
0.73260073	-6.35806625
0.73992674	-4.95640623
0.74725275	-5.23320629
0.75457876	-5.91590384
0.76190476	-5.70255985
0.76923077	-6.39857175
0.77655678	-8.01570480
0.78388279	-8.60225528
0.79120879	-8.91782690
0.79853480	-9.16159747
0.80586081	-8.53620376
0.81318682	-7.86799197
0.82051282	-6.82743675
0.82783883	-5.50676091
0.83516484	-5.07143392
0.84249084	-5.87660327
0.84981685	-7.34148084
0.85714286	-8.69532608
0.86446887	-9.82713085
0.87179487	-10.43202491
0.87912088	-10.45562153
0.88644689	-10.24636463
0.89377290	-9.49104130
0.90109890	-8.31979056
0.90842491	-7.06868468
0.91575092	-6.26307545
0.92307693	-6.48757830
0.93040293	-7.66705236
0.93772894	-9.16557268
0.94505495	-10.42537349
0.95238095	-11.08317882
0.95970696	-11.59172944
0.96703297	-11.74984583
0.97435898	-10.95657008
0.98168498	-10.79007009
0.98901099	-10.23994272
0.99633700	-8.27012446
1.00366301	-7.53403407
1.01098901	-8.56363884
1.01831502	-10.01914545
1.02564103	-11.24816721
1.03296704	-12.35935310
1.04029304	-12.52080369
1.04761905	-12.81610397
1.05494506	-12.53049780
1.06227107	-11.49868744
1.06959707	-10.79723894
1.07692308	-9.31929751
1.08424909	-8.88730256
1.09157509	-12.19995435
1.09890110	-21.93134624
1.10622711	-16.22217604
1.11355312	-15.61559278
1.12087912	-16.69261276
1.12820513	-13.90192709
1.13553114	-14.05158499
1.14285715	-14.24946874
1.15018315	-12.76711371
1.15750916	-15.75838802
1.16483517	-22.36690572
1.17216118	-13.05910639
1.17948718	-11.35918361
1.18681319	-12.97691818
1.19413920	-13.89482783
1.20146520	-15.36782815
1.20879121	-18.90318161
1.21611722	-16.24225035
1.22344323	-15.54659034
1.23076923	-16.69045738
1.23809524	-13.22952660
1.24542125	-10.90450563
1.25274726	-10.70550654
1.26007326	-11.44553454
1.26739927	-12.73170043
1.27472528	-14.35518855
1.28205129	-15.35434844
1.28937729	-15.88483374
1.29670330	-16.18551383
1.30402931	-15.82076811
1.31135531	-15.11494701
1.31868132	-14.23993474
1.32600733	-12.95374538
1.33333334	-11.93163478
1.34065934	-12.23213115
1.34798535	-13.76686106
1.35531136	-15.09855789
1.36263737	-16.27842791
1.36996337	-17.37057241
1.37728938	-17.13318432
1.38461539	-17.67039567
1.39194140	-17.00267029
1.39926740	-15.68611874
1.40659341	-18.55918469
1.41391942	-22.09451625
1.42124542	-15.56670724
1.42857143	-14.37033931
1.43589744	-16.44421510
1.44322345	-17.67266623
1.45054945	-18.02378458
1.45787546	-19.11891586
1.46520147	-18.66320069
1.47252748	-18.28444406
1.47985348	-17.68774044
1.48717949	-16.17413755
1.49450550	-15.03554866
1.50183151	-14.56124859
1.50915751	-15.16513773
1.51648352	-16.86722427
1.52380953	-18.33938895
1.53113554	-19.34704903
1.53846154	-20.28504253
1.54578755	-20.31376627
1.55311356	-20.16825543
1.56043956	-19.44724977
1.56776557	-18.24972278
1.57509158	-17.11304945
1.58241759	-16.05165250
1.58974359	-16.35772683
1.59706960	-19.25044585
1.60439561	-23.47264696
1.61172162	-22.49093089
1.61904762	-21.51991642
1.62637363	-22.32563804
1.63369964	-22.79520038
1.64102565	-21.77641286
1.64835165	-21.71002609
1.65567766	-24.41889206
1.66300367	-30.87750898
1.67032967	-47.99896898
1.67765568	-30.89315916
1.68498169	-24.51456496
1.69230770	-23.12881883
1.69963370	-24.63472644
1.70695971	-27.14695646
1.71428572	-32.42369704
1.72161173	-36.37229396
1.72893773	-26.64742938
1.73626374	-23.01804617
1.74358975	-20.91353570
1.75091576	-20.27758989
1.75824176	-21.70002976
1.76556777	-24.10220033
1.77289378	-24.74164878
1.78021978	-24.93271035
1.78754579	-26.43420638
1.79487180	-30.15110210
1.80219781	-30.28543360
1.80952381	-26.00358452
1.81684982	-24.41273588
1.82417583	-23.25695381
1.83150184	-21.94744636
1.83882784	-22.17280466
1.84615385	-23.79892244
1.85347986	-25.23647094
1.86080587	-27.72078679
1.86813187	-36.35006335
1.87545788	-32.95949311
1.88278389	-27.90750226
1.89010990	-27.94584689
1.89743590	-27.07062425
1.90476191	-24.69044672
1.91208792	-25.30750269
1.91941392	-29.83604375
1.92673993	-29.07998833
1.93406594	-26.38422464
1.94139195	-27.52453730
1.94871795	-29.31170308
1.95604396	-29.08903649
1.96336997	-29.66400964
1.97069598	-29.60759529
1.97802198	-28.51069032
1.98534799	-27.58111754
1.99267400	-26.19078652
2.00000001	-25.28933431
2.00732601	-25.88166338
2.01465202	-27.73418751
2.02197803	-29.19407856
2.02930403	-30.02695465
2.03663004	-32.67991116
2.04395605	-35.66178166
2.05128206	-32.53869278
2.05860806	-30.06581337
2.06593407	-29.73647381
2.07326008	-30.44173382
2.08058609	-29.11151949
2.08791209	-27.40313263
2.09523810	-27.98970476
2.10256411	-30.17587996
2.10989012	-31.27974951
2.11721612	-32.35086136
2.12454213	-33.16918486
2.13186814	-32.57022329
2.13919414	-32.97569786
2.14652015	-31.77550871
2.15384616	-30.95656808
2.16117217	-35.24652049
2.16849817	-46.90594160
2.17582418	-33.30104711
2.18315019	-31.65427106
2.19047620	-35.13029102
2.19780220	-50.16175786
2.20512821	-39.37028227
2.21245422	-36.35907533
2.21978023	-41.37144911
2.22710623	-45.52402766
2.23443224	-35.08231477
2.24175825	-32.09401940
2.24908425	-31.50282162
2.25641026	-33.40960942
2.26373627	-41.54188139
2.27106228	-43.69366080
2.27838828	-36.89705969
2.28571429	-36.78804027
2.29304030	-37.42288523
2.30036631	-36.89566877
2.30769231	-36.26938320
2.31501832	-35.96626575
2.32234433	-35.12838382
2.32967034	-33.68224013
2.33699634	-34.33360488
2.34432235	-38.84021724
2.35164836	-40.53383027
2.35897437	-38.77114697
2.36630037	-43.30203395
2.37362638	-43.62751952
2.38095239	-40.08414681
2.38827839	-43.83904041
2.39560440	-54.42904155
2.40293041	-40.43877063
2.41025642	-36.41382846
2.41758242	-35.35498494
2.42490843	-36.23318591
2.43223444	-38.19710581
2.43956045	-39.49096924
2.44688645	-40.48878755
2.45421246	-42.42280149
2.46153847	-48.38756837
2.46886448	-53.99064660
2.47619048	-42.59794382
2.48351649	-39.45256582
2.49084250	-37.94027656
2.49816850	-36.60827188
2.50549451	-36.63925692
2.51282052	-38.13686588
2.52014653	-39.70313300
2.52747253	-40.87987669
2.53479854	-42.02296067
2.54212455	-42.73989777
2.54945056	-42.82124525
2.55677656	-42.08210899
2.56410257	-41.41637534
2.57142858	-40.41325329
2.57875459	-38.89227585
2.58608059	-38.48429360
2.59340660	-39.54713960
2.60073261	-41.37917361
2.60805861	-43.18018415
2.61538462	-44.44139335
2.62271063	-46.23392240
2.63003664	-51.69975891
2.63736264	-60.54410129
2.64468865	-67.86473806
2.65201466	-54.62890750
2.65934067	-47.49117316
2.66666667	-43.56224219
2.67399268	-42.62593218
2.68131869	-44.23945627
2.68864470	-49.16440404
2.69597070	-48.12896764
2.70329671	-45.19703532
2.71062272	-45.78934965
2.71794873	-46.24325936
2.72527473	-44.47392141
2.73260074	-43.70188370
2.73992675	-42.93927170
2.74725275	-41.65749961
2.75457876	-42.10013870
2.76190477	-46.16426774
2.76923078	-54.94840848
2.77655678	-67.94761676
2.78388279	-59.05398373
2.79120880	-51.91668168
2.79853481	-47.68847270
2.80586081	-46.74764528
2.81318682	-45.62892639
2.82051283	-43.84429074
2.82783884	-42.74118513
2.83516484	-42.20305717
2.84249085	-42.80901296
2.84981686	-44.91438578
2.85714286	-46.70517545
2.86446887	-47.51318324
2.87179488	-49.51333549
2.87912089	-54.82855856
2.88644689	-66.72334923
2.89377290	-50.79501195
2.90109891	-46.62490922
2.90842492	-44.74693179
2.91575092	-44.21303019
2.92307693	-44.47594331
2.93040294	-45.56185181
2.93772895	-47.69557260
2.94505495	-48.78052171
2.95238096	-49.87799342
2.95970697	-54.32196746
2.96703297	-62.37047801
2.97435898	-63.97600536
2.98168499	-56.95148853
2.98901100	-50.67866542
2.99633700	-49.01611252
3.00366301	-52.46623771
3.01098902	-59.75225058
3.01831503	-59.49088492
3.02564103	-58.64351381
3.03296704	-52.86906328
3.04029305	-54.67194574
3.04761906	-64.31731256
3.05494506	-53.86271610
3.06227107	-50.34089148
3.06959708	-48.83931439
3.07692309	-47.18029306
3.08424909	-45.92959638
3.09157510	-46.24937214
3.09890111	-48.89402281
3.10622711	-51.29319479
3.11355312	-51.60287766
3.12087913	-53.92487931
3.12820514	-58.27588777
3.13553114	-63.04535514
3.14285715	-63.23945017
3.15018316	-53.55816847
3.15750917	-51.53362783
3.16483517	-54.73169150
3.17216118	-65.84163764
3.17948719	-55.32288120
3.18681320	-54.72444512
3.19413920	-55.13973876
3.20146521	-53.26920103
3.20879122	-55.99171440
3.21611722	-56.34811348
3.22344323	-53.46921835
3.23076924	-57.71137054
3.23809525	-56.49856995
3.24542125	-49.35548462
3.25274726	-48.32610998
3.26007327	-50.31167147
3.26739928	-51.73901120
3.27472528	-52.83674753
3.28205129	-54.72515296
3.28937730	-55.15496826
3.29670331	-54.47665700
3.30402931	-54.23141297
3.31135532	-53.58649513
3.31868133	-53.42801599
3.32600733	-56.10323054
3.33333334	-65.69230379
3.34065935	-60.52959898
3.34798536	-55.15479116
3.35531136	-54.35827967
3.36263737	-55.35713303
3.36996338	-56.36173408
3.37728939	-56.48024112
3.38461539	-56.35858504
3.39194140	-56.03842363
3.39926741	-54.39503210
3.40659342	-52.68409776
3.41391942	-52.17319692
3.42124543	-52.46058226
3.42857144	-53.32457798
3.43589744	-54.75672443
3.44322345	-55.62222204
3.45054946	-56.61987393
3.45787547	-57.82951899
3.46520147	-57.43723202
3.47252748	-57.92092563
3.47985349	-57.24484277
3.48717950	-55.15942632
3.49450550	-54.93346340
3.50183151	-55.53871671
3.50915752	-55.19843536
3.51648353	-56.00443338
3.52380953	-58.38007542
3.53113554	-60.29410872
3.53846155	-65.56552660
3.54578756	-65.26072499
3.55311356	-59.46910401
3.56043957	-58.91945802
3.56776558	-60.05895904
3.57509158	-57.41830857
3.58241759	-55.42278648
3.58974360	-56.52679863
3.59706961	-61.84276259
3.60439561	-69.44298267
3.61172162	-75.15554117
3.61904763	-68.31184643
3.62637364	-63.40832980
3.63369964	-61.55409921
3.64102565	-62.65887917
3.64835166	-68.06706796
3.65567767	-69.72983479
3.66300367	-75.05181639
3.67032968	-63.62400203
3.67765569	-63.44037709
3.68498169	-62.50907363
3.69230770	-70.09338145
3.69963371	-68.04228832
3.70695972	-62.06003998
3.71428572	-63.00742961
3.72161173	-65.63073443
3.72893774	-65.49798784
3.73626375	-63.09351208
3.74358975	-59.83879515
3.75091576	-58.99881487
3.75824177	-60.38641275
3.76556778	-61.17576471
3.77289378	-62.72125477
3.78021979	-65.23527025
3.78754580	-67.70972455
3.79487180	-76.12966032
3.80219781	-75.45990272
3.80952382	-86.14873944
3.81684983	-70.26094126
3.82417583	-69.01589085
3.83150184	-64.84380982
3.83882785	-63.59331637
3.84615386	-63.58424599
3.85347986	-68.13162474
3.86080587	-68.73101092
3.86813188	-68.94752201
3.87545789	-73.44177594
3.88278389	-67.95931180
3.89010990	-66.24281210
3.89743591	-72.32790563
3.90476192	-68.89260937
3.91208792	-62.72196017
3.91941393	-64.46409071
3.92673994	-67.51882641
3.93406594	-67.16007869
3.94139195	-65.46786662
3.94871796	-67.10733765
3.95604397	-82.15404036
3.96336997	-77.79522211
3.97069598	-75.67104116
3.97802199	-80.29814759
3.98534800	-86.74927418
3.99267400	-74.73602943
4.00000001	-70.26965303
4.00732602	-69.47927209
4.01465203	-92.53012565
4.02197803	-72.52898544
4.02930404	-72.98404646
4.03663005	-78.20777261
4.04395605	-73.91624521
4.05128206	-69.27339831
4.05860807	-76.51973098
4.06593408	-79.10733614
4.07326008	-69.21237978
4.08058609	-67.47668720
4.08791210	-69.07305952
4.09523811	-73.02583459
4.10256411	-78.56080376
4.10989012	-76.60929918
4.11721613	-75.95796135
4.12454214	-72.13777392
4.13186814	-74.34124089
4.13919415	-78.72433870
4.14652016	-72.18475999
4.15384616	-74.34829490
4.16117217	-76.70096216
4.16849818	-71.70054055
4.17582419	-74.20696349
4.18315019	-75.94632232
4.19047620	-69.05148517
4.19780221	-70.29807029
4.20512822	-72.82352847
4.21245422	-78.75468311
4.21978023	-83.13220479
4.22710624	-84.84229448
4.23443225	-76.15623654
4.24175825	-79.29769600
4.24908426	-72.20983692
4.25641027	-75.79438740
4.26373627	-72.87193159
4.27106228	-86.49025520
4.27838829	-76.28295645
4.28571430	-71.66661337
4.29304030	-74.47937288
4.30036631	-91.13517440
4.30769232	-82.50355994
4.31501833	-81.76780436
4.32234433	-76.44637786
4.32967034	-78.58888305
4.33699635	-73.26938564
4.34432236	-88.40297469
4.35164836	-79.88101089
4.35897437	-84.43766120
4.36630038	-78.36271022
4.37362639	-74.83601559
4.38095239	-73.50208516
4.38827840	-88.48442842
4.39560441	-82.87940430
4.40293041	-82.35941543
4.41025642	-82.49055157
4.41758243	-82.63303473
4.42490844	-75.29883703
4.43223444	-78.25753414
4.43956045	-82.51715269
4.44688646	-74.46102725
4.45421247	-88.15930284
4.46153847	-73.97473981
4.46886448	-80.47138191
4.47619049	-75.96452859
4.48351650	-83.27392133
4.49084250	-88.32996058
4.49816851	-83.75080538
4.50549452	-85.88066179
4.51282052	-83.05975769
4.52014653	-86.16412016
4.52747254	-77.79999957
4.53479855	-82.87223402
4.54212455	-81.00583959
4.54945056	-74.36889363
4.55677657	-79.01682828
4.56410258	-78.32549215
4.57142858	-75.69609924
4.57875459	-83.89013083
4.58608060	-76.27222650
4.59340661	-84.46283579
4.60073261	-83.12762828
4.60805862	-81.48387580
4.61538463	-81.73617448
4.62271063	-86.86149924
4.63003664	-78.78811962
4.63736265	-69.86195452
4.64468866	-73.32778187
4.65201466	-76.13709811
4.65934067	-70.24540799
4.66666668	-77.70070566
4.67399269	-79.72083941
4.68131869	-71.40677678
4.68864470	-78.53361686
4.69597071	-76.02970384
4.70329672	-78.43940374
4.71062272	-72.38517768
4.71794873	-81.94228445
4.72527474	-73.88846449
4.73260075	-73.69514235
4.73992675	-70.79315977
4.74725276	-67.34686277
4.75457877	-76.35545851
4.76190477	-85.03280991
4.76923078	-79.29923797
4.77655679	-87.35481847
4.78388280	-72.30432597
4.79120880	-69.07937349
4.79853481	-79.67641195
4.80586082	-74.39820282
4.81318683	-74.73595783
4.82051283	-84.65915664
4.82783884	-76.66091298
4.83516485	-89.18265582
4.84249086	-79.12035660
4.84981686	-72.65373448
4.85714287	-74.51755707
4.86446888	-82.80108277
4.87179488	-75.31320138
4.87912089	-83.96788751
4.88644690	-82.50993292
4.89377291	-80.68487822
4.90109891	-76.91792136
4.90842492	-82.11929175
4.91575093	-87.69690005
4.92307694	-88.75285743
4.93040294	-81.72548182
4.93772895	-76.71540311
4.94505496	-81.38888252
4.95238097	-78.74820507
4.95970697	-72.72474166
4.96703298	-74.62319657
4.97435899	-76.54948943
4.98168499	-79.21985022
4.98901100	-78.34048096
4.99633701	-77.15695141
5.00366302	-78.38609837
5.01098902	-78.82730819
5.01831503	-79.21550343
5.02564104	-74.68730490
5.03296705	-84.30580062
5.04029305	-79.23368732
5.04761906	-73.11265103
5.05494507	-70.29317962
5.06227108	-82.66847772
5.06959708	-77.26285596
5.07692309	-73.39031661
5.08424910	-81.66307900
5.09157510	-77.40633298
5.09890111	-79.96389986
5.10622712	-76.70852969
5.11355313	-80.85505404
5.12087913	-73.86903276
5.12820514	-78.24265671
5.13553115	-75.73864972
5.14285716	-76.06357170
5.15018316	-74.30519901
5.15750917	-73.98553752
5.16483518	-80.60580267
5.17216119	-80.56677514
5.17948719	-84.97844828
5.18681320	-80.29724892
5.19413921	-75.48905101
5.20146522	-77.41278042
5.20879122	-81.96621396
5.21611723	-79.68040953
5.22344324	-80.89948468
5.23076924	-74.92791779
5.23809525	-81.79911817
5.24542126	-76.97635315
5.25274727	-78.07636959
5.26007327	-76.24583255
5.26739928	-74.06767442
5.27472529	-78.93964244
5.28205130	-74.58075282
5.28937730	-80.16520527
5.29670331	-75.81544501
5.30402932	-90.70952320
5.31135533	-79.01826780
5.31868133	-76.70939435
5.32600734	-79.08458825
5.33333335	-84.44416535
5.34065935	-88.70893780
5.34798536	-77.22118078
5.35531137	-84.29325059
5.36263738	-79.67067555
5.36996338	-76.53062951
5.37728939	-78.89025681
5.38461540	-77.27244477
5.39194141	-91.06443473
5.39926741	-71.70308234
5.40659342	-70.99390099
5.41391943	-75.67269771
5.42124544	-83.18146243
5.42857144	-76.65177315
5.43589745	-76.14071179
5.44322346	-79.56929226
5.45054946	-78.97033020
5.45787547	-77.54119190
5.46520148	-74.55099183
5.47252749	-71.58481776
5.47985349	-77.91610592
5.48717950	-83.28636795
5.49450551	-78.98319416
5.50183152	-75.05868836
5.50915752	-76.72306291
5.51648353	-76.45089992
5.52380954	-80.25588052
5.53113555	-81.24283297
5.53846155	-74.65527389
5.54578756	-79.45652253
5.55311357	-87.17798757
5.56043958	-76.15715022
5.56776558	-81.91635040
5.57509159	-77.25763439
5.58241760	-80.05589330
5.58974360	-79.56191370
5.59706961	-78.92381568
5.60439562	-80.76939509
5.61172163	-80.28582171
5.61904763	-85.22468883
5.62637364	-78.57268909
5.63369965	-79.09879673
5.64102566	-74.13300333
5.64835166	-76.78606356
5.65567767	-81.57604289
5.66300368	-76.78234718
5.67032969	-78.01343039
5.67765569	-92.45451985
5.68498170	-88.19101310
5.69230771	-79.66522324
5.69963371	-81.23187285
5.70695972	-76.06215188
5.71428573	-78.87524866
5.72161174	-71.97691868
5.72893774	-75.43034432
5.73626375	-83.46088550
5.74358976	-77.78711955
5.75091577	-81.39688278
5.75824177	-80.57462820
5.76556778	-88.19930647
5.77289379	-75.18124930
5.78021980	-80.02353911
5.78754580	-71.48853716
5.79487181	-72.96763860
5.80219782	-73.35830954
5.80952382	-79.47831968
5.81684983	-70.36067476
5.82417584	-75.50275024
5.83150185	-77.11196487
5.83882785	-78.47022939
5.84615386	-78.67127930
5.85347987	-71.66887250
5.86080588	-77.26711816
5.86813188	-80.34620687
5.87545789	-83.50608020
5.88278390	-71.47640835
5.89010991	-69.86780960
5.89743591	-76.16640968
5.90476192	-76.88118492
5.91208793	-72.70871922
5.91941393	-74.09446683
5.92673994	-78.66895402
5.93406595	-72.34677643
5.94139196	-103.72257908
5.94871796	-74.00800140
5.95604397	-79.99184955
5.96336998	-71.46766903
5.97069599	-94.08029502
5.97802199	-75.51749222
5.98534800	-76.16802429
5.99267401	-73.39461474
6.00000002	-77.89288123
6.00732602	-71.71540570
6.01465203	-75.68881362
6.02197804	-79.20171900
6.02930405	-84.49354331
6.03663005	-73.02241988
6.04395606	-78.39909057
6.05128207	-78.70637951
6.05860807	-78.14776642
6.06593408	-77.73373231
6.07326009	-81.62973039
6.08058610	-81.70245990
6.08791210	-75.43874905
6.09523811	-84.95563998
6.10256412	-73.38557814
6.10989013	-80.53228158
6.11721613	-88.36988578
6.12454214	-72.99719418
6.13186815	-75.19757904
6.13919416	-75.41952705
6.14652016	-77.80787457
6.15384617	-73.45851335
6.16117218	-78.72891495
6.16849818	-89.12483707
6.17582419	-82.27512577
6.18315020	-89.33062619
6.19047621	-82.77773759
6.19780221	-85.77576314
6.20512822	-74.61578328
6.21245423	-70.19923229
6.21978024	-79.68442104
6.22710624	-81.14473262
6.23443225	-73.09411088
6.24175826	-72.23571374
6.24908427	-81.35273504
6.25641027	-75.04354952
6.26373628	-80.65867540
6.27106229	-77.24207974
6.27838829	-81.89693865
6.28571430	-72.87269022
6.29304031	-79.78394662
6.30036632	-81.75812870
6.30769232	-79.52222045
6.31501833	-88.43623951
6.32234434	-83.51682079
6.32967035	-78.79097976
6.33699635	-75.61120942
6.34432236	-77.89302253
6.35164837	-74.22651609
6.35897438	-80.95788433
6.36630038	-80.10792813
6.37362639	-87.46875660
6.38095240	-82.64869774
6.38827841	-77.45800487
6.39560441	-74.14947915
6.40293042	-90.75987924
6.41025643	-75.12891707
6.41758243	-87.37518676
6.42490844	-79.96774551
6.43223445	-83.15616281
6.43956046	-79.12719011
6.44688646	-76.69646739
6.45421247	-74.35167552
6.46153848	-76.19776493
6.46886449	-80.95750421
6.47619049	-79.60606117
6.48351650	-81.95416525
6.49084251	-77.04164579
6.49816852	-88.06828390
6.50549452	-82.54383517
6.51282053	-84.22105222
6.52014654	-80.48045714
6.52747254	-90.23558948
6.53479855	-75.51730819
6.54212456	-75.06851719
6.54945057	-73.08444152
6.55677657	-87.08395837
6.56410258	-68.61370519
6.57142859	-73.86760318
6.57875460	-79.01095133
6.58608060	-83.95279226
6.59340661	-81.48909950
6.60073262	-75.22219484
6.60805863	-91.45947253
6.61538463	-82.99943426
6.62271064	-81.62985966
6.63003665	-79.31251367
6.63736265	-75.56091050
6.64468866	-81.48494241
6.65201467	-85.58542958
6.65934068	-82.29092666
6.66666668	-75.46045587
6.67399269	-73.89521482
6.68131870	-80.44298093
6.68864471	-78.03660039
6.69597071	-79.86060278
6.70329672	-81.38934852
6.71062273	-87.52291719
6.71794874	-100.91680847
6.72527474	-80.09669110
6.73260075	-82.94142356
6.73992676	-77.24148204
6.74725276	-76.38515611
6.75457877	-82.33105468
6.76190478	-72.44858852
6.76923079	-76.96623459
6.77655679	-75.79982138
6.78388280	-75.04694953
6.79120881	-76.36564108
6.79853482	-81.11625375
6.80586082	-73.84945702
6.81318683	-78.53987221
6.82051284	-79.31449898
6.82783885	-87.26225112
6.83516485	-74.83571595
6.84249086	-81.05555005
6.84981687	-72.99961344
6.85714288	-80.89303799
6.86446888	-75.88372664
6.87179489	-85.47548025
6.87912090	-76.81142102
6.88644690	-72.07557248
6.89377291	-81.53347652
6.90109892	-76.03832068
6.90842493	-85.07311682
6.91575093	-75.91123487
6.92307694	-74.25216968
6.93040295	-79.46906999
6.93772896	-77.60785027
6.94505496	-83.42362919
6.95238097	-76.48435309
6.95970698	-79.35580480
6.96703299	-73.02350028
6.97435899	-83.08799355
6.98168500	-73.85603354
6.98901101	-84.06793418
6.99633701	-74.42552199
7.00366302	-85.82263021
7.01098903	-73.96883557
7.01831504	-76.83662462
7.02564104	-72.49785788
7.03296705	-77.02643166
7.04029306	-82.32869932
7.04761907	-78.66365631
7.05494507	-76.90087655
7.06227108	-75.72619231
7.06959709	-79.82832552
7.07692310	-84.92539577
7.08424910	-72.85225587
7.09157511	-73.94877563
7.09890112	-81.64512404
7.10622712	-77.83523913
7.11355313	-78.27568788
7.12087914	-75.84936335
7.12820515	-72.38493193
7.13553115	-83.80655836
7.14285716	-75.47591210
7.15018317	-72.13114638
7.15750918	-78.57204518
7.16483518	-75.73802230
7.17216119	-80.32660537
7.17948720	-79.78701432
7.18681321	-78.87917990
7.19413921	-71.92362501
7.20146522	-74.36454743
7.20879123	-81.98264684
7.21611724	-74.98984447
7.22344324	-72.64143240
7.23076925	-83.05839858
7.23809526	-84.32053212
7.24542126	-86.71804551
7.25274727	-80.77600493
7.26007328	-82.36924342
7.26739929	-73.56532371
7.27472529	-71.81573760
7.28205130	-76.50825445
7.28937731	-78.38219010
7.29670332	-86.06196948
7.30402932	-74.50329775
7.31135533	-75.41409714
7.31868134	-71.82929815
7.32600735	-76.05196748
7.33333335	-82.92475117
7.34065936	-85.57908886
7.34798537	-86.02617564
7.35531137	-73.60224932
7.36263738	-78.98568934
7.36996339	-76.45254410
7.37728940	-73.69253155
7.38461540	-75.83567874
7.39194141	-78.56753269
7.39926742	-91.50670950
7.40659343	-91.73858617
7.41391943	-84.88595777
7.42124544	-82.94695069
7.42857145	-81.20363063
7.43589746	-81.24337574
7.44322346	-98.62144558
7.45054947	-88.93524079
7.45787548	-79.80365555
7.46520148	-74.14311826
7.47252749	-84.63489078
7.47985350	-76.12014850
7.48717951	-79.98930467
7.49450551	-72.32337603
7.50183152	-67.97876729
7.50915753	-70.87116287
7.51648354	-91.94110572
7.52380954	-78.03669071
7.53113555	-78.91351191
7.53846156	-83.84398451
7.54578757	-75.15769619
7.55311357	-77.28478188
7.56043958	-81.08896930
7.56776559	-71.37499732
7.57509159	-72.03925325
7.58241760	-81.98387331
7.58974361	-78.63236593
7.59706962	-76.24476275
7.60439562	-78.23369856
7.61172163	-83.88712916
7.61904764	-77.27001678
7.62637365	-79.64603511
7.63369965	-76.29732537
7.64102566	-81.14304794
7.64835167	-73.14418458
7.65567768	-75.68753467
7.66300368	-73.95032096
7.67032969	-79.23094595
7.67765570	-75.71436284
7.68498171	-75.75190415
7.69230771	-75.16673553
7.69963372	-80.28045970
7.70695973	-78.81123669
7.71428573	-83.40220700
7.72161174	-77.95038809
7.72893775	-77.31671749
7.73626376	-75.60802552
7.74358976	-96.07254673
7.75091577	-74.73094241
7.75824178	-73.91824482
7.76556779	-82.30478428
7.77289379	-73.86325666
7.78021980	-83.81812884
7.78754581	-74.62010739
7.79487182	-78.84521862
7.80219782	-75.90644108
7.80952383	-74.62842583
7.81684984	-88.41105872
7.82417584	-75.11427672
7.83150185	-76.81875119
7.83882786	-81.79501083
7.84615387	-76.36104489
7.85347987	-83.58698084
7.86080588	-76.90633679
7.86813189	-78.85054358
7.87545790	-93.62134160
7.88278390	-76.23468019
7.89010991	-87.86286567
7.89743592	-76.87626617
7.90476193	-73.25287797
7.91208793	-74.70729218
7.91941394	-89.68016540
7.92673995	-78.20780315
7.93406595	-81.88195114
7.94139196	-70.74637437
7.94871797	-74.51939299
7.95604398	-74.73529552
7.96336998	-76.45403122
7.97069599	-81.84710684
7.97802200	-82.17107687
7.98534801	-80.20694947
7.99267401	-79.03104219
8.00000002	-77.92449299
8.00732603	-73.33442330
8.01465204	-74.79153246
8.02197804	-72.47789718
8.02930405	-77.18167848
8.03663006	-71.19770602
8.04395607	-73.86129017
8.05128207	-86.30579303
8.05860808	-74.74275498
8.06593409	-78.48053231
8.07326009	-83.55581824
8.08058610	-78.86475304
8.08791211	-76.74451312
8.09523812	-79.08774842
8.10256412	-85.95430709
8.10989013	-77.78733139
8.11721614	-76.59615707
8.12454215	-73.17170249
8.13186815	-78.73580124
8.13919416	-74.45254581
8.14652017	-76.96538287
8.15384618	-78.84951043
8.16117218	-73.66179672
8.16849819	-70.76034421
8.17582420	-74.25112732
8.18315020	-80.62249871
8.19047621	-75.66448883
8.19780222	-82.32417750
8.20512823	-73.75846576
8.21245423	-74.30397594
8.21978024	-77.30873194
8.22710625	-82.96748502
8.23443226	-73.66581158
8.24175826	-73.54085055
8.24908427	-71.56599268
8.25641028	-75.98481125
8.26373629	-84.60077740
8.27106229	-86.78183222
8.27838830	-79.99119291
8.28571431	-73.67821200
8.29304031	-83.19333221
8.30036632	-73.18809126
8.30769233	-85.87667980
8.31501834	-81.90182008
8.32234434	-80.97639504
8.32967035	-80.49969670
8.33699636	-79.44798035
8.34432237	-75.35933689
8.35164837	-72.56175339
8.35897438	-74.24807661
8.36630039	-78.93473404
8.37362640	-80.15608762
8.38095240	-83.24732180
8.38827841	-73.59744045
8.39560442	-74.82018698
8.40293043	-85.27029443
8.41025643	-87.26490598
8.41758244	-79.97960484
8.42490845	-84.29150047
8.43223445	-77.95605460
8.43956046	-78.21077845
8.44688647	-77.43673824
8.45421248	-90.19550374
8.46153848	-77.12232193
8.46886449	-80.59489679
8.47619050	-78.71992226
8.48351651	-71.75343767
8.49084251	-80.63537740
8.49816852	-83.96053472
8.50549453	-72.87015861
8.51282054	-74.50970340
8.52014654	-77.79848113
8.52747255	-76.49146036
8.53479856	-77.35539709
8.54212456	-77.60934096
8.54945057	-78.82007067
8.55677658	-73.79469958
8.56410259	-77.38191586
8.57142859	-88.25168248
8.57875460	-78.24894317
8.58608061	-82.93326129
8.59340662	-74.82317353
8.60073262	-80.00012168
8.60805863	-76.28641306
8.61538464	-78.35135745
8.62271065	-77.37129986
8.63003665	-84.53055277
8.63736266	-73.07042967
8.64468867	-77.72954761
8.65201467	-71.50496476
8.65934068	-81.51615210
8.66666669	-76.23429200
8.67399270	-83.68750635
8.68131870	-76.30915106
8.68864471	-89.58850117
8.69597072	-75.84828025
8.70329673	-91.85962651
8.71062273	-73.98115318
8.71794874	-74.71911014
8.72527475	-76.99328156
8.73260076	-84.21272303
8.73992676	-89.83748790
8.74725277	-85.66012764
8.75457878	-75.52901416
8.76190478	-82.86682847
8.76923079	-74.46802151
8.77655680	-75.48372049
8.78388281	-80.68185592
8.79120881	-70.72998632
8.79853482	-75.76599483
8.80586083	-80.49616782
8.81318684	-82.86509182
8.82051284	-77.06791655
8.82783885	-82.73368261
8.83516486	-89.70194712
8.84249087	-98.52248680
8.84981687	-73.21568224
8.85714288	-77.68332857
8.86446889	-79.93520206
8.87179490	-79.84105982
8.87912090	-80.24983191
8.88644691	-79.55178052
8.89377292	-77.20751841
8.90109892	-80.24058991
8.90842493	-77.80535670
8.91575094	-81.03326561
8.92307695	-79.96110606
8.93040295	-76.68357311
8.93772896	-80.64424400
8.94505497	-75.61431487
8.95238098	-78.32169106
8.95970698	-76.02374385
8.96703299	-77.38473935
8.97435900	-85.72174480
8.98168501	-82.18603830
8.98901101	-87.73576189
8.99633702	-83.41645059
9.00366303	-74.71285278
9.01098903	-75.97877959
9.01831504	-74.50318023
9.02564105	-78.10397527
9.03296706	-70.92707662
9.04029306	-77.86103942
9.04761907	-77.84413939
9.05494508	-87.65811553
9.06227109	-80.00904140
9.06959709	-92.49893917
9.07692310	-83.78449748
9.08424911	-75.58931333
9.09157512	-78.60996094
9.09890112	-83.62086335
9.10622713	-77.71202620
9.11355314	-78.05069358
9.12087914	-78.34227716
9.12820515	-80.73361660
9.13553116	-86.17498060
9.14285717	-83.29098980
9.15018317	-83.11798329
9.15750918	-83.42067414
9.16483519	-80.15243993
9.17216120	-84.40978278
9.17948720	-90.43275885
9.18681321	-76.96669224
9.19413922	-84.91897392
9.20146523	-78.85749030
9.20879123	-87.52710639
9.21611724	-78.80671490
9.22344325	-77.97499820
9.23076926	-76.48783074
9.23809526	-80.12232211
9.24542127	-83.80565556
9.25274728	-81.46134910
9.26007328	-89.38589476
9.26739929	-79.66296403
9.27472530	-79.24745683
9.28205131	-83.49844581
9.28937731	-81.21589999
9.29670332	-83.15578446
9.30402933	-92.71537592
9.31135534	-78.22897063
9.31868134	-75.96907371
9.32600735	-76.95963014
9.33333336	-97.55394858
9.34065937	-75.12763196
9.34798537	-75.25573310
9.35531138	-88.95874190
9.36263739	-91.82806951
9.36996339	-77.83479510
9.37728940	-73.00548527
9.38461541	-72.17961469
9.39194142	-77.53699625
9.39926742	-85.65146828
9.40659343	-87.30081536
9.41391944	-80.59199851
9.42124545	-76.05398387
9.42857145	-81.81592423
9.43589746	-77.59983327
9.44322347	-108.68983305
9.45054948	-75.19092841
9.45787548	-78.76621283
9.46520149	-74.79061796
9.47252750	-72.73649049
9.47985350	-78.10428861
9.48717951	-85.72091636
9.49450552	-79.18144375
9.50183153	-85.41591404
9.50915753	-80.53798837
9.51648354	-78.10294073
9.52380955	-77.14968195
9.53113556	-75.70815889
9.53846156	-80.78004085
9.54578757	-83.34108511
9.55311358	-80.82646076
9.56043959	-77.33514819
9.56776559	-84.85756322
9.57509160	-99.26642967
9.58241761	-89.65722108
9.58974361	-78.60742656
9.59706962	-76.62559300
9.60439563	-83.45940405
9.61172164	-76.42591036
9.61904764	-73.80786622
9.62637365	-78.45620789
9.63369966	-85.83663835
9.64102567	-79.75824948
9.64835167	-77.17087704
9.65567768	-75.86429009
9.66300369	-79.98663128
9.67032970	-79.66676077
9.67765570	-81.81001919
9.68498171	-89.50242131
9.69230772	-93.95060440
9.69963373	-76.82396097
9.70695973	-72.69460722
9.71428574	-73.97815695
9.72161175	-80.05000927
9.72893775	-84.13551007
9.73626376	-80.00354065
9.74358977	-83.43425683
9.75091578	-81.48993050
9.75824178	-87.67993603
9.76556779	-79.39811011
9.77289380	-98.10865593
9.78021981	-90.40762056
9.78754581	-79.07958141
9.79487182	-75.36310551
9.80219783	-75.65310451
9.80952384	-84.37375119
9.81684984	-73.73463579
9.82417585	-75.74227051
9.83150186	-69.37639747
9.83882786	-74.63046911
9.84615387	-74.76152623
9.85347988	-92.54989123
9.86080589	-77.06985136
9.86813189	-75.66105771
9.87545790	-79.80091096
9.88278391	-77.00704952
9.89010992	-81.76822642
9.89743592	-73.30941995
9.90476193	-84.06876200
9.91208794	-76.64391698
9.91941395	-80.92161990
9.92673995	-91.27204504
9.93406596	-77.93349788
9.94139197	-76.09193052
9.94871797	-82.23735174
9.95604398	-81.65931257
9.96336999	-78.81830574
9.97069600	-80.00589135
9.97802200	-74.77752066
9.98534801	-77.26997584
9.99267402	-75.27026561
10.00000003	-79.40689508
10.00732603	-82.53794152
10.01465204	-81.29790170
10.02197805	-78.41850732
10.02930406	-92.43929622
10.03663006	-78.50911692
10.04395607	-82.33501144
10.05128208	-95.77463350
10.05860809	-77.21691286
10.06593409	-74.50291942
10.07326010	-89.56978156
10.08058611	-79.35917316
10.08791211	-83.97111545
10.09523812	-80.34003066
10.10256413	-86.86082292
10.10989014	-77.46714096
10.11721614	-73.01259448
10.12454215	-80.88906628
10.13186816	-82.78695485
10.13919417	-81.70447624
10.14652017	-85.72178097
10.15384618	-80.99286682
10.16117219	-77.81810532
10.16849820	-75.65328564
10.17582420	-74.94388451
10.18315021	-78.23773646
10.19047622	-76.99708599
10.19780222	-79.93927448
10.20512823	-87.16448259
10.21245424	-84.12746546
10.21978025	-79.61015182
10.22710625	-76.21465579
10.23443226	-89.40220923
10.24175827	-93.78660324
10.24908428	-78.41694732
10.25641028	-82.98253547
10.26373629	-75.46556033
10.27106230	-72.36227181
10.27838831	-79.12821076
10.28571431	-78.85630809
10.29304032	-78.73750478
10.30036633	-73.62225879
10.30769233	-76.07648079
10.31501834	-78.47893543
10.32234435	-86.87542950
10.32967036	-83.34056353
10.33699636	-100.41152546
10.34432237	-84.50431008
10.35164838	-82.05746482
10.35897439	-75.40531066
10.36630039	-73.22142210
10.37362640	-75.03774301
10.38095241	-83.13843210
10.38827842	-75.56128161
10.39560442	-75.60467302
10.40293043	-82.32836755
10.41025644	-86.91403774
10.41758244	-77.77590894
10.42490845	-72.93911465
10.43223446	-84.51643984
10.43956047	-71.94500352
10.44688647	-81.21795042
10.45421248	-87.89804704
10.46153849	-85.30864425
10.46886450	-78.54360474
10.47619050	-77.46872171
10.48351651	-76.88627589
10.49084252	-78.19692681
10.49816853	-78.11798246
10.50549453	-82.02876109
10.51282054	-73.47056199
10.52014655	-77.30906083
10.52747256	-73.94445637
10.53479856	-78.14123245
10.54212457	-76.53721100
10.54945058	-75.63177569
10.55677658	-84.75896997
10.56410259	-77.31343543
10.57142860	-82.61335567
10.57875461	-85.77976947
10.58608061	-83.74653756
10.59340662	-81.39726654
10.60073263	-74.59042591
10.60805864	-87.68210419
10.61538464	-74.60867152
10.62271065	-71.21666773
10.63003666	-73.18951394
10.63736267	-81.04749796
10.64468867	-76.04928540
10.65201468	-72.80050546
10.65934069	-79.90587973
10.66666669	-74.90032353
10.67399270	-78.19036960
10.68131871	-79.89590915
10.68864472	-92.23006265
10.69597072	-87.45530148
10.70329673	-79.35597438
10.71062274	-80.06135826
10.71794875	-74.07342932
10.72527475	-75.54028706
10.73260076	-74.40223937
10.73992677	-76.60305096
10.74725278	-82.70886117
10.75457878	-81.19493312
10.76190479	-75.16986871
10.76923080	-79.04279181
10.77655680	-84.90148073
10.78388281	-73.83085818
10.79120882	-78.09576964
10.79853483	-86.87597476
10.80586083	-80.63661181
10.81318684	-82.76192134
10.82051285	-73.75427958
10.82783886	-75.28146866
10.83516486	-73.95207611
10.84249087	-76.89564525
10.84981688	-101.03643517
10.85714289	-84.86564133
10.86446889	-82.06046058
10.87179490	-74.82836204
10.87912091	-77.80876209
10.88644692	-80.19750978
10.89377292	-83.42155094
10.90109893	-75.76299476
10.90842494	-81.35441552
10.91575094	-75.16512493
10.92307695	-82.23655557
10.93040296	-79.04370218
10.93772897	-94.19363897
10.94505497	-74.99849508
10.95238098	-78.22465994
10.95970699	-76.08874132
10.96703300	-73.53156139
10.97435900	-86.63580406
10.98168501	-75.09690637
10.98901102	-79.47926830
10.99633703	-75.73634803
11.00366303	-81.74234676
11.01098904	-76.41385655
11.01831505	-83.47858905
11.02564105	-80.50630752
11.03296706	-81.65580752
11.04029307	-84.15523479
11.04761908	-76.44476160
11.05494508	-80.55225825
11.06227109	-79.71542636
11.06959710	-76.88121568
11.07692311	-81.06554763
11.08424911	-75.06410674
11.09157512	-77.80870948
11.09890113	-76.87404612
11.10622714	-78.91272197
11.11355314	-81.18439010
11.12087915	-83.04591854
11.12820516	-75.63932120
11.13553116	-78.15161588
11.14285717	-90.55852408
11.15018318	-80.78554406
11.15750919	-80.14914493
11.16483519	-76.26830765
11.17216120	-75.60528826
11.17948721	-74.66750075
11.18681322	-83.27811620
11.19413922	-91.79674796
11.20146523	-81.79595741
11.20879124	-78.72814036
11.21611725	-78.40712332
11.22344325	-83.25838296
11.23076926	-87.33290023
11.23809527	-84.21282420
11.24542127	-78.40358208
11.25274728	-88.29727927
11.26007329	-80.02993213
11.26739930	-78.85969815
11.27472530	-76.77690328
11.28205131	-75.68405293
11.28937732	-77.75731676
11.29670333	-85.20776607
11.30402933	-74.76110375
11.31135534	-76.54534214
11.31868135	-74.20459905
11.32600736	-70.90681342
11.33333336	-87.29185238
11.34065937	-76.65433662
11.34798538	-77.75346430
11.35531139	-96.45818956
11.36263739	-89.48720620
11.36996340	-80.78507910
11.37728941	-85.76576558
11.38461541	-85.68181254
11.39194142	-90.67710569
11.39926743	-79.05779257
11.40659344	-80.72234473
11.41391944	-79.79838389
11.42124545	-86.69420916
11.42857146	-81.69463933
11.43589747	-78.80108819
11.44322347	-78.45858149
11.45054948	-85.15528832
11.45787549	-76.97169955
11.46520150	-81.84763516
11.47252750	-70.99505487
11.47985351	-75.86616221
11.48717952	-75.33586948
11.49450552	-80.02156491
11.50183153	-93.71089057
11.50915754	-74.89062081
11.51648355	-74.55120494
11.52380955	-81.00142943
11.53113556	-80.49367256
11.53846157	-81.61926627
11.54578758	-82.18696692
11.55311358	-83.76292633
11.56043959	-84.24828604
11.56776560	-79.25291734
11.57509161	-88.86332801
11.58241761	-75.90645707
11.58974362	-81.07955968
11.59706963	-73.04169853
11.60439563	-73.91134192
11.61172164	-86.37184993
11.61904765	-76.85129928
11.62637366	-91.02901015
11.63369966	-78.69818820
11.64102567	-77.70885926
11.64835168	-75.23493070
11.65567769	-77.66104678
11.66300369	-80.42045654
11.67032970	-79.62084914
11.67765571	-71.59436052
11.68498172	-72.09310871
11.69230772	-79.55569382
11.69963373	-85.48090096
11.70695974	-78.89586539
11.71428575	-86.71741437
11.72161175	-78.90220167
11.72893776	-90.00185357
11.73626377	-79.05476454
11.74358977	-75.97294135
11.75091578	-72.92840090
11.75824179	-76.05802834
11.76556780	-76.71527277
11.77289380	-80.85573536
11.78021981	-74.73034836
11.78754582	-71.87738716
11.79487183	-82.12133095
11.80219783	-78.06985317
11.80952384	-85.26651135
11.81684985	-82.80661785
11.82417586	-76.34464907
11.83150186	-95.07680175
11.83882787	-79.60136599
11.84615388	-94.56159852
11.85347988	-86.73529318
11.86080589	-74.51030759
11.86813190	-82.02435850
11.87545791	-76.87588011
11.88278391	-76.50793080
11.89010992	-76.22485610
11.89743593	-78.79587603
11.90476194	-76.22296786
11.91208794	-82.64142579
11.91941395	-83.22378740
11.92673996	-97.66324393
11.93406597	-77.13519310
11.94139197	-83.49632922
11.94871798	-81.35762684
11.95604399	-89.93361024
11.96336999	-77.48082831
11.97069600	-74.50886173
11.97802201	-83.56900769
11.98534802	-79.65204788
11.99267402	-73.94858438
12.00000003	-72.00575386
12.00732604	-76.77023061
12.01465205	-81.88673451
12.02197805	-82.30956851
12.02930406	-83.62681995
12.03663007	-82.83293342
12.04395608	-83.05781176
12.05128208	-76.81813774
12.05860809	-80.47262324
12.06593410	-98.56734226
12.07326010	-79.05868875
12.08058611	-83.86520560
12.08791212	-76.95799133
12.09523813	-84.08925716
12.10256413	-83.12094026
12.10989014	-80.01976151
12.11721615	-84.21744949
12.12454216	-80.84884106
12.13186816	-78.21467185
12.13919417	-75.24356338
12.14652018	-75.79368238
12.15384619	-81.50657591
12.16117219	-81.30844260
12.16849820	-78.66694802
12.17582421	-77.65309417
12.18315022	-79.08789281
12.19047622	-81.46772902
12.19780223	-81.61455074
12.20512824	-75.10414351
12.21245424	-72.97584589
12.21978025	-83.56023307
12.22710626	-79.57461430
12.23443227	-83.69192461
12.24175827	-77.24081481
12.24908428	-72.19893707
12.25641029	-83.07247583
12.26373630	-74.82863569
12.27106230	-82.75316451
12.27838831	-76.66053414
12.28571432	-88.29440385
12.29304033	-88.05898155
12.30036633	-92.33603885
12.30769234	-80.18503157
12.31501835	-85.22123336
12.32234435	-84.83086802
12.32967036	-74.81586392
12.33699637	-82.87538040
12.34432238	-79.40735639
12.35164838	-86.48292703
12.35897439	-77.11842427
12.36630040	-80.48730887
12.37362641	-79.90541562
12.38095241	-83.50264788
12.38827842	-84.58728979
12.39560443	-78.37206457
12.40293044	-81.30618309
12.41025644	-77.27318641
12.41758245	-81.67245302
12.42490846	-73.36798339
12.43223446	-77.19809718
12.43956047	-75.94744566
12.44688648	-91.11244937
12.45421249	-78.25153831
12.46153849	-75.82626398
12.46886450	-75.67986790
12.47619051	-76.56354570
12.48351652	-81.17160427
12.49084252	-74.24293445
12.49816853	-75.68985416
12.50549454	-80.21910271
12.51282055	-86.53869563
12.52014655	-86.88464061
12.52747256	-77.06717669
12.53479857	-81.31350794
12.54212458	-86.55407208
12.54945058	-72.11341452
12.55677659	-82.54115828
12.56410260	-81.34975676
12.57142860	-71.11954669
12.57875461	-81.68160229
12.58608062	-74.43157374
12.59340663	-83.71519754
12.60073263	-75.16435296
12.60805864	-74.98216257
12.61538465	-80.76874892
12.62271066	-88.40658545
12.63003666	-76.91561351
12.63736267	-74.20563955
12.64468868	-76.24657684
12.65201469	-75.94483369
12.65934069	-73.43676312
12.66666670	-77.72846265
12.67399271	-83.42820476
12.68131871	-82.27125826
12.68864472	-78.44045413
12.69597073	-80.35859110
12.70329674	-83.48309215
12.71062274	-74.90139048
12.71794875	-75.24037410
12.72527476	-70.20322168
12.73260077	-85.70106415
12.73992677	-74.91449903
12.74725278	-73.48019379
12.75457879	-83.59774225
12.76190480	-75.45322499
12.76923080	-75.89568105
12.77655681	-77.98413615
12.78388282	-72.42461841
12.79120882	-72.79163763
12.79853483	-90.40669835
12.80586084	-78.23449937
12.81318685	-82.34639626
12.82051285	-82.75288944
12.82783886	-78.82865425
12.83516487	-75.51207091
12.84249088	-75.49399580
12.84981688	-74.59430181
12.85714289	-72.90230577
12.86446890	-72.67859138
12.87179491	-77.67549522
12.87912091	-81.75254805
12.88644692	-77.38042697
12.89377293	-84.30100332
12.90109893	-70.42057032
12.90842494	-75.51787466
12.91575095	-75.57353828
12.92307696	-77.85006205
12.93040296	-81.72259886
12.93772897	-68.84413731
12.94505498	-73.85136988
12.95238099	-78.45810172
12.95970699	-85.61848284
12.96703300	-75.88094112
12.97435901	-88.18540553
12.98168502	-78.06261577
12.98901102	-83.70012949
12.99633703	-85.45808062
13.00366304	-74.21171442
13.01098905	-73.68984681
13.01831505	-74.10522589
13.02564106	-82.74927689
13.03296707	-76.97265381
13.04029307	-78.28111812
13.04761908	-80.47007348
13.05494509	-86.50938878
13.06227110	-91.12259493
13.06959710	-74.95640170
13.07692311	-77.55475365
13.08424912	-85.49387238
13.09157513	-83.25180129
13.09890113	-84.13933683
13.10622714	-75.86476725
13.11355315	-82.49985847
13.12087916	-77.97084139
13.12820516	-81.49094301
13.13553117	-73.39631409
13.14285718	-80.25180679
13.15018318	-75.87149716
13.15750919	-75.70001197
13.16483520	-76.33128105
13.17216121	-77.59291663
13.17948721	-84.11983126
13.18681322	-85.89822715
13.19413923	-81.68124469
13.20146524	-76.44400283
13.20879124	-84.06352014
13.21611725	-79.32072839
13.22344326	-79.74099008
13.23076927	-73.30721107
13.23809527	-75.04790479
13.24542128	-73.05002358
13.25274729	-78.34103987
13.26007329	-86.42550323
13.26739930	-84.15781934
13.27472531	-79.42585383
13.28205132	-82.98039957
13.28937732	-79.66584759
13.29670333	-85.65287762
13.30402934	-82.02671091
13.31135535	-77.91965254
13.31868135	-81.02954627
13.32600736	-81.11481717
13.33333337	-81.59567315
13.34065938	-75.51320582
13.34798538	-74.68490051
13.35531139	-73.97170998
13.36263740	-73.94870041
13.36996341	-75.87738969
13.37728941	-95.73493642
13.38461542	-77.09805614
13.39194143	-89.61880614
13.39926743	-81.83704996
13.40659344	-90.61859063
13.41391945	-82.47272576
13.42124546	-80.24382520
13.42857146	-77.40199638
13.43589747	-79.84184740
13.44322348	-76.60257842
13.45054949	-79.71121682
13.45787549	-80.67022052
13.46520150	-81.33595052
13.47252751	-95.09133068
13.47985352	-76.64049619
13.48717952	-77.18599869
13.49450553	-78.18516666
13.50183154	-75.79899984
13.50915754	-73.20544786
13.51648355	-78.79978308
13.52380956	-73.35097486
13.53113557	-72.51568779
13.53846157	-85.95971878
13.54578758	-78.69065663
13.55311359	-92.85677945
13.56043960	-84.56971224
13.56776560	-95.69463746
13.57509161	-87.61964537
13.58241762	-80.92458940
13.58974363	-78.84994103
13.59706963	-73.51045293
13.60439564	-78.39880044
13.61172165	-78.97706313
13.61904765	-80.27600536
13.62637366	-79.44031830
13.63369967	-83.43641328
13.64102568	-78.79478318
13.64835168	-90.29037173
13.65567769	-82.08509077
13.66300370	-79.50003611
13.67032971	-79.93318618
13.67765571	-75.63036061
13.68498172	-77.70186544
13.69230773	-78.94929120
13.69963374	-83.82557929
13.70695974	-78.49284345
13.71428575	-73.34075741
13.72161176	-85.32635989
13.72893777	-76.42347501
13.73626377	-80.64272124
13.74358978	-86.74752207
13.75091579	-84.56036258
13.75824179	-80.54602739
13.76556780	-80.27416060
13.77289381	-85.79181761
13.78021982	-93.01309930
13.78754582	-75.77236668
13.79487183	-80.54400281
13.80219784	-78.92853834
13.80952385	-76.82386443
13.81684985	-87.73426038
13.82417586	-74.32217756
13.83150187	-75.41038519
13.83882788	-82.25748306
13.84615388	-80.93534598
13.85347989	-81.58505340
13.86080590	-76.69906218
13.86813190	-88.93251348
13.87545791	-83.31713057
13.88278392	-81.97697087
13.89010993	-78.15354871
13.89743593	-75.71884330
13.90476194	-79.20475586
13.91208795	-78.26206476
13.91941396	-73.68220562
13.92673996	-81.79622100
13.93406597	-81.31769402
13.94139198	-80.90929512
13.94871799	-75.04663282
13.95604399	-73.94552812
13.96337000	-74.74170461
13.97069601	-72.55252928
13.97802201	-74.59598666
13.98534802	-86.15101782
13.99267403	-70.93608052
14.00000004	-78.19729199
14.00732604	-74.23043847
14.01465205	-78.93022552
14.02197806	-89.36086811
14.02930407	-82.84469441
14.03663007	-77.46072384
14.04395608	-85.92659237
14.05128209	-87.26800472
14.05860810	-75.94739884
14.06593410	-80.48258033
14.07326011	-80.49685969
14.08058612	-81.42773434
14.08791212	-79.54077277
14.09523813	-81.33808696
14.10256414	-81.51208447
14.10989015	-81.14405801
14.11721615	-74.62667335
14.12454216	-75.62631246
14.13186817	-77.65935634
14.13919418	-89.04094663
14.14652018	-75.24129013
14.15384619	-71.79045468
14.16117220	-93.99439664
14.16849821	-81.95717960
14.17582421	-79.40630668
14.18315022	-76.33038926
14.19047623	-82.79854871
14.19780224	-77.52600420
14.20512824	-78.60983706
14.21245425	-74.39759558
14.21978026	-73.57228120
14.22710626	-80.28676586
14.23443227	-78.25534906
14.24175828	-77.76293369
14.24908429	-80.34458432
14.25641029	-76.34144338
14.26373630	-76.88989975
14.27106231	-86.27096706
14.27838832	-87.99634259
14.28571432	-77.83885830
14.29304033	-76.10863079
14.30036634	-75.87829683
14.30769235	-86.26695675
14.31501835	-84.07093016
14.32234436	-71.52519388
14.32967037	-77.46982875
14.33699637	-91.76226201
14.34432238	-76.03719130
14.35164839	-79.73486813
14.35897440	-80.44214543
14.36630040	-80.31255433
14.37362641	-81.79706889
14.38095242	-75.71558414
14.38827843	-84.43150806
14.39560443	-80.37139160
14.40293044	-93.11913602
14.41025645	-80.60068276
14.41758246	-76.22553159
14.42490846	-72.71187957
14.43223447	-75.24082400
14.43956048	-78.15394846
14.44688648	-76.13828362
14.45421249	-85.21040614
14.46153850	-80.52711238
14.46886451	-81.30409381
14.47619051	-79.85634435
14.48351652	-78.93880000
14.49084253	-79.79902869
14.49816854	-92.00520472
14.50549454	-79.26102000
14.51282055	-83.67141124
14.52014656	-79.46318594
14.52747257	-85.83333791
14.53479857	-78.39422431
14.54212458	-98.76481845
14.54945059	-77.04001898
14.55677660	-75.52625676
14.56410260	-74.69800731
14.57142861	-76.17316182
14.57875462	-79.77531568
14.58608062	-76.35831604
14.59340663	-78.96698396
14.60073264	-83.99668002
14.60805865	-86.74884563
14.61538465	-75.18888495
14.62271066	-77.48431508
14.63003667	-102.85289363
14.63736268	-77.42460449
14.64468868	-83.99194765
14.65201469	-84.13675356
14.65934070	-83.12651627
14.66666671	-88.45173986
14.67399271	-76.61690749
14.68131872	-78.85489872
14.68864473	-76.56624670
14.69597073	-82.63093681
14.70329674	-71.89927502
14.71062275	-76.11096748
14.71794876	-83.20954909
14.72527476	-84.81474333
14.73260077	-95.21117875
14.73992678	-79.17682270
14.74725279	-78.40087829
14.75457879	-83.78921606
14.76190480	-78.01993700
14.76923081	-95.92780195
14.77655682	-78.66302695
14.78388282	-84.05194698
14.79120883	-76.66680880
14.79853484	-76.23802443
14.80586084	-78.23132415
14.81318685	-92.90408165
14.82051286	-85.85550961
14.82783887	-81.09253320
14.83516487	-73.00886159
14.84249088	-75.27052794
14.84981689	-75.44403995
14.85714290	-78.32569065
14.86446890	-78.81101266
14.87179491	-74.08679019
14.87912092	-81.92433681
14.88644693	-79.90529565
14.89377293	-75.97070379
14.90109894	-74.55784250
14.90842495	-99.04152024
14.91575095	-78.58531423
14.92307696	-76.75950260
14.93040297	-75.49038867
14.93772898	-77.14482142
14.94505498	-76.85479838
14.95238099	-85.63467172
14.95970700	-77.39402420
14.96703301	-82.75197964
14.97435901	-79.96228394
14.98168502	-79.99299147
14.98901103	-80.76723071
14.99633704	-75.83805972
