# Menlo Systems GmbH ScanControl
# Program Version 1.3.3
# Start: -327.00000000 ps, Average over 100 waveforms. Timestamp: 2026-05-07T11:49:52
# Window type: Tukey, parameters: alpha = 0.1
# User time axis shift: 0 ps
# Time [ps]	THz Signal [a.u.]
-326.90000000	0.00000000
-326.86666666	0.00000004
-326.83333333	0.00000013
-326.80000000	-0.00000015
-326.76666666	0.00000001
-326.73333333	0.00000045
-326.70000000	0.00000078
-326.66666666	0.00000195
-326.63333333	0.00000063
-326.60000000	0.00000104
-326.56666666	0.00000006
-326.53333333	-0.00000430
-326.50000000	-0.00000071
-326.46666666	-0.00000111
-326.43333333	0.00000162
-326.40000000	-0.00000121
-326.36666666	0.00000475
-326.33333333	0.00000051
-326.30000000	0.00000396
-326.26666666	-0.00000683
-326.23333333	0.00000865
-326.20000000	0.00000015
-326.16666666	-0.00001691
-326.13333333	-0.00001243
-326.10000000	-0.00001016
-326.06666667	-0.00001042
-326.03333333	-0.00003165
-326.00000000	-0.00000212
-325.96666667	-0.00001277
-325.93333333	-0.00001885
-325.90000000	-0.00003547
-325.86666667	-0.00003714
-325.83333333	-0.00003116
-325.80000000	-0.00002351
-325.76666667	-0.00001933
-325.73333333	-0.00004328
-325.70000000	-0.00003048
-325.66666667	-0.00000891
-325.63333333	-0.00004287
-325.60000000	-0.00005250
-325.56666667	-0.00006740
-325.53333333	-0.00004225
-325.50000000	-0.00003816
-325.46666667	-0.00002996
-325.43333333	-0.00007242
-325.40000000	-0.00008059
-325.36666667	-0.00007641
-325.33333334	-0.00006344
-325.30000000	-0.00006748
-325.26666667	-0.00002586
-325.23333334	-0.00012942
-325.20000000	-0.00009040
-325.16666667	-0.00010165
-325.13333334	-0.00003200
-325.10000000	-0.00006816
-325.06666667	-0.00017263
-325.03333334	-0.00003460
-325.00000000	-0.00008799
-324.96666667	-0.00005612
-324.93333334	-0.00014409
-324.90000000	-0.00015321
-324.86666667	-0.00010710
-324.83333334	-0.00005021
-324.80000000	-0.00008038
-324.76666667	-0.00008401
-324.73333334	-0.00003145
-324.70000000	-0.00002412
-324.66666667	0.00003474
-324.63333334	-0.00010330
-324.60000000	0.00002661
-324.56666667	-0.00003155
-324.53333334	-0.00005609
-324.50000001	-0.00007849
-324.46666667	-0.00016746
-324.43333334	-0.00000524
-324.40000001	-0.00010736
-324.36666667	-0.00000910
-324.33333334	0.00005829
-324.30000001	-0.00006871
-324.26666667	0.00014344
-324.23333334	0.00001939
-324.20000001	0.00001787
-324.16666667	-0.00013496
-324.13333334	0.00000641
-324.10000001	0.00002667
-324.06666667	-0.00011700
-324.03333334	0.00009048
-324.00000001	-0.00000585
-323.96666667	0.00010417
-323.93333334	0.00015744
-323.90000001	0.00007211
-323.86666667	-0.00007223
-323.83333334	0.00012263
-323.80000001	-0.00000205
-323.76666668	-0.00002691
-323.73333334	-0.00001464
-323.70000001	-0.00005555
-323.66666668	0.00001655
-323.63333334	-0.00015765
-323.60000001	-0.00004315
-323.56666668	0.00023084
-323.53333334	0.00001863
-323.50000001	-0.00016362
-323.46666668	-0.00003954
-323.43333334	0.00026786
-323.40000001	0.00018403
-323.36666668	0.00007138
-323.33333334	0.00008633
-323.30000001	-0.00009695
-323.26666668	0.00028215
-323.23333334	0.00012448
-323.20000001	0.00010782
-323.16666668	0.00007434
-323.13333334	0.00012059
-323.10000001	0.00004971
-323.06666668	0.00012678
-323.03333334	0.00030500
-323.00000001	0.00010208
-322.96666668	0.00009754
-322.93333335	0.00000669
-322.90000001	0.00002139
-322.86666668	-0.00011602
-322.83333335	0.00003908
-322.80000001	0.00006231
-322.76666668	0.00020300
-322.73333335	0.00006227
-322.70000001	0.00010718
-322.66666668	0.00003395
-322.63333335	0.00007257
-322.60000001	-0.00002267
-322.56666668	0.00007715
-322.53333335	0.00029995
-322.50000001	0.00030135
-322.46666668	0.00036727
-322.43333335	0.00017736
-322.40000001	-0.00004109
-322.36666668	0.00033625
-322.33333335	0.00035631
-322.30000001	0.00025430
-322.26666668	0.00023229
-322.23333335	0.00031485
-322.20000002	0.00008986
-322.16666668	0.00023843
-322.13333335	0.00044752
-322.10000002	0.00012355
-322.06666668	0.00029340
-322.03333335	0.00029851
-322.00000002	0.00001199
-321.96666668	0.00051946
-321.93333335	0.00042324
-321.90000002	0.00028300
-321.86666668	0.00022858
-321.83333335	0.00002161
-321.80000002	0.00019249
-321.76666668	0.00022837
-321.73333335	-0.00001532
-321.70000002	0.00005036
-321.66666668	0.00018679
-321.63333335	0.00034183
-321.60000002	0.00012914
-321.56666668	-0.00005729
-321.53333335	0.00001926
-321.50000002	0.00023256
-321.46666668	0.00030406
-321.43333335	0.00037505
-321.40000002	0.00018168
-321.36666669	0.00030516
-321.33333335	0.00024446
-321.30000002	0.00020388
-321.26666669	0.00025950
-321.23333335	0.00017891
-321.20000002	0.00012265
-321.16666669	0.00020642
-321.13333335	0.00007256
-321.10000002	0.00016988
-321.06666669	-0.00002803
-321.03333335	0.00021858
-321.00000002	0.00018484
-320.96666669	0.00031085
-320.93333335	-0.00011925
-320.90000002	0.00037126
-320.86666669	0.00044379
-320.83333335	0.00015908
-320.80000002	0.00037983
-320.76666669	0.00036015
-320.73333335	0.00034605
-320.70000002	0.00040432
-320.66666669	0.00020260
-320.63333336	0.00027386
-320.60000002	0.00020179
-320.56666669	0.00022477
-320.53333336	0.00000173
-320.50000002	0.00019800
-320.46666669	0.00024967
-320.43333336	0.00033038
-320.40000002	0.00054350
-320.36666669	0.00061305
-320.33333336	0.00029700
-320.30000002	0.00042935
-320.26666669	0.00019681
-320.23333336	0.00042280
-320.20000002	0.00032773
-320.16666669	0.00055764
-320.13333336	0.00023205
-320.10000002	0.00011134
-320.06666669	0.00042180
-320.03333336	0.00038121
-320.00000002	0.00028811
-319.96666669	0.00032697
-319.93333336	0.00041167
-319.90000002	0.00052733
-319.86666669	0.00012362
-319.83333336	0.00057994
-319.80000003	0.00022288
-319.76666669	0.00002572
-319.73333336	0.00052767
-319.70000003	0.00025654
-319.66666669	0.00036428
-319.63333336	0.00018182
-319.60000003	0.00048694
-319.56666669	0.00017587
-319.53333336	0.00034268
-319.50000003	0.00015272
-319.46666669	0.00019222
-319.43333336	0.00021017
-319.40000003	0.00015999
-319.36666669	0.00011353
-319.33333336	0.00022728
-319.30000003	0.00001579
-319.26666669	0.00004019
-319.23333336	-0.00005715
-319.20000003	0.00016893
-319.16666669	0.00008410
-319.13333336	0.00020363
-319.10000003	0.00035063
-319.06666670	0.00028267
-319.03333336	0.00035118
-319.00000003	0.00017170
-318.96666670	0.00025958
-318.93333336	0.00024211
-318.90000003	0.00018030
-318.86666670	0.00044585
-318.83333336	0.00046521
-318.80000003	0.00044055
-318.76666670	0.00009817
-318.73333336	0.00044326
-318.70000003	0.00035533
-318.66666670	0.00042837
-318.63333336	0.00036274
-318.60000003	0.00013835
-318.56666670	0.00011538
-318.53333336	0.00028901
-318.50000003	0.00049012
-318.46666670	0.00050678
-318.43333336	0.00018556
-318.40000003	0.00029228
-318.36666670	0.00020876
-318.33333336	0.00038288
-318.30000003	0.00030694
-318.26666670	0.00035249
-318.23333337	0.00007975
-318.20000003	0.00045274
-318.16666670	0.00037878
-318.13333337	0.00034784
-318.10000003	0.00052650
-318.06666670	0.00041759
-318.03333337	0.00066737
-318.00000003	0.00035027
-317.96666670	0.00042507
-317.93333337	0.00061441
-317.90000003	0.00047211
-317.86666670	0.00042879
-317.83333337	0.00027734
-317.80000003	0.00016451
-317.76666670	0.00008200
-317.73333337	0.00029455
-317.70000003	0.00019515
-317.66666670	0.00048396
-317.63333337	0.00029009
-317.60000003	-0.00011411
-317.56666670	0.00038940
-317.53333337	0.00016273
-317.50000004	0.00042456
-317.46666670	0.00041014
-317.43333337	0.00032486
-317.40000004	0.00052618
-317.36666670	0.00050594
-317.33333337	0.00026538
-317.30000004	0.00031346
-317.26666670	0.00024928
-317.23333337	0.00043132
-317.20000004	0.00048002
-317.16666670	0.00024697
-317.13333337	0.00030757
-317.10000004	0.00030192
-317.06666670	0.00011476
-317.03333337	0.00033984
-317.00000004	0.00022596
-316.96666670	0.00036282
-316.93333337	0.00076880
-316.90000004	0.00059930
-316.86666670	0.00049514
-316.83333337	0.00032458
-316.80000004	0.00038886
-316.76666670	0.00015852
-316.73333337	0.00044237
-316.70000004	0.00032599
-316.66666671	0.00019497
-316.63333337	0.00035191
-316.60000004	0.00031886
-316.56666671	0.00009228
-316.53333337	0.00057073
-316.50000004	0.00065093
-316.46666671	0.00041047
-316.43333337	0.00053494
-316.40000004	0.00056576
-316.36666671	0.00031463
-316.33333337	0.00031408
-316.30000004	0.00080389
-316.26666671	0.00044187
-316.23333337	0.00045072
-316.20000004	0.00063904
-316.16666671	0.00056881
-316.13333337	0.00060213
-316.10000004	0.00067571
-316.06666671	0.00035575
-316.03333337	0.00039226
-316.00000004	0.00049587
-315.96666671	0.00063463
-315.93333338	0.00051626
-315.90000004	0.00051716
-315.86666671	0.00053701
-315.83333338	0.00020514
-315.80000004	0.00088003
-315.76666671	0.00087044
-315.73333338	0.00066908
-315.70000004	0.00070146
-315.66666671	0.00057542
-315.63333338	0.00036015
-315.60000004	0.00016506
-315.56666671	0.00042527
-315.53333338	0.00049283
-315.50000004	0.00040507
-315.46666671	0.00049076
-315.43333338	0.00053551
-315.40000004	0.00066301
-315.36666671	0.00069131
-315.33333338	0.00057205
-315.30000004	0.00051128
-315.26666671	0.00067301
-315.23333338	0.00057158
-315.20000004	0.00054652
-315.16666671	0.00052148
-315.13333338	0.00068307
-315.10000005	0.00056526
-315.06666671	0.00072606
-315.03333338	0.00059445
-315.00000005	0.00064569
-314.96666671	0.00060728
-314.93333338	0.00050751
-314.90000005	0.00083875
-314.86666671	0.00062887
-314.83333338	0.00081384
-314.80000005	0.00064046
-314.76666671	0.00053456
-314.73333338	0.00052745
-314.70000005	0.00056603
-314.66666671	0.00059765
-314.63333338	0.00084270
-314.60000005	0.00074889
-314.56666671	0.00086198
-314.53333338	0.00079948
-314.50000005	0.00078020
-314.46666671	0.00083561
-314.43333338	0.00058578
-314.40000005	0.00059331
-314.36666672	0.00062441
-314.33333338	0.00068933
-314.30000005	0.00062574
-314.26666672	0.00058031
-314.23333338	0.00043370
-314.20000005	0.00029531
-314.16666672	0.00051860
-314.13333338	0.00057487
-314.10000005	0.00041312
-314.06666672	0.00077544
-314.03333338	0.00067011
-314.00000005	0.00064103
-313.96666672	0.00078366
-313.93333338	0.00072741
-313.90000005	0.00077491
-313.86666672	0.00061435
-313.83333338	0.00059788
-313.80000005	0.00053737
-313.76666672	0.00069686
-313.73333338	0.00081726
-313.70000005	0.00075545
-313.66666672	0.00049371
-313.63333338	0.00088676
-313.60000005	0.00078867
-313.56666672	0.00080738
-313.53333339	0.00050581
-313.50000005	0.00048566
-313.46666672	0.00086554
-313.43333339	0.00069159
-313.40000005	0.00093019
-313.36666672	0.00068761
-313.33333339	0.00078352
-313.30000005	0.00058121
-313.26666672	0.00047765
-313.23333339	0.00079672
-313.20000005	0.00078733
-313.16666672	0.00048720
-313.13333339	0.00080740
-313.10000005	0.00093907
-313.06666672	0.00078592
-313.03333339	0.00078465
-313.00000005	0.00044111
-312.96666672	0.00069358
-312.93333339	0.00042709
-312.90000005	0.00069604
-312.86666672	0.00074468
-312.83333339	0.00047649
-312.80000006	0.00064550
-312.76666672	0.00090815
-312.73333339	0.00077308
-312.70000006	0.00077652
-312.66666672	0.00095709
-312.63333339	0.00085195
-312.60000006	0.00062056
-312.56666672	0.00062960
-312.53333339	0.00042236
-312.50000006	0.00071656
-312.46666672	0.00048455
-312.43333339	0.00054386
-312.40000006	0.00045102
-312.36666672	0.00029181
-312.33333339	0.00052491
-312.30000006	0.00036886
-312.26666672	0.00060183
-312.23333339	0.00081592
-312.20000006	0.00049654
-312.16666672	0.00055446
-312.13333339	0.00053995
-312.10000006	0.00051710
-312.06666672	0.00039429
-312.03333339	0.00057874
-312.00000006	0.00037035
-311.96666673	0.00057996
-311.93333339	0.00091962
-311.90000006	0.00038310
-311.86666673	0.00066059
-311.83333339	0.00068810
-311.80000006	0.00068760
-311.76666673	0.00059348
-311.73333339	0.00065189
-311.70000006	0.00063183
-311.66666673	0.00035655
-311.63333339	0.00074085
-311.60000006	0.00064621
-311.56666673	0.00062250
-311.53333339	0.00061200
-311.50000006	0.00060673
-311.46666673	0.00053835
-311.43333339	0.00062702
-311.40000006	0.00077272
-311.36666673	0.00069181
-311.33333339	0.00066516
-311.30000006	0.00072425
-311.26666673	0.00076326
-311.23333340	0.00069544
-311.20000006	0.00040710
-311.16666673	0.00068650
-311.13333340	0.00080960
-311.10000006	0.00075010
-311.06666673	0.00091980
-311.03333340	0.00086368
-311.00000006	0.00087304
-310.96666673	0.00075389
-310.93333340	0.00070256
-310.90000006	0.00096202
-310.86666673	0.00091987
-310.83333340	0.00048839
-310.80000006	0.00086680
-310.76666673	0.00077704
-310.73333340	0.00049482
-310.70000006	0.00087590
-310.66666673	0.00077378
-310.63333340	0.00053112
-310.60000006	0.00069550
-310.56666673	0.00086098
-310.53333340	0.00076061
-310.50000006	0.00071561
-310.46666673	0.00089012
-310.43333340	0.00081825
-310.40000007	0.00106179
-310.36666673	0.00090941
-310.33333340	0.00098976
-310.30000007	0.00078651
-310.26666673	0.00079542
-310.23333340	0.00089057
-310.20000007	0.00102826
-310.16666673	0.00096246
-310.13333340	0.00091015
-310.10000007	0.00075751
-310.06666673	0.00074766
-310.03333340	0.00080789
-310.00000007	0.00084969
-309.96666673	0.00097667
-309.93333340	0.00088895
-309.90000007	0.00090747
-309.86666673	0.00068444
-309.83333340	0.00078442
-309.80000007	0.00113179
-309.76666673	0.00108138
-309.73333340	0.00099981
-309.70000007	0.00096856
-309.66666674	0.00096101
-309.63333340	0.00120534
-309.60000007	0.00119436
-309.56666674	0.00132131
-309.53333340	0.00114653
-309.50000007	0.00097514
-309.46666674	0.00123245
-309.43333340	0.00102312
-309.40000007	0.00113185
-309.36666674	0.00115046
-309.33333340	0.00126217
-309.30000007	0.00137363
-309.26666674	0.00115752
-309.23333340	0.00118847
-309.20000007	0.00134529
-309.16666674	0.00117198
-309.13333340	0.00082895
-309.10000007	0.00115659
-309.06666674	0.00113102
-309.03333340	0.00118444
-309.00000007	0.00112269
-308.96666674	0.00113595
-308.93333340	0.00124392
-308.90000007	0.00140153
-308.86666674	0.00107850
-308.83333341	0.00108726
-308.80000007	0.00095287
-308.76666674	0.00094139
-308.73333341	0.00098285
-308.70000007	0.00096600
-308.66666674	0.00121132
-308.63333341	0.00106429
-308.60000007	0.00097297
-308.56666674	0.00113259
-308.53333341	0.00102501
-308.50000007	0.00104249
-308.46666674	0.00112025
-308.43333341	0.00124243
-308.40000007	0.00128604
-308.36666674	0.00086785
-308.33333341	0.00112138
-308.30000007	0.00114131
-308.26666674	0.00112902
-308.23333341	0.00119454
-308.20000007	0.00089474
-308.16666674	0.00078171
-308.13333341	0.00106994
-308.10000008	0.00102531
-308.06666674	0.00086304
-308.03333341	0.00075137
-308.00000008	0.00117759
-307.96666674	0.00087992
-307.93333341	0.00120112
-307.90000008	0.00087092
-307.86666674	0.00075661
-307.83333341	0.00083523
-307.80000008	0.00097658
-307.76666674	0.00067920
-307.73333341	0.00076495
-307.70000008	0.00072594
-307.66666674	0.00057832
-307.63333341	0.00086592
-307.60000008	0.00076547
-307.56666674	0.00065380
-307.53333341	0.00070525
-307.50000008	0.00054071
-307.46666674	0.00066493
-307.43333341	0.00095751
-307.40000008	0.00085338
-307.36666674	0.00070885
-307.33333341	0.00079290
-307.30000008	0.00073297
-307.26666675	0.00072172
-307.23333341	0.00061528
-307.20000008	0.00079135
-307.16666675	0.00090822
-307.13333341	0.00066837
-307.10000008	0.00077652
-307.06666675	0.00062940
-307.03333341	0.00067714
-307.00000008	0.00055562
-306.96666675	0.00073047
-306.93333341	0.00066130
-306.90000008	0.00070292
-306.86666675	0.00073647
-306.83333341	0.00087416
-306.80000008	0.00078053
-306.76666675	0.00073536
-306.73333341	0.00054862
-306.70000008	0.00095892
-306.66666675	0.00070526
-306.63333341	0.00075777
-306.60000008	0.00054413
-306.56666675	0.00075247
-306.53333342	0.00050495
-306.50000008	0.00071129
-306.46666675	0.00077072
-306.43333342	0.00082559
-306.40000008	0.00074879
-306.36666675	0.00056565
-306.33333342	0.00066112
-306.30000008	0.00065447
-306.26666675	0.00087402
-306.23333342	0.00100652
-306.20000008	0.00122643
-306.16666675	0.00074049
-306.13333342	0.00088087
-306.10000008	0.00084939
-306.06666675	0.00076923
-306.03333342	0.00058994
-306.00000008	0.00066761
-305.96666675	0.00076229
-305.93333342	0.00077773
-305.90000008	0.00085800
-305.86666675	0.00096350
-305.83333342	0.00103616
-305.80000008	0.00095651
-305.76666675	0.00091409
-305.73333342	0.00074163
-305.70000009	0.00067794
-305.66666675	0.00037899
-305.63333342	0.00051193
-305.60000009	0.00076926
-305.56666675	0.00064917
-305.53333342	0.00069580
-305.50000009	0.00067674
-305.46666675	0.00045190
-305.43333342	0.00052729
-305.40000009	0.00071227
-305.36666675	0.00082500
-305.33333342	0.00095564
-305.30000009	0.00066406
-305.26666675	0.00055143
-305.23333342	0.00082358
-305.20000009	0.00054491
-305.16666675	0.00081956
-305.13333342	0.00041920
-305.10000009	0.00071809
-305.06666675	0.00062386
-305.03333342	0.00080125
-305.00000009	0.00081915
-304.96666676	0.00074634
-304.93333342	0.00081924
-304.90000009	0.00066524
-304.86666676	0.00062350
-304.83333342	0.00074287
-304.80000009	0.00061312
-304.76666676	0.00047071
-304.73333342	0.00054898
-304.70000009	0.00076057
-304.66666676	0.00044496
-304.63333342	0.00041838
-304.60000009	0.00074026
-304.56666676	0.00067630
-304.53333342	0.00073035
-304.50000009	0.00052224
-304.46666676	0.00032683
-304.43333342	0.00036323
-304.40000009	0.00055954
-304.36666676	0.00059336
-304.33333342	0.00054788
-304.30000009	0.00063880
-304.26666676	0.00049815
-304.23333342	0.00016695
-304.20000009	0.00045373
-304.16666676	0.00042230
-304.13333343	0.00062403
-304.10000009	0.00066786
-304.06666676	0.00040965
-304.03333343	0.00064222
-304.00000009	0.00039590
-303.96666676	0.00034157
-303.93333343	0.00050247
-303.90000009	0.00050075
-303.86666676	0.00048071
-303.83333343	0.00050812
-303.80000009	0.00037727
-303.76666676	0.00029754
-303.73333343	0.00019371
-303.70000009	0.00040914
-303.66666676	0.00061033
-303.63333343	0.00037049
-303.60000009	0.00042310
-303.56666676	0.00013431
-303.53333343	0.00023709
-303.50000009	0.00025484
-303.46666676	0.00043379
-303.43333343	0.00000815
-303.40000010	0.00026797
-303.36666676	-0.00011285
-303.33333343	0.00037875
-303.30000010	-0.00001258
-303.26666676	0.00029601
-303.23333343	0.00031831
-303.20000010	-0.00003783
-303.16666676	0.00026560
-303.13333343	0.00015415
-303.10000010	-0.00001362
-303.06666676	0.00009102
-303.03333343	0.00023757
-303.00000010	0.00014359
-302.96666676	0.00023049
-302.93333343	0.00009955
-302.90000010	0.00008283
-302.86666676	0.00004875
-302.83333343	-0.00005851
-302.80000010	0.00018002
-302.76666676	0.00009263
-302.73333343	0.00005142
-302.70000010	0.00004208
-302.66666676	-0.00004190
-302.63333343	-0.00014886
-302.60000010	0.00004179
-302.56666677	-0.00017121
-302.53333343	-0.00007543
-302.50000010	-0.00008054
-302.46666677	0.00028734
-302.43333343	0.00019194
-302.40000010	0.00007153
-302.36666677	0.00002651
-302.33333343	0.00001353
-302.30000010	0.00002577
-302.26666677	-0.00002160
-302.23333343	0.00008253
-302.20000010	0.00023499
-302.16666677	0.00018097
-302.13333343	0.00005556
-302.10000010	0.00031513
-302.06666677	0.00036436
-302.03333343	0.00039975
-302.00000010	0.00021787
-301.96666677	0.00030106
-301.93333343	0.00033219
-301.90000010	0.00003352
-301.86666677	0.00024968
-301.83333344	0.00023361
-301.80000010	0.00003605
-301.76666677	0.00053436
-301.73333344	0.00031413
-301.70000010	0.00046776
-301.66666677	0.00017488
-301.63333344	0.00032946
-301.60000010	0.00039448
-301.56666677	0.00047645
-301.53333344	0.00023643
-301.50000010	0.00030883
-301.46666677	0.00050700
-301.43333344	0.00058794
-301.40000010	0.00060570
-301.36666677	0.00051734
-301.33333344	0.00069350
-301.30000010	0.00056028
-301.26666677	0.00057714
-301.23333344	0.00049999
-301.20000010	0.00052539
-301.16666677	0.00064283
-301.13333344	0.00077507
-301.10000010	0.00059875
-301.06666677	0.00084007
-301.03333344	0.00086765
-301.00000011	0.00099416
-300.96666677	0.00107530
-300.93333344	0.00055919
-300.90000011	0.00064981
-300.86666677	0.00083451
-300.83333344	0.00064853
-300.80000011	0.00076078
-300.76666677	0.00093392
-300.73333344	0.00081158
-300.70000011	0.00081405
-300.66666677	0.00030414
-300.63333344	0.00072858
-300.60000011	0.00043603
-300.56666677	0.00029438
-300.53333344	0.00048743
-300.50000011	0.00045850
-300.46666677	0.00014505
-300.43333344	0.00012922
-300.40000011	0.00025590
-300.36666677	0.00041161
-300.33333344	0.00055169
-300.30000011	0.00072054
-300.26666678	0.00041354
-300.23333344	0.00035963
-300.20000011	0.00023247
-300.16666678	0.00001034
-300.13333344	0.00037417
-300.10000011	0.00032347
-300.06666678	-0.00001581
-300.03333344	0.00001039
-300.00000011	0.00026543
-299.96666678	-0.00012621
-299.93333344	-0.00028825
-299.90000011	-0.00012611
-299.86666678	-0.00011984
-299.83333344	-0.00014996
-299.80000011	-0.00012167
-299.76666678	-0.00020260
-299.73333344	-0.00042239
-299.70000011	-0.00019393
-299.66666678	-0.00014786
-299.63333344	-0.00035010
-299.60000011	-0.00040628
-299.56666678	-0.00040762
-299.53333344	-0.00028616
-299.50000011	-0.00045292
-299.46666678	-0.00048347
-299.43333345	0.00001005
-299.40000011	-0.00053628
-299.36666678	-0.00049245
-299.33333345	-0.00024078
-299.30000011	-0.00042760
-299.26666678	-0.00033513
-299.23333345	-0.00040678
-299.20000011	-0.00038489
-299.16666678	-0.00037999
-299.13333345	-0.00039436
-299.10000011	-0.00016374
-299.06666678	-0.00033192
-299.03333345	-0.00049422
-299.00000011	-0.00001937
-298.96666678	-0.00004240
-298.93333345	-0.00004104
-298.90000011	-0.00031429
-298.86666678	-0.00006151
-298.83333345	-0.00020653
-298.80000011	0.00005540
-298.76666678	0.00031587
-298.73333345	0.00022828
-298.70000012	0.00038451
-298.66666678	0.00020774
-298.63333345	0.00015655
-298.60000012	0.00019666
-298.56666678	0.00053596
-298.53333345	0.00077991
-298.50000012	0.00065062
-298.46666678	0.00084163
-298.43333345	0.00105687
-298.40000012	0.00112484
-298.36666678	0.00109267
-298.33333345	0.00134858
-298.30000012	0.00149861
-298.26666678	0.00155154
-298.23333345	0.00134631
-298.20000012	0.00170334
-298.16666678	0.00188233
-298.13333345	0.00214763
-298.10000012	0.00194494
-298.06666678	0.00212752
-298.03333345	0.00227143
-298.00000012	0.00198426
-297.96666678	0.00248176
-297.93333345	0.00273706
-297.90000012	0.00280876
-297.86666679	0.00273032
-297.83333345	0.00285791
-297.80000012	0.00338710
-297.76666679	0.00328036
-297.73333345	0.00331383
-297.70000012	0.00365439
-297.66666679	0.00351796
-297.63333345	0.00360543
-297.60000012	0.00361562
-297.56666679	0.00359547
-297.53333345	0.00357363
-297.50000012	0.00385419
-297.46666679	0.00399374
-297.43333345	0.00397458
-297.40000012	0.00397314
-297.36666679	0.00401870
-297.33333345	0.00431907
-297.30000012	0.00404416
-297.26666679	0.00430701
-297.23333345	0.00440235
-297.20000012	0.00449563
-297.16666679	0.00428968
-297.13333346	0.00450215
-297.10000012	0.00433417
-297.06666679	0.00433184
-297.03333346	0.00479128
-297.00000012	0.00455810
-296.96666679	0.00452620
-296.93333346	0.00463784
-296.90000012	0.00454798
-296.86666679	0.00445491
-296.83333346	0.00468670
-296.80000012	0.00466818
-296.76666679	0.00461190
-296.73333346	0.00467455
-296.70000012	0.00483931
-296.66666679	0.00490125
-296.63333346	0.00484345
-296.60000012	0.00502021
-296.56666679	0.00506848
-296.53333346	0.00484146
-296.50000012	0.00523090
-296.46666679	0.00507223
-296.43333346	0.00504977
-296.40000012	0.00484756
-296.36666679	0.00507597
-296.33333346	0.00498913
-296.30000013	0.00493449
-296.26666679	0.00507280
-296.23333346	0.00499887
-296.20000013	0.00504887
-296.16666679	0.00486672
-296.13333346	0.00478696
-296.10000013	0.00500182
-296.06666679	0.00480730
-296.03333346	0.00459563
-296.00000013	0.00454726
-295.96666679	0.00467365
-295.93333346	0.00424815
-295.90000013	0.00422846
-295.86666679	0.00417397
-295.83333346	0.00384099
-295.80000013	0.00389577
-295.76666679	0.00401780
-295.73333346	0.00372358
-295.70000013	0.00385984
-295.66666679	0.00365730
-295.63333346	0.00353303
-295.60000013	0.00344013
-295.56666680	0.00340397
-295.53333346	0.00335287
-295.50000013	0.00306304
-295.46666680	0.00273374
-295.43333346	0.00257650
-295.40000013	0.00244330
-295.36666680	0.00259331
-295.33333346	0.00233794
-295.30000013	0.00220347
-295.26666680	0.00180770
-295.23333346	0.00166002
-295.20000013	0.00161249
-295.16666680	0.00144162
-295.13333346	0.00130145
-295.10000013	0.00069491
-295.06666680	0.00065146
-295.03333346	0.00060018
-295.00000013	-0.00006058
-294.96666680	-0.00001568
-294.93333346	-0.00029173
-294.90000013	-0.00054658
-294.86666680	-0.00058506
-294.83333346	-0.00098169
-294.80000013	-0.00101266
-294.76666680	-0.00119137
-294.73333347	-0.00142627
-294.70000013	-0.00141494
-294.66666680	-0.00169072
-294.63333347	-0.00221734
-294.60000013	-0.00238978
-294.56666680	-0.00236171
-294.53333347	-0.00274060
-294.50000013	-0.00237637
-294.46666680	-0.00271271
-294.43333347	-0.00300359
-294.40000013	-0.00291336
-294.36666680	-0.00289876
-294.33333347	-0.00310445
-294.30000013	-0.00288349
-294.26666680	-0.00297124
-294.23333347	-0.00297478
-294.20000013	-0.00284406
-294.16666680	-0.00312539
-294.13333347	-0.00330673
-294.10000013	-0.00309583
-294.06666680	-0.00309528
-294.03333347	-0.00294328
-294.00000014	-0.00274271
-293.96666680	-0.00269922
-293.93333347	-0.00234330
-293.90000014	-0.00266372
-293.86666680	-0.00234293
-293.83333347	-0.00209473
-293.80000014	-0.00210918
-293.76666680	-0.00168644
-293.73333347	-0.00182954
-293.70000014	-0.00192821
-293.66666680	-0.00161052
-293.63333347	-0.00144532
-293.60000014	-0.00131113
-293.56666680	-0.00101041
-293.53333347	-0.00078619
-293.50000014	-0.00098930
-293.46666680	-0.00066785
-293.43333347	-0.00038695
-293.40000014	-0.00009991
-293.36666680	-0.00011144
-293.33333347	0.00007924
-293.30000014	0.00031385
-293.26666680	0.00015053
-293.23333347	0.00048259
-293.20000014	0.00062739
-293.16666681	0.00105294
-293.13333347	0.00138314
-293.10000014	0.00143832
-293.06666681	0.00172065
-293.03333347	0.00214767
-293.00000014	0.00215835
-292.96666681	0.00237451
-292.93333347	0.00233296
-292.90000014	0.00291382
-292.86666681	0.00299788
-292.83333347	0.00311317
-292.80000014	0.00318528
-292.76666681	0.00343797
-292.73333347	0.00346403
-292.70000014	0.00375054
-292.66666681	0.00358486
-292.63333347	0.00391836
-292.60000014	0.00404532
-292.56666681	0.00417347
-292.53333347	0.00412995
-292.50000014	0.00415905
-292.46666681	0.00442943
-292.43333348	0.00435045
-292.40000014	0.00459844
-292.36666681	0.00442282
-292.33333348	0.00450047
-292.30000014	0.00435984
-292.26666681	0.00456881
-292.23333348	0.00454490
-292.20000014	0.00451068
-292.16666681	0.00470597
-292.13333348	0.00481454
-292.10000014	0.00477549
-292.06666681	0.00461800
-292.03333348	0.00462787
-292.00000014	0.00466704
-291.96666681	0.00444206
-291.93333348	0.00449869
-291.90000014	0.00456510
-291.86666681	0.00442476
-291.83333348	0.00434069
-291.80000014	0.00431020
-291.76666681	0.00410060
-291.73333348	0.00426603
-291.70000014	0.00417277
-291.66666681	0.00424805
-291.63333348	0.00406265
-291.60000015	0.00393116
-291.56666681	0.00355555
-291.53333348	0.00356826
-291.50000015	0.00344326
-291.46666681	0.00350095
-291.43333348	0.00328102
-291.40000015	0.00327795
-291.36666681	0.00339825
-291.33333348	0.00301738
-291.30000015	0.00272555
-291.26666681	0.00277812
-291.23333348	0.00249433
-291.20000015	0.00262918
-291.16666681	0.00235823
-291.13333348	0.00238329
-291.10000015	0.00233353
-291.06666681	0.00177710
-291.03333348	0.00195080
-291.00000015	0.00166599
-290.96666681	0.00183118
-290.93333348	0.00165122
-290.90000015	0.00140397
-290.86666682	0.00134374
-290.83333348	0.00141459
-290.80000015	0.00120322
-290.76666682	0.00116300
-290.73333348	0.00120078
-290.70000015	0.00128264
-290.66666682	0.00111480
-290.63333348	0.00118380
-290.60000015	0.00112538
-290.56666682	0.00109052
-290.53333348	0.00086160
-290.50000015	0.00104500
-290.46666682	0.00090130
-290.43333348	0.00087524
-290.40000015	0.00064300
-290.36666682	0.00066356
-290.33333348	0.00036153
-290.30000015	0.00052000
-290.26666682	0.00033765
-290.23333348	0.00074360
-290.20000015	0.00057687
-290.16666682	0.00031288
-290.13333348	0.00022919
-290.10000015	-0.00003518
-290.06666682	0.00004196
-290.03333349	0.00022111
-290.00000015	0.00010360
-289.96666682	0.00005058
-289.93333349	-0.00000048
-289.90000015	-0.00023221
-289.86666682	0.00019702
-289.83333349	-0.00011738
-289.80000015	-0.00002485
-289.76666682	-0.00004108
-289.73333349	-0.00002828
-289.70000015	0.00011241
-289.66666682	0.00010845
-289.63333349	-0.00022926
-289.60000015	0.00023597
-289.56666682	-0.00011177
-289.53333349	-0.00035181
-289.50000015	-0.00022837
-289.46666682	-0.00001057
-289.43333349	0.00003328
-289.40000015	0.00027062
-289.36666682	0.00001351
-289.33333349	0.00013247
-289.30000016	0.00020097
-289.26666682	0.00034395
-289.23333349	0.00032353
-289.20000016	0.00043802
-289.16666682	0.00043302
-289.13333349	0.00040259
-289.10000016	0.00045643
-289.06666682	0.00065830
-289.03333349	0.00053292
-289.00000016	0.00071400
-288.96666682	0.00129449
-288.93333349	0.00120783
-288.90000016	0.00134405
-288.86666682	0.00147570
-288.83333349	0.00141970
-288.80000016	0.00185379
-288.76666682	0.00165319
-288.73333349	0.00188473
-288.70000016	0.00187275
-288.66666682	0.00203444
-288.63333349	0.00230659
-288.60000016	0.00251223
-288.56666682	0.00285965
-288.53333349	0.00281942
-288.50000016	0.00310742
-288.46666683	0.00297067
-288.43333349	0.00325075
-288.40000016	0.00331220
-288.36666683	0.00351397
-288.33333349	0.00385341
-288.30000016	0.00371116
-288.26666683	0.00346704
-288.23333349	0.00352079
-288.20000016	0.00301604
-288.16666683	0.00251936
-288.13333349	0.00234677
-288.10000016	0.00184976
-288.06666683	0.00152025
-288.03333349	0.00093755
-288.00000016	0.00041143
-287.96666683	0.00011695
-287.93333349	-0.00044162
-287.90000016	-0.00076625
-287.86666683	-0.00067552
-287.83333349	-0.00095025
-287.80000016	-0.00081995
-287.76666683	-0.00069106
-287.73333350	-0.00027185
-287.70000016	-0.00004617
-287.66666683	0.00026061
-287.63333350	0.00014156
-287.60000016	0.00089745
-287.56666683	0.00120378
-287.53333350	0.00175816
-287.50000016	0.00217056
-287.46666683	0.00233800
-287.43333350	0.00301569
-287.40000016	0.00325658
-287.36666683	0.00364045
-287.33333350	0.00407070
-287.30000016	0.00438303
-287.26666683	0.00483268
-287.23333350	0.00509408
-287.20000016	0.00523655
-287.16666683	0.00546205
-287.13333350	0.00565575
-287.10000016	0.00559136
-287.06666683	0.00574797
-287.03333350	0.00613292
-287.00000016	0.00589936
-286.96666683	0.00596089
-286.93333350	0.00580987
-286.90000017	0.00581861
-286.86666683	0.00554485
-286.83333350	0.00533819
-286.80000017	0.00467964
-286.76666683	0.00459608
-286.73333350	0.00392753
-286.70000017	0.00327628
-286.66666683	0.00285729
-286.63333350	0.00220376
-286.60000017	0.00139469
-286.56666683	0.00097997
-286.53333350	0.00017698
-286.50000017	-0.00025712
-286.46666683	-0.00061125
-286.43333350	-0.00087800
-286.40000017	-0.00093282
-286.36666683	-0.00114019
-286.33333350	-0.00072321
-286.30000017	-0.00037214
-286.26666683	-0.00000465
-286.23333350	0.00051398
-286.20000017	0.00093581
-286.16666684	0.00130720
-286.13333350	0.00216828
-286.10000017	0.00265355
-286.06666684	0.00338183
-286.03333350	0.00394912
-286.00000017	0.00427045
-285.96666684	0.00479153
-285.93333350	0.00514668
-285.90000017	0.00555555
-285.86666684	0.00586859
-285.83333350	0.00617826
-285.80000017	0.00653406
-285.76666684	0.00689085
-285.73333350	0.00677512
-285.70000017	0.00679306
-285.66666684	0.00752025
-285.63333350	0.00745745
-285.60000017	0.00764423
-285.56666684	0.00754740
-285.53333350	0.00773193
-285.50000017	0.00773073
-285.46666684	0.00779590
-285.43333350	0.00766289
-285.40000017	0.00757901
-285.36666684	0.00786223
-285.33333351	0.00777918
-285.30000017	0.00734066
-285.26666684	0.00784404
-285.23333351	0.00780191
-285.20000017	0.00767073
-285.16666684	0.00774506
-285.13333351	0.00759767
-285.10000017	0.00746688
-285.06666684	0.00746003
-285.03333351	0.00759593
-285.00000017	0.00723857
-284.96666684	0.00719381
-284.93333351	0.00729372
-284.90000017	0.00728351
-284.86666684	0.00755181
-284.83333351	0.00753586
-284.80000017	0.00742729
-284.76666684	0.00763827
-284.73333351	0.00750653
-284.70000017	0.00750844
-284.66666684	0.00750333
-284.63333351	0.00748223
-284.60000018	0.00788798
-284.56666684	0.00785918
-284.53333351	0.00788611
-284.50000018	0.00822734
-284.46666684	0.00804329
-284.43333351	0.00823810
-284.40000018	0.00828951
-284.36666684	0.00844099
-284.33333351	0.00870288
-284.30000018	0.00840190
-284.26666684	0.00851306
-284.23333351	0.00849046
-284.20000018	0.00839451
-284.16666684	0.00863440
-284.13333351	0.00860060
-284.10000018	0.00863902
-284.06666684	0.00834796
-284.03333351	0.00847004
-284.00000018	0.00851871
-283.96666684	0.00831491
-283.93333351	0.00858945
-283.90000018	0.00857446
-283.86666684	0.00854129
-283.83333351	0.00884535
-283.80000018	0.00864889
-283.76666685	0.00886855
-283.73333351	0.00867606
-283.70000018	0.00874010
-283.66666685	0.00841789
-283.63333351	0.00829246
-283.60000018	0.00798230
-283.56666685	0.00751441
-283.53333351	0.00707145
-283.50000018	0.00665051
-283.46666685	0.00608065
-283.43333351	0.00611448
-283.40000018	0.00560840
-283.36666685	0.00552953
-283.33333351	0.00578984
-283.30000018	0.00587492
-283.26666685	0.00647510
-283.23333351	0.00732013
-283.20000018	0.00788305
-283.16666685	0.00937607
-283.13333351	0.01032630
-283.10000018	0.01148431
-283.06666685	0.01236578
-283.03333352	0.01384507
-283.00000018	0.01520361
-282.96666685	0.01649204
-282.93333352	0.01751612
-282.90000018	0.01846130
-282.86666685	0.01947226
-282.83333352	0.02050832
-282.80000018	0.02142886
-282.76666685	0.02259734
-282.73333352	0.02351464
-282.70000018	0.02479444
-282.66666685	0.02607535
-282.63333352	0.02663236
-282.60000018	0.02832822
-282.56666685	0.02932141
-282.53333352	0.03072640
-282.50000018	0.03201245
-282.46666685	0.03362714
-282.43333352	0.03521042
-282.40000018	0.03697561
-282.36666685	0.03852793
-282.33333352	0.04028541
-282.30000018	0.04234887
-282.26666685	0.04416407
-282.23333352	0.04619170
-282.20000019	0.04848365
-282.16666685	0.05063247
-282.13333352	0.05303455
-282.10000019	0.05565206
-282.06666685	0.05831729
-282.03333352	0.06127990
-282.00000019	0.06416728
-281.96666685	0.06736294
-281.93333352	0.07079802
-281.90000019	0.07455924
-281.86666685	0.07855927
-281.83333352	0.08245013
-281.80000019	0.08701622
-281.76666685	0.09164536
-281.73333352	0.09622521
-281.70000019	0.10144834
-281.66666685	0.10700412
-281.63333352	0.11254578
-281.60000019	0.11863046
-281.56666685	0.12465376
-281.53333352	0.13107990
-281.50000019	0.13781728
-281.46666686	0.14488402
-281.43333352	0.15254066
-281.40000019	0.16015367
-281.36666686	0.16837983
-281.33333352	0.17700391
-281.30000019	0.18576511
-281.26666686	0.19493731
-281.23333352	0.20467410
-281.20000019	0.21431586
-281.16666686	0.22460461
-281.13333352	0.23482555
-281.10000019	0.24507286
-281.06666686	0.25512016
-281.03333352	0.26463654
-281.00000019	0.27330818
-280.96666686	0.28180646
-280.93333352	0.28865366
-280.90000019	0.29352407
-280.86666686	0.29612493
-280.83333352	0.29553549
-280.80000019	0.29141573
-280.76666686	0.28192490
-280.73333352	0.26649733
-280.70000019	0.24283441
-280.66666686	0.20908789
-280.63333353	0.16211248
-280.60000019	0.09921896
-280.56666686	0.01791264
-280.53333353	-0.08573008
-280.50000019	-0.21406629
-280.46666686	-0.36957335
-280.43333353	-0.55199285
-280.40000019	-0.76048975
-280.36666686	-0.99026110
-280.33333353	-1.23449798
-280.30000019	-1.48384992
-280.26666686	-1.72537950
-280.23333353	-1.94637395
-280.20000019	-2.13246849
-280.16666686	-2.27189529
-280.13333353	-2.35425916
-280.10000019	-2.37399793
-280.06666686	-2.32882787
-280.03333353	-2.22064160
-280.00000019	-2.05654903
-279.96666686	-1.84537385
-279.93333353	-1.59851905
-279.90000020	-1.32902109
-279.86666686	-1.04812648
-279.83333353	-0.76822916
-279.80000020	-0.49971012
-279.76666686	-0.25056277
-279.73333353	-0.02731060
-279.70000020	0.16851326
-279.66666686	0.33644980
-279.63333353	0.47861092
-279.60000020	0.59837681
-279.56666686	0.69933175
-279.53333353	0.78403872
-279.50000020	0.85342678
-279.46666686	0.90956602
-279.43333353	0.95244797
-279.40000020	0.98346431
-279.36666686	1.00379322
-279.33333353	1.01581384
-279.30000020	1.02162901
-279.26666686	1.02179226
-279.23333353	1.01747311
-279.20000020	1.00769958
-279.16666686	0.99201340
-279.13333353	0.97021281
-279.10000020	0.94244145
-279.06666687	0.90893460
-279.03333353	0.87043894
-279.00000020	0.82799084
-278.96666687	0.78062543
-278.93333353	0.72995977
-278.90000020	0.67553694
-278.86666687	0.61863134
-278.83333353	0.56059516
-278.80000020	0.50313249
-278.76666687	0.44932588
-278.73333353	0.40004848
-278.70000020	0.35865833
-278.66666687	0.32587183
-278.63333353	0.30157154
-278.60000020	0.28577459
-278.56666687	0.27676230
-278.53333353	0.27288898
-278.50000020	0.27250618
-278.46666687	0.27337510
-278.43333353	0.27315448
-278.40000020	0.27031052
-278.36666687	0.26325205
-278.33333354	0.25044107
-278.30000020	0.23135931
-278.26666687	0.20554667
-278.23333354	0.17390957
-278.20000020	0.13880118
-278.16666687	0.10254929
-278.13333354	0.06818597
-278.10000020	0.03827848
-278.06666687	0.01387805
-278.03333354	-0.00326575
-278.00000020	-0.01396059
-277.96666687	-0.01822660
-277.93333354	-0.01787986
-277.90000020	-0.01344712
-277.86666687	-0.00634323
-277.83333354	0.00244867
-277.80000020	0.01126686
-277.76666687	0.02018861
-277.73333354	0.02729523
-277.70000020	0.03267232
-277.66666687	0.03518929
-277.63333354	0.03509900
-277.60000020	0.03289135
-277.56666687	0.02958945
-277.53333354	0.02529914
-277.50000021	0.02094513
-277.46666687	0.01659228
-277.43333354	0.01229362
-277.40000021	0.00785861
-277.36666687	0.00286177
-277.33333354	-0.00275863
-277.30000021	-0.00899056
-277.26666687	-0.01611080
-277.23333354	-0.02361858
-277.20000021	-0.03200687
-277.16666687	-0.04106620
-277.13333354	-0.05094161
-277.10000021	-0.06155551
-277.06666687	-0.07232341
-277.03333354	-0.08232295
-277.00000021	-0.09051851
-276.96666687	-0.09580586
-276.93333354	-0.09766825
-276.90000021	-0.09568876
-276.86666687	-0.08957071
-276.83333354	-0.07965716
-276.80000021	-0.06559516
-276.76666688	-0.04875420
-276.73333354	-0.02970499
-276.70000021	-0.00939526
-276.66666688	0.01082205
-276.63333354	0.02910932
-276.60000021	0.04355235
-276.56666688	0.05286881
-276.53333354	0.05607863
-276.50000021	0.05305100
-276.46666688	0.04368995
-276.43333354	0.02925160
-276.40000021	0.01074262
-276.36666688	-0.00968372
-276.33333354	-0.03027629
-276.30000021	-0.04904568
-276.26666688	-0.06494153
-276.23333354	-0.07614065
-276.20000021	-0.08272792
-276.16666688	-0.08310824
-276.13333354	-0.07798461
-276.10000021	-0.06824236
-276.06666688	-0.05509016
-276.03333354	-0.04092099
-276.00000021	-0.02753161
-275.96666688	-0.01679706
-275.93333355	-0.01028656
-275.90000021	-0.00847101
-275.86666688	-0.01123398
-275.83333355	-0.01796778
-275.80000021	-0.02767366
-275.76666688	-0.03917820
-275.73333355	-0.05198925
-275.70000021	-0.06475228
-275.66666688	-0.07640638
-275.63333355	-0.08603005
-275.60000021	-0.09337153
-275.56666688	-0.09799676
-275.53333355	-0.10006281
-275.50000021	-0.09992336
-275.46666688	-0.09814232
-275.43333355	-0.09477121
-275.40000021	-0.09013636
-275.36666688	-0.08454818
-275.33333355	-0.07834076
-275.30000021	-0.07140872
-275.26666688	-0.06480530
-275.23333355	-0.05841101
-275.20000022	-0.05215729
-275.16666688	-0.04750503
-275.13333355	-0.04274481
-275.10000022	-0.03862102
-275.06666688	-0.03416447
-275.03333355	-0.02911006
-275.00000022	-0.02262041
-274.96666688	-0.01497503
-274.93333355	-0.00578944
-274.90000022	0.00354838
-274.86666688	0.01230450
-274.83333355	0.01980493
-274.80000022	0.02519696
-274.76666688	0.02781154
-274.73333355	0.02837626
-274.70000022	0.02675218
-274.66666688	0.02292776
-274.63333355	0.01780588
-274.60000022	0.01100222
-274.56666688	0.00291639
-274.53333355	-0.00594894
-274.50000022	-0.01451939
-274.46666688	-0.02205234
-274.43333355	-0.02801478
-274.40000022	-0.03199609
-274.36666689	-0.03467816
-274.33333355	-0.03707410
-274.30000022	-0.03882905
-274.26666689	-0.04089031
-274.23333355	-0.04313724
-274.20000022	-0.04611136
-274.16666689	-0.04924987
-274.13333355	-0.05251124
-274.10000022	-0.05547481
-274.06666689	-0.05778814
-274.03333355	-0.05962195
-274.00000022	-0.05975289
-273.96666689	-0.05835212
-273.93333355	-0.05531026
-273.90000022	-0.05028094
-273.86666689	-0.04457560
-273.83333355	-0.03833105
-273.80000022	-0.03189978
-273.76666689	-0.02614626
-273.73333355	-0.02117455
-273.70000022	-0.01709308
-273.66666689	-0.01377048
-273.63333356	-0.01177203
-273.60000022	-0.01173999
-273.56666689	-0.01342120
-273.53333356	-0.01580563
-273.50000022	-0.01958017
-273.46666689	-0.02245399
-273.43333356	-0.02402283
-273.40000022	-0.02388414
-273.36666689	-0.02168191
-273.33333356	-0.01865429
-273.30000022	-0.01487488
-273.26666689	-0.01120777
-273.23333356	-0.00792455
-273.20000022	-0.00464684
-273.16666689	-0.00061866
-273.13333356	0.00356324
-273.10000022	0.00807241
-273.06666689	0.01207322
-273.03333356	0.01498960
-273.00000022	0.01557067
-272.96666689	0.01456492
-272.93333356	0.01118338
-272.90000022	0.00602427
-272.86666689	-0.00003622
-272.83333356	-0.00714638
-272.80000023	-0.01477023
-272.76666689	-0.02311630
-272.73333356	-0.03110545
-272.70000023	-0.03873312
-272.66666689	-0.04513807
-272.63333356	-0.04995448
-272.60000023	-0.05285975
-272.56666689	-0.05351842
-272.53333356	-0.05258697
-272.50000023	-0.05015063
-272.46666689	-0.04615687
-272.43333356	-0.04147585
-272.40000023	-0.03635624
-272.36666689	-0.03115351
-272.33333356	-0.02645937
-272.30000023	-0.02200421
-272.26666689	-0.01869903
-272.23333356	-0.01644648
-272.20000023	-0.01487295
-272.16666689	-0.01403140
-272.13333356	-0.01287684
-272.10000023	-0.01135603
-272.06666690	-0.00923995
-272.03333356	-0.00641009
-272.00000023	-0.00214066
-271.96666690	0.00267585
-271.93333356	0.00804890
-271.90000023	0.01377922
-271.86666690	0.01972617
-271.83333356	0.02524535
-271.80000023	0.02992812
-271.76666690	0.03324489
-271.73333356	0.03443035
-271.70000023	0.03322563
-271.66666690	0.03009566
-271.63333356	0.02511117
-271.60000023	0.01863830
-271.56666690	0.01229492
-271.53333356	0.00630307
-271.50000023	0.00100090
-271.46666690	-0.00289095
-271.43333356	-0.00533033
-271.40000023	-0.00624783
-271.36666690	-0.00505665
-271.33333356	-0.00219045
-271.30000023	0.00265971
-271.26666690	0.00866738
-271.23333357	0.01555033
-271.20000023	0.02287226
-271.16666690	0.03008127
-271.13333357	0.03787293
-271.10000023	0.04476157
-271.06666690	0.05108167
-271.03333357	0.05647833
-271.00000023	0.06067898
-270.96666690	0.06271069
-270.93333357	0.06200590
-270.90000023	0.05910545
-270.86666690	0.05307055
-270.83333357	0.04491904
-270.80000023	0.03498682
-270.76666690	0.02423440
-270.73333357	0.01246490
-270.70000023	0.00132920
-270.66666690	-0.00967532
-270.63333357	-0.01923419
-270.60000023	-0.02753761
-270.56666690	-0.03386970
-270.53333357	-0.03799054
-270.50000024	-0.03990949
-270.46666690	-0.04010522
-270.43333357	-0.03863637
-270.40000024	-0.03625637
-270.36666690	-0.03330386
-270.33333357	-0.02997982
-270.30000024	-0.02674784
-270.26666690	-0.02341286
-270.23333357	-0.01922592
-270.20000024	-0.01483705
-270.16666690	-0.01006750
-270.13333357	-0.00507770
-270.10000024	-0.00049309
-270.06666690	0.00412373
-270.03333357	0.00735436
-270.00000024	0.00949383
-269.96666690	0.01056769
-269.93333357	0.01062128
-269.90000024	0.01012871
-269.86666690	0.00966327
-269.83333357	0.00917113
-269.80000024	0.00908015
-269.76666691	0.00937912
-269.73333357	0.01010307
-269.70000024	0.01146414
-269.66666691	0.01428775
-269.63333357	0.01744604
-269.60000024	0.02125899
-269.56666691	0.02553620
-269.53333357	0.03010253
-269.50000024	0.03414072
-269.46666691	0.03773012
-269.43333357	0.04028833
-269.40000024	0.04233019
-269.36666691	0.04305680
-269.33333357	0.04345247
-269.30000024	0.04338154
-269.26666691	0.04293535
-269.23333357	0.04202186
-269.20000024	0.04126941
-269.16666691	0.03971408
-269.13333357	0.03741151
-269.10000024	0.03436113
-269.06666691	0.03070590
-269.03333357	0.02636176
-269.00000024	0.02169345
-268.96666691	0.01669042
-268.93333358	0.01218959
-268.90000024	0.00730839
-268.86666691	0.00326802
-268.83333358	-0.00096324
-268.80000024	-0.00528410
-268.76666691	-0.01079697
-268.73333358	-0.01646432
-268.70000024	-0.02300866
-268.66666691	-0.02969315
-268.63333358	-0.03628781
-268.60000024	-0.04173640
-268.56666691	-0.04600051
-268.53333358	-0.04881907
-268.50000024	-0.04993200
-268.46666691	-0.04883247
-268.43333358	-0.04643211
-268.40000024	-0.04174065
-268.36666691	-0.03497012
-268.33333358	-0.02596878
-268.30000024	-0.01540781
-268.26666691	-0.00409255
-268.23333358	0.00773853
-268.20000025	0.01906553
-268.16666691	0.02881446
-268.13333358	0.03675098
-268.10000025	0.04234412
-268.06666691	0.04449734
-268.03333358	0.04373548
-268.00000025	0.03972398
-267.96666691	0.03336276
-267.93333358	0.02456454
-267.90000025	0.01427816
-267.86666691	0.00313729
-267.83333358	-0.00736941
-267.80000025	-0.01715750
-267.76666691	-0.02505861
-267.73333358	-0.02985864
-267.70000025	-0.03151863
-267.66666691	-0.02981000
-267.63333358	-0.02532871
-267.60000025	-0.01771510
-267.56666691	-0.00840479
-267.53333358	0.00188045
-267.50000025	0.01255308
-267.46666691	0.02268165
-267.43333358	0.03181701
-267.40000025	0.03920042
-267.36666692	0.04385801
-267.33333358	0.04590426
-267.30000025	0.04450117
-267.26666692	0.04075674
-267.23333358	0.03422044
-267.20000025	0.02627414
-267.16666692	0.01691379
-267.13333358	0.00776810
-267.10000025	-0.00094907
-267.06666692	-0.00856439
-267.03333358	-0.01485544
-267.00000025	-0.01993777
-266.96666692	-0.02346384
-266.93333358	-0.02471666
-266.90000025	-0.02453220
-266.86666692	-0.02348753
-266.83333358	-0.02124166
-266.80000025	-0.01952354
-266.76666692	-0.01756204
-266.73333358	-0.01695872
-266.70000025	-0.01692479
-266.66666692	-0.01736881
-266.63333359	-0.01782979
-266.60000025	-0.01684058
-266.56666692	-0.01549055
-266.53333359	-0.01288019
-266.50000025	-0.00873656
-266.46666692	-0.00383972
-266.43333359	0.00165455
-266.40000025	0.00700692
-266.36666692	0.01157135
-266.33333359	0.01527709
-266.30000025	0.01706798
-266.26666692	0.01661594
-266.23333359	0.01391174
-266.20000025	0.00966310
-266.16666692	0.00303711
-266.13333359	-0.00441494
-266.10000025	-0.01242308
-266.06666692	-0.01994855
-266.03333359	-0.02644965
-266.00000025	-0.03123292
-265.96666692	-0.03277551
-265.93333359	-0.03140982
-265.90000025	-0.02641258
-265.86666692	-0.01838703
-265.83333359	-0.00795194
-265.80000026	0.00463482
-265.76666692	0.01810683
-265.73333359	0.03099256
-265.70000026	0.04288690
-265.66666692	0.05164182
-265.63333359	0.05718461
-265.60000026	0.05906111
-265.56666692	0.05756747
-265.53333359	0.05271823
-265.50000026	0.04533625
-265.46666692	0.03586215
-265.43333359	0.02528476
-265.40000026	0.01482233
-265.36666692	0.00501670
-265.33333359	-0.00418406
-265.30000026	-0.01109606
-265.26666692	-0.01670702
-265.23333359	-0.02083523
-265.20000026	-0.02468836
-265.16666692	-0.02777888
-265.13333359	-0.03153245
-265.10000026	-0.03620118
-265.06666693	-0.04136923
-265.03333359	-0.04704292
-265.00000026	-0.05203566
-264.96666693	-0.05621410
-264.93333359	-0.05870098
-264.90000026	-0.05905365
-264.86666693	-0.05673750
-264.83333359	-0.05149511
-264.80000026	-0.04370560
-264.76666693	-0.03311776
-264.73333359	-0.02042957
-264.70000026	-0.00664141
-264.66666693	0.00690713
-264.63333359	0.01918679
-264.60000026	0.02881147
-264.56666693	0.03520645
-264.53333359	0.03780297
-264.50000026	0.03656189
-264.46666693	0.03131559
-264.43333359	0.02339824
-264.40000026	0.01262378
-264.36666693	0.00066177
-264.33333359	-0.01172667
-264.30000026	-0.02377483
-264.26666693	-0.03321837
-264.23333360	-0.03992035
-264.20000026	-0.04261092
-264.16666693	-0.04054082
-264.13333360	-0.03359499
-264.10000026	-0.02236262
-264.06666693	-0.00704496
-264.03333360	0.00989169
-264.00000026	0.02737754
-263.96666693	0.04409324
-263.93333360	0.05779056
-263.90000026	0.06795792
-263.86666693	0.07354144
-263.83333360	0.07410035
-263.80000026	0.07013320
-263.76666693	0.06151520
-263.73333360	0.04962473
-263.70000026	0.03482249
-263.66666693	0.01885120
-263.63333360	0.00302920
-263.60000026	-0.01180104
-263.56666693	-0.02492105
-263.53333360	-0.03566391
-263.50000027	-0.04463707
-263.46666693	-0.05156106
-263.43333360	-0.05601340
-263.40000027	-0.05915353
-263.36666693	-0.06098615
-263.33333360	-0.06116865
-263.30000027	-0.05979548
-263.26666693	-0.05712510
-263.23333360	-0.05309562
-263.20000027	-0.04791102
-263.16666693	-0.04114957
-263.13333360	-0.03382571
-263.10000027	-0.02586148
-263.06666693	-0.01768603
-263.03333360	-0.00940460
-263.00000027	-0.00209354
-262.96666693	0.00414049
-262.93333360	0.00881477
-262.90000027	0.01190124
-262.86666693	0.01321358
-262.83333360	0.01348389
-262.80000027	0.01221926
-262.76666693	0.01027398
-262.73333360	0.00750978
-262.70000027	0.00439871
-262.66666694	0.00066199
-262.63333360	-0.00372385
-262.60000027	-0.00902118
-262.56666694	-0.01455985
-262.53333360	-0.02028722
-262.50000027	-0.02551079
-262.46666694	-0.02972202
-262.43333360	-0.03221810
-262.40000027	-0.03283799
-262.36666694	-0.03167562
-262.33333360	-0.02752978
-262.30000027	-0.02194813
-262.26666694	-0.01418483
-262.23333360	-0.00459275
-262.20000027	0.00573887
-262.16666694	0.01625983
-262.13333360	0.02625693
-262.10000027	0.03496039
-262.06666694	0.04145462
-262.03333360	0.04527886
-262.00000027	0.04607907
-261.96666694	0.04383040
-261.93333361	0.03890476
-261.90000027	0.03220919
-261.86666694	0.02451511
-261.83333361	0.01636144
-261.80000027	0.00845582
-261.76666694	0.00124956
-261.73333361	-0.00452006
-261.70000027	-0.00920050
-261.66666694	-0.01182513
-261.63333361	-0.01343991
-261.60000027	-0.01378630
-261.56666694	-0.01358527
-261.53333361	-0.01279560
-261.50000027	-0.01170572
-261.46666694	-0.01137924
-261.43333361	-0.01040927
-261.40000027	-0.01039010
-261.36666694	-0.01014447
-261.33333361	-0.01021904
-261.30000027	-0.01004870
-261.26666694	-0.00971925
-261.23333361	-0.00952966
-261.20000027	-0.00849816
-261.16666694	-0.00712914
-261.13333361	-0.00556309
-261.10000028	-0.00398268
-261.06666694	-0.00340354
-261.03333361	-0.00393543
-261.00000028	-0.00617236
-260.96666694	-0.01046304
-260.93333361	-0.01702968
-260.90000028	-0.02580345
-260.86666694	-0.03603077
-260.83333361	-0.04754237
-260.80000028	-0.05917018
-260.76666694	-0.07061057
-260.73333361	-0.08043936
-260.70000028	-0.08893690
-260.66666694	-0.09424626
-260.63333361	-0.09575922
-260.60000028	-0.09312442
-260.56666694	-0.08582840
-260.53333361	-0.07398183
-260.50000028	-0.05870378
-260.46666694	-0.04018768
-260.43333361	-0.02120086
-260.40000028	-0.00235250
-260.36666695	0.01458708
-260.33333361	0.02868997
-260.30000028	0.03874723
-260.26666695	0.04487984
-260.23333361	0.04697350
-260.20000028	0.04526061
-260.16666695	0.04081046
-260.13333361	0.03411684
-260.10000028	0.02611005
-260.06666695	0.01748398
-260.03333361	0.01044918
-260.00000028	0.00415812
-259.96666695	0.00019321
-259.93333361	-0.00146809
-259.90000028	-0.00158368
-259.86666695	0.00037730
-259.83333361	0.00314872
-259.80000028	0.00544046
-259.76666695	0.00697191
-259.73333361	0.00825811
-259.70000028	0.00826351
-259.66666695	0.00811183
-259.63333361	0.00776533
-259.60000028	0.00700807
-259.56666695	0.00604724
-259.53333362	0.00502631
-259.50000028	0.00415650
-259.46666695	0.00293352
-259.43333362	0.00217768
-259.40000028	0.00212774
-259.36666695	0.00206648
-259.33333362	0.00200770
-259.30000028	0.00207259
-259.26666695	0.00187985
-259.23333362	0.00178576
-259.20000028	0.00145296
-259.16666695	0.00129931
-259.13333362	0.00133257
-259.10000028	0.00193980
-259.06666695	0.00309943
-259.03333362	0.00490817
-259.00000028	0.00717955
-258.96666695	0.00995614
-258.93333362	0.01324330
-258.90000028	0.01599759
-258.86666695	0.01889744
-258.83333362	0.02113940
-258.80000029	0.02325270
-258.76666695	0.02485335
-258.73333362	0.02591967
-258.70000029	0.02618493
-258.66666695	0.02573219
-258.63333362	0.02419891
-258.60000029	0.02177263
-258.56666695	0.01864558
-258.53333362	0.01488869
-258.50000029	0.01122325
-258.46666695	0.00707863
-258.43333362	0.00265702
-258.40000029	-0.00121710
-258.36666695	-0.00491165
-258.33333362	-0.00773013
-258.30000029	-0.01007431
-258.26666695	-0.01210217
-258.23333362	-0.01324537
-258.20000029	-0.01381923
-258.16666695	-0.01505621
-258.13333362	-0.01548335
-258.10000029	-0.01582831
-258.06666695	-0.01631787
-258.03333362	-0.01729675
-258.00000029	-0.01838360
-257.96666696	-0.01968125
-257.93333362	-0.02111515
-257.90000029	-0.02268072
-257.86666696	-0.02418500
-257.83333362	-0.02548622
-257.80000029	-0.02551195
-257.76666696	-0.02445782
-257.73333362	-0.02254322
-257.70000029	-0.01965712
-257.66666696	-0.01604722
-257.63333362	-0.01237932
-257.60000029	-0.00858099
-257.56666696	-0.00600493
-257.53333362	-0.00382921
-257.50000029	-0.00199899
-257.46666696	-0.00128684
-257.43333362	-0.00089227
-257.40000029	-0.00098005
-257.36666696	-0.00160787
-257.33333362	-0.00273955
-257.30000029	-0.00415116
-257.26666696	-0.00534887
-257.23333363	-0.00627590
-257.20000029	-0.00628997
-257.16666696	-0.00533980
-257.13333363	-0.00387312
-257.10000029	-0.00136870
-257.06666696	0.00153324
-257.03333363	0.00539166
-257.00000029	0.00922250
-256.96666696	0.01309234
-256.93333363	0.01693713
-256.90000029	0.02036850
-256.86666696	0.02324633
-256.83333363	0.02524541
-256.80000029	0.02594914
-256.76666696	0.02554230
-256.73333363	0.02410040
-256.70000029	0.02122028
-256.66666696	0.01718181
-256.63333363	0.01298602
-256.60000029	0.00784984
-256.56666696	0.00352725
-256.53333363	-0.00017532
-256.50000029	-0.00317746
-256.46666696	-0.00500080
-256.43333363	-0.00520297
-256.40000030	-0.00411641
-256.36666696	-0.00241420
-256.33333363	0.00059992
-256.30000030	0.00349770
-256.26666696	0.00647405
-256.23333363	0.00833053
-256.20000030	0.00952783
-256.16666696	0.00997555
-256.13333363	0.00902682
-256.10000030	0.00736320
-256.06666696	0.00468586
-256.03333363	0.00156090
-256.00000030	-0.00188292
-255.96666696	-0.00526757
-255.93333363	-0.00841124
-255.90000030	-0.01156628
-255.86666696	-0.01406046
-255.83333363	-0.01563173
-255.80000030	-0.01643360
-255.76666696	-0.01635849
-255.73333363	-0.01604159
-255.70000030	-0.01511504
-255.66666697	-0.01393164
-255.63333363	-0.01302144
-255.60000030	-0.01224047
-255.56666697	-0.01161646
-255.53333363	-0.01085150
-255.50000030	-0.00978466
-255.46666697	-0.00848227
-255.43333363	-0.00650801
-255.40000030	-0.00339175
-255.36666697	-0.00001067
-255.33333363	0.00404395
-255.30000030	0.00902919
-255.26666697	0.01334682
-255.23333363	0.01741759
-255.20000030	0.02099394
-255.16666697	0.02364388
-255.13333363	0.02537140
-255.10000030	0.02489958
-255.06666697	0.02313425
-255.03333363	0.01972923
-255.00000030	0.01475005
-254.96666697	0.00939065
-254.93333363	0.00374917
-254.90000030	-0.00090927
-254.86666697	-0.00388132
-254.83333364	-0.00528781
-254.80000030	-0.00424715
-254.76666697	-0.00103908
-254.73333364	0.00345522
-254.70000030	0.00894335
-254.66666697	0.01433478
-254.63333364	0.01913359
-254.60000030	0.02224893
-254.56666697	0.02355895
-254.53333364	0.02233377
-254.50000030	0.01853655
-254.46666697	0.01255109
-254.43333364	0.00523128
-254.40000030	-0.00276627
-254.36666697	-0.01086264
-254.33333364	-0.01834040
-254.30000030	-0.02479222
-254.26666697	-0.02992415
-254.23333364	-0.03291148
-254.20000030	-0.03456106
-254.16666697	-0.03441802
-254.13333364	-0.03296819
-254.10000031	-0.03061241
-254.06666697	-0.02790754
-254.03333364	-0.02447366
-254.00000031	-0.02126976
-253.96666697	-0.01771840
-253.93333364	-0.01412226
-253.90000031	-0.01013041
-253.86666697	-0.00599378
-253.83333364	-0.00219807
-253.80000031	0.00169995
-253.76666697	0.00548006
-253.73333364	0.00869160
-253.70000031	0.01201160
-253.66666697	0.01447818
-253.63333364	0.01714696
-253.60000031	0.02001010
-253.56666697	0.02284609
-253.53333364	0.02558271
-253.50000031	0.02780165
-253.46666697	0.02949873
-253.43333364	0.03061163
-253.40000031	0.03062587
-253.36666697	0.03011658
-253.33333364	0.02842565
-253.30000031	0.02580222
-253.26666698	0.02198233
-253.23333364	0.01728161
-253.20000031	0.01211674
-253.16666698	0.00679347
-253.13333364	0.00198409
-253.10000031	-0.00236971
-253.06666698	-0.00448913
-253.03333364	-0.00550092
-253.00000031	-0.00495794
-252.96666698	-0.00286562
-252.93333364	0.00051898
-252.90000031	0.00410035
-252.86666698	0.00840594
-252.83333364	0.01254710
-252.80000031	0.01608416
-252.76666698	0.01845444
-252.73333364	0.01987010
-252.70000031	0.01966717
-252.66666698	0.01847268
-252.63333364	0.01553488
-252.60000031	0.01217257
-252.56666698	0.00798604
-252.53333365	0.00344574
-252.50000031	-0.00087035
-252.46666698	-0.00489503
-252.43333365	-0.00843936
-252.40000031	-0.01216863
-252.36666698	-0.01541364
-252.33333365	-0.01806836
-252.30000031	-0.02043100
-252.26666698	-0.02214482
-252.23333365	-0.02310877
-252.20000031	-0.02331542
-252.16666698	-0.02257337
-252.13333365	-0.02024837
-252.10000031	-0.01748994
-252.06666698	-0.01326818
-252.03333365	-0.00765326
-252.00000031	-0.00135823
-251.96666698	0.00571881
-251.93333365	0.01264968
-251.90000031	0.01964546
-251.86666698	0.02507112
-251.83333365	0.02881026
-251.80000031	0.03070920
-251.76666698	0.03091439
-251.73333365	0.02867675
-251.70000032	0.02524603
-251.66666698	0.02041032
-251.63333365	0.01476167
-251.60000032	0.00862809
-251.56666698	0.00285532
-251.53333365	-0.00270918
-251.50000032	-0.00742706
-251.46666698	-0.01154523
-251.43333365	-0.01408512
-251.40000032	-0.01541084
-251.36666698	-0.01593398
-251.33333365	-0.01426722
-251.30000032	-0.01185699
-251.26666698	-0.00853384
-251.23333365	-0.00408014
-251.20000032	0.00045230
-251.16666698	0.00543632
-251.13333365	0.01038117
-251.10000032	0.01487698
-251.06666698	0.01853764
-251.03333365	0.02103246
-251.00000032	0.02253385
-250.96666699	0.02227031
-250.93333365	0.02034786
-250.90000032	0.01735335
-250.86666699	0.01308230
-250.83333365	0.00762128
-250.80000032	0.00162059
-250.76666699	-0.00414516
-250.73333365	-0.01003379
-250.70000032	-0.01536362
-250.66666699	-0.01976298
-250.63333365	-0.02370313
-250.60000032	-0.02635808
-250.56666699	-0.02883451
-250.53333365	-0.03070141
-250.50000032	-0.03188877
-250.46666699	-0.03279593
-250.43333365	-0.03332854
-250.40000032	-0.03282275
-250.36666699	-0.03128185
-250.33333365	-0.02934880
-250.30000032	-0.02598512
-250.26666699	-0.02166230
-250.23333365	-0.01716702
-250.20000032	-0.01247419
-250.16666699	-0.00756792
-250.13333366	-0.00369946
-250.10000032	-0.00067285
-250.06666699	0.00178175
-250.03333366	0.00357526
-250.00000032	0.00390528
-249.96666699	0.00395525
-249.93333366	0.00312408
-249.90000032	0.00241975
-249.86666699	0.00241870
-249.83333366	0.00233164
-249.80000032	0.00241809
-249.76666699	0.00315743
-249.73333366	0.00448741
-249.70000032	0.00559924
-249.66666699	0.00655353
-249.63333366	0.00695382
-249.60000032	0.00641217
-249.56666699	0.00568465
-249.53333366	0.00412138
-249.50000032	0.00244763
-249.46666699	0.00095329
-249.43333366	-0.00007168
-249.40000033	-0.00053008
-249.36666699	-0.00048862
-249.33333366	-0.00009445
-249.30000033	0.00022269
-249.26666699	0.00052509
-249.23333366	0.00090101
-249.20000033	0.00035927
-249.16666699	-0.00005568
-249.13333366	-0.00129013
-249.10000033	-0.00298726
-249.06666699	-0.00482252
-249.03333366	-0.00718670
-249.00000033	-0.01016459
-248.96666699	-0.01313872
-248.93333366	-0.01607531
-248.90000033	-0.01843851
-248.86666699	-0.02038328
-248.83333366	-0.02179708
-248.80000033	-0.02317052
-248.76666699	-0.02384723
-248.73333366	-0.02442636
-248.70000033	-0.02399087
-248.66666699	-0.02305906
-248.63333366	-0.02105872
-248.60000033	-0.01788281
-248.56666700	-0.01387607
-248.53333366	-0.00844282
-248.50000033	-0.00266005
-248.46666700	0.00407841
-248.43333366	0.01074882
-248.40000033	0.01703597
-248.36666700	0.02286200
-248.33333366	0.02789528
-248.30000033	0.03168136
-248.26666700	0.03427205
-248.23333366	0.03539911
-248.20000033	0.03554729
-248.16666700	0.03425876
-248.13333366	0.03216270
-248.10000033	0.02964437
-248.06666700	0.02706246
-248.03333366	0.02461756
-248.00000033	0.02240071
-247.96666700	0.02086250
-247.93333366	0.01992154
-247.90000033	0.01916099
-247.86666700	0.01864414
-247.83333367	0.01888025
-247.80000033	0.01934291
-247.76666700	0.02004915
-247.73333367	0.02015897
-247.70000033	0.02065199
-247.66666700	0.02037932
-247.63333367	0.02057764
-247.60000033	0.02004337
-247.56666700	0.01994235
-247.53333367	0.01968374
-247.50000033	0.01890715
-247.46666700	0.01740868
-247.43333367	0.01544252
-247.40000033	0.01266617
-247.36666700	0.00896283
-247.33333367	0.00467440
-247.30000033	-0.00013873
-247.26666700	-0.00489782
-247.23333367	-0.00966413
-247.20000033	-0.01318916
-247.16666700	-0.01640563
-247.13333367	-0.01841132
-247.10000033	-0.01901660
-247.06666700	-0.01797860
-247.03333367	-0.01616908
-247.00000034	-0.01292605
-246.96666700	-0.00920417
-246.93333367	-0.00570333
-246.90000034	-0.00310469
-246.86666700	-0.00150248
-246.83333367	-0.00116889
-246.80000034	-0.00200992
-246.76666700	-0.00374186
-246.73333367	-0.00614858
-246.70000034	-0.00852047
-246.66666700	-0.01055334
-246.63333367	-0.01187486
-246.60000034	-0.01215107
-246.56666700	-0.01195687
-246.53333367	-0.00992892
-246.50000034	-0.00758899
-246.46666700	-0.00461117
-246.43333367	-0.00122428
-246.40000034	0.00192272
-246.36666700	0.00485361
-246.33333367	0.00725253
-246.30000034	0.00862156
-246.26666701	0.00913481
-246.23333367	0.00952230
-246.20000034	0.00899131
-246.16666701	0.00835814
-246.13333367	0.00786486
-246.10000034	0.00790510
-246.06666701	0.00781299
-246.03333367	0.00813976
-246.00000034	0.00899470
-245.96666701	0.01037214
-245.93333367	0.01114331
-245.90000034	0.01165130
-245.86666701	0.01172976
-245.83333367	0.01157183
-245.80000034	0.01122935
-245.76666701	0.01035645
-245.73333367	0.00964292
-245.70000034	0.00903930
-245.66666701	0.00853469
-245.63333367	0.00789465
-245.60000034	0.00694579
-245.56666701	0.00603262
-245.53333367	0.00490017
-245.50000034	0.00310393
-245.46666701	0.00104922
-245.43333368	-0.00147386
-245.40000034	-0.00412380
-245.36666701	-0.00682759
-245.33333368	-0.01043875
-245.30000034	-0.01387188
-245.26666701	-0.01719460
-245.23333368	-0.02050831
-245.20000034	-0.02375060
-245.16666701	-0.02680718
-245.13333368	-0.02939967
-245.10000034	-0.03160354
-245.06666701	-0.03308626
-245.03333368	-0.03423781
-245.00000034	-0.03470631
-244.96666701	-0.03445572
-244.93333368	-0.03342197
-244.90000034	-0.03186254
-244.86666701	-0.02866126
-244.83333368	-0.02559816
-244.80000034	-0.02172460
-244.76666701	-0.01709484
-244.73333368	-0.01235672
-244.70000035	-0.00735961
-244.66666701	-0.00311332
-244.63333368	0.00059026
-244.60000035	0.00380382
-244.56666701	0.00637517
-244.53333368	0.00764696
-244.50000035	0.00823896
-244.46666701	0.00790426
-244.43333368	0.00679525
-244.40000035	0.00565576
-244.36666701	0.00395180
-244.33333368	0.00273644
-244.30000035	0.00117103
-244.26666701	0.00003147
-244.23333368	-0.00086147
-244.20000035	-0.00113214
-244.16666701	-0.00163170
-244.13333368	-0.00168603
-244.10000035	-0.00092829
-244.06666701	-0.00054361
-244.03333368	-0.00004753
-244.00000035	0.00063737
-243.96666701	0.00149790
-243.93333368	0.00149564
-243.90000035	0.00102809
-243.86666702	0.00006952
-243.83333368	-0.00168476
-243.80000035	-0.00354313
-243.76666702	-0.00566391
-243.73333368	-0.00814993
-243.70000035	-0.01062058
-243.66666702	-0.01292370
-243.63333368	-0.01496060
-243.60000035	-0.01668121
-243.56666702	-0.01781561
-243.53333368	-0.01809830
-243.50000035	-0.01729271
-243.46666702	-0.01584471
-243.43333368	-0.01377214
-243.40000035	-0.01096665
-243.36666702	-0.00807993
-243.33333368	-0.00529121
-243.30000035	-0.00271898
-243.26666702	-0.00007657
-243.23333368	0.00200039
-243.20000035	0.00308833
-243.16666702	0.00447889
-243.13333369	0.00538745
-243.10000035	0.00706175
-243.06666702	0.00836692
-243.03333369	0.01095978
-243.00000035	0.01377120
-242.96666702	0.01769807
-242.93333369	0.02262474
-242.90000035	0.02747954
-242.86666702	0.03311727
-242.83333369	0.03882885
-242.80000035	0.04402182
-242.76666702	0.04873195
-242.73333369	0.05262166
-242.70000035	0.05510628
-242.66666702	0.05660323
-242.63333369	0.05664752
-242.60000035	0.05539412
-242.56666702	0.05278347
-242.53333369	0.04926861
-242.50000035	0.04496911
-242.46666702	0.04048943
-242.43333369	0.03583929
-242.40000035	0.03197308
-242.36666702	0.02821023
-242.33333369	0.02517774
-242.30000036	0.02250667
-242.26666702	0.02049580
-242.23333369	0.01864254
-242.20000036	0.01740522
-242.16666702	0.01632298
-242.13333369	0.01499823
-242.10000036	0.01403702
-242.06666702	0.01269213
-242.03333369	0.01173638
-242.00000036	0.00989851
-241.96666702	0.00809552
-241.93333369	0.00595556
-241.90000036	0.00346107
-241.86666702	0.00054490
-241.83333369	-0.00252876
-241.80000036	-0.00543919
-241.76666702	-0.00857104
-241.73333369	-0.01209117
-241.70000036	-0.01558159
-241.66666702	-0.01912384
-241.63333369	-0.02277920
-241.60000036	-0.02637695
-241.56666703	-0.02985308
-241.53333369	-0.03319995
-241.50000036	-0.03567964
-241.46666703	-0.03853659
-241.43333369	-0.04087229
-241.40000036	-0.04296702
-241.36666703	-0.04478347
-241.33333369	-0.04605128
-241.30000036	-0.04737415
-241.26666703	-0.04827305
-241.23333369	-0.04902736
-241.20000036	-0.04989363
-241.16666703	-0.05047541
-241.13333369	-0.05079327
-241.10000036	-0.05085251
-241.06666703	-0.05048004
-241.03333369	-0.05036518
-241.00000036	-0.04971783
-240.96666703	-0.04975517
-240.93333369	-0.04938115
-240.90000036	-0.04899377
-240.86666703	-0.04851189
-240.83333369	-0.04804738
-240.80000036	-0.04732119
-240.76666703	-0.04597984
-240.73333370	-0.04415913
-240.70000036	-0.04241914
-240.66666703	-0.04054650
-240.63333370	-0.03896881
-240.60000036	-0.03786091
-240.56666703	-0.03702707
-240.53333370	-0.03722897
-240.50000036	-0.03794378
-240.46666703	-0.03959462
-240.43333370	-0.04169985
-240.40000036	-0.04462748
-240.36666703	-0.04779369
-240.33333370	-0.05082275
-240.30000036	-0.05322669
-240.26666703	-0.05543320
-240.23333370	-0.05695762
-240.20000036	-0.05766469
-240.16666703	-0.05714964
-240.13333370	-0.05611009
-240.10000036	-0.05468651
-240.06666703	-0.05331947
-240.03333370	-0.05180116
-240.00000037	-0.05105355
-239.96666703	-0.05056335
-239.93333370	-0.04978028
-239.90000037	-0.04944324
-239.86666703	-0.04854976
-239.83333370	-0.04730558
-239.80000037	-0.04550089
-239.76666703	-0.04308115
-239.73333370	-0.04020295
-239.70000037	-0.03710491
-239.66666703	-0.03409023
-239.63333370	-0.03133355
-239.60000037	-0.02926416
-239.56666703	-0.02808187
-239.53333370	-0.02745437
-239.50000037	-0.02759277
-239.46666703	-0.02801060
-239.43333370	-0.02839276
-239.40000037	-0.02865395
-239.36666703	-0.02812964
-239.33333370	-0.02633677
-239.30000037	-0.02338944
-239.26666703	-0.01863540
-239.23333370	-0.01267658
-239.20000037	-0.00559113
-239.16666704	0.00200696
-239.13333370	0.01007569
-239.10000037	0.01808299
-239.06666704	0.02608444
-239.03333370	0.03270827
-239.00000037	0.03802504
-238.96666704	0.04162367
-238.93333370	0.04391099
-238.90000037	0.04479485
-238.86666704	0.04409707
-238.83333370	0.04196200
-238.80000037	0.03898875
-238.76666704	0.03587633
-238.73333370	0.03241336
-238.70000037	0.02880719
-238.66666704	0.02569115
-238.63333370	0.02254688
-238.60000037	0.02062303
-238.56666704	0.01914399
-238.53333370	0.01786735
-238.50000037	0.01786016
-238.46666704	0.01820027
-238.43333371	0.01879652
-238.40000037	0.01980366
-238.36666704	0.02063635
-238.33333371	0.02116406
-238.30000037	0.02130471
-238.26666704	0.02131560
-238.23333371	0.02099700
-238.20000037	0.02058092
-238.16666704	0.02007197
-238.13333371	0.01999974
-238.10000037	0.02039731
-238.06666704	0.02142964
-238.03333371	0.02280195
-238.00000037	0.02445471
-237.96666704	0.02622567
-237.93333371	0.02765746
-237.90000037	0.02861578
-237.86666704	0.02926325
-237.83333371	0.02863179
-237.80000037	0.02819243
-237.76666704	0.02737341
-237.73333371	0.02566693
-237.70000037	0.02418758
-237.66666704	0.02252343
-237.63333371	0.02169271
-237.60000038	0.02123156
-237.56666704	0.02105589
-237.53333371	0.02150709
-237.50000038	0.02236074
-237.46666704	0.02423282
-237.43333371	0.02636199
-237.40000038	0.02900959
-237.36666704	0.03161658
-237.33333371	0.03376478
-237.30000038	0.03579170
-237.26666704	0.03705867
-237.23333371	0.03790618
-237.20000038	0.03792211
-237.16666704	0.03702313
-237.13333371	0.03527427
-237.10000038	0.03321904
-237.06666704	0.02999507
-237.03333371	0.02697665
-237.00000038	0.02320118
-236.96666704	0.01864856
-236.93333371	0.01410913
-236.90000038	0.00971970
-236.86666705	0.00565257
-236.83333371	0.00237863
-236.80000038	0.00001173
-236.76666705	-0.00130538
-236.73333371	-0.00138013
-236.70000038	-0.00043327
-236.66666705	0.00189693
-236.63333371	0.00544233
-236.60000038	0.00992538
-236.56666705	0.01494739
-236.53333371	0.02050126
-236.50000038	0.02621039
-236.46666705	0.03187199
-236.43333371	0.03753293
-236.40000038	0.04217094
-236.36666705	0.04603128
-236.33333371	0.04851416
-236.30000038	0.04935799
-236.26666705	0.04885792
-236.23333371	0.04694470
-236.20000038	0.04384531
-236.16666705	0.03976728
-236.13333371	0.03479319
-236.10000038	0.02943547
-236.06666705	0.02370397
-236.03333372	0.01819637
-236.00000038	0.01328638
-235.96666705	0.00879873
-235.93333372	0.00476678
-235.90000038	0.00230909
-235.86666705	0.00107082
-235.83333372	0.00134808
-235.80000038	0.00342846
-235.76666705	0.00682370
-235.73333372	0.01175018
-235.70000038	0.01693761
-235.66666705	0.02311631
-235.63333372	0.02948979
-235.60000038	0.03602827
-235.56666705	0.04244267
-235.53333372	0.04848241
-235.50000038	0.05314003
-235.46666705	0.05679726
-235.43333372	0.05952682
-235.40000038	0.06041482
-235.36666705	0.06057756
-235.33333372	0.05946595
-235.30000039	0.05745982
-235.26666705	0.05480134
-235.23333372	0.05131142
-235.20000039	0.04820582
-235.16666705	0.04434961
-235.13333372	0.04148386
-235.10000039	0.03875962
-235.06666705	0.03706478
-235.03333372	0.03600365
-235.00000039	0.03636152
-234.96666705	0.03680817
-234.93333372	0.03858869
-234.90000039	0.04091372
-234.86666705	0.04348339
-234.83333372	0.04656373
-234.80000039	0.04902049
-234.76666705	0.05127806
-234.73333372	0.05293436
-234.70000039	0.05301109
-234.66666705	0.05231739
-234.63333372	0.04993542
-234.60000039	0.04691112
-234.56666705	0.04246512
-234.53333372	0.03756470
-234.50000039	0.03149851
-234.46666706	0.02531255
-234.43333372	0.01922373
-234.40000039	0.01298682
-234.36666706	0.00769471
-234.33333372	0.00232601
-234.30000039	-0.00145365
-234.26666706	-0.00513342
-234.23333372	-0.00777610
-234.20000039	-0.00950694
-234.16666706	-0.01050312
-234.13333372	-0.01146119
-234.10000039	-0.01119246
-234.06666706	-0.01051874
-234.03333372	-0.00940414
-234.00000039	-0.00738834
-233.96666706	-0.00529667
-233.93333372	-0.00265675
-233.90000039	0.00068594
-233.86666706	0.00396219
-233.83333372	0.00744925
-233.80000039	0.01026441
-233.76666706	0.01314662
-233.73333373	0.01524421
-233.70000039	0.01692426
-233.66666706	0.01772587
-233.63333373	0.01811449
-233.60000039	0.01724635
-233.56666706	0.01645184
-233.53333373	0.01458796
-233.50000039	0.01225620
-233.46666706	0.00958797
-233.43333373	0.00663398
-233.40000039	0.00348483
-233.36666706	0.00065360
-233.33333373	-0.00213125
-233.30000039	-0.00493703
-233.26666706	-0.00702772
-233.23333373	-0.00937921
-233.20000039	-0.01110947
-233.16666706	-0.01220853
-233.13333373	-0.01313574
-233.10000039	-0.01313568
-233.06666706	-0.01269056
-233.03333373	-0.01159360
-233.00000039	-0.01087265
-232.96666706	-0.00972959
-232.93333373	-0.00859166
-232.90000040	-0.00802153
-232.86666706	-0.00763006
-232.83333373	-0.00748829
-232.80000040	-0.00753146
-232.76666706	-0.00793732
-232.73333373	-0.00849680
-232.70000040	-0.00886055
-232.66666706	-0.00993707
-232.63333373	-0.01077783
-232.60000040	-0.01112561
-232.56666706	-0.01201242
-232.53333373	-0.01261399
-232.50000040	-0.01317218
-232.46666706	-0.01378481
-232.43333373	-0.01410042
-232.40000040	-0.01445571
-232.36666706	-0.01445685
-232.33333373	-0.01427993
-232.30000040	-0.01359896
-232.26666706	-0.01268952
-232.23333373	-0.01120511
-232.20000040	-0.00942317
-232.16666707	-0.00707584
-232.13333373	-0.00506688
-232.10000040	-0.00265607
-232.06666707	-0.00063185
-232.03333373	0.00138260
-232.00000040	0.00247779
-231.96666707	0.00279078
-231.93333373	0.00262734
-231.90000040	0.00164686
-231.86666707	0.00031426
-231.83333373	-0.00180036
-231.80000040	-0.00404055
-231.76666707	-0.00642028
-231.73333373	-0.00828241
-231.70000040	-0.00956353
-231.66666707	-0.01099627
-231.63333373	-0.01185776
-231.60000040	-0.01233049
-231.56666707	-0.01207050
-231.53333373	-0.01157148
-231.50000040	-0.01060457
-231.46666707	-0.00935537
-231.43333373	-0.00813386
-231.40000040	-0.00673809
-231.36666707	-0.00485566
-231.33333374	-0.00331492
-231.30000040	-0.00173950
-231.26666707	-0.00036278
-231.23333374	0.00032532
-231.20000040	0.00116804
-231.16666707	0.00130366
-231.13333374	0.00128334
-231.10000040	0.00117231
-231.06666707	0.00074906
-231.03333374	0.00011402
-231.00000040	-0.00019108
-230.96666707	-0.00051808
-230.93333374	-0.00028190
-230.90000040	0.00001246
-230.86666707	0.00141246
-230.83333374	0.00263661
-230.80000040	0.00440177
-230.76666707	0.00637244
-230.73333374	0.00807945
-230.70000040	0.00919182
-230.66666707	0.00960435
-230.63333374	0.00914265
-230.60000041	0.00813310
-230.56666707	0.00652718
-230.53333374	0.00419446
-230.50000041	0.00189800
-230.46666707	-0.00078333
-230.43333374	-0.00355526
-230.40000041	-0.00631515
-230.36666707	-0.00850350
-230.33333374	-0.01048008
-230.30000041	-0.01249478
-230.26666707	-0.01367819
-230.23333374	-0.01469263
-230.20000041	-0.01568419
-230.16666707	-0.01610847
-230.13333374	-0.01666268
-230.10000041	-0.01696619
-230.06666707	-0.01730232
-230.03333374	-0.01730377
-230.00000041	-0.01723691
-229.96666707	-0.01688931
-229.93333374	-0.01612559
-229.90000041	-0.01523018
-229.86666707	-0.01448664
-229.83333374	-0.01345692
-229.80000041	-0.01221729
-229.76666708	-0.01127338
-229.73333374	-0.01002690
-229.70000041	-0.00905227
-229.66666708	-0.00811352
-229.63333374	-0.00727420
-229.60000041	-0.00661773
-229.56666708	-0.00605258
-229.53333374	-0.00556702
-229.50000041	-0.00511522
-229.46666708	-0.00483219
-229.43333374	-0.00445454
-229.40000041	-0.00384136
-229.36666708	-0.00348254
-229.33333374	-0.00288652
-229.30000041	-0.00217984
-229.26666708	-0.00163730
-229.23333374	-0.00111575
-229.20000041	-0.00045316
-229.16666708	-0.00001301
-229.13333374	0.00034597
-229.10000041	0.00059462
-229.06666708	0.00076855
-229.03333375	0.00066321
-229.00000041	0.00056396
-228.96666708	0.00003932
-228.93333375	-0.00056384
-228.90000041	-0.00125698
-228.86666708	-0.00197335
-228.83333375	-0.00273259
-228.80000041	-0.00355489
-228.76666708	-0.00436078
-228.73333375	-0.00495818
-228.70000041	-0.00541692
-228.66666708	-0.00586294
-228.63333375	-0.00607528
-228.60000041	-0.00611054
-228.56666708	-0.00593462
-228.53333375	-0.00544849
-228.50000041	-0.00492877
-228.46666708	-0.00435880
-228.43333375	-0.00363302
-228.40000041	-0.00286922
-228.36666708	-0.00214614
-228.33333375	-0.00150073
-228.30000041	-0.00081387
-228.26666708	-0.00020871
-228.23333375	0.00021790
-228.20000042	0.00055152
-228.16666708	0.00079480
-228.13333375	0.00092529
-228.10000042	0.00100915
-228.06666708	0.00100482
-228.03333375	0.00100270
-228.00000042	0.00097101
-227.96666708	0.00097278
-227.93333375	0.00097253
-227.90000042	0.00099349
-227.86666708	0.00101973
-227.83333375	0.00107910
-227.80000042	0.00109493
-227.76666708	0.00111906
-227.73333375	0.00113283
-227.70000042	0.00114124
-227.66666708	0.00113492
-227.63333375	0.00110356
-227.60000042	0.00105174
-227.56666708	0.00098468
-227.53333375	0.00091074
-227.50000042	0.00083114
-227.46666709	0.00075439
-227.43333375	0.00067698
-227.40000042	0.00059092
-227.36666709	0.00051039
-227.33333375	0.00044129
-227.30000042	0.00035601
-227.26666709	0.00028600
-227.23333375	0.00021212
-227.20000042	0.00015048
-227.16666709	0.00009712
-227.13333375	0.00005527
-227.10000042	0.00002551
-227.06666709	0.00000618
-227.03333375	-0.00000231
-227.00000042	-0.00000373
-226.96666709	-0.00000159
-226.93333375	0.00000000
