# Menlo Systems GmbH ScanControl
# Program Version 1.3.3
# Start: -327.00000000 ps, Average over 100 waveforms. Timestamp: 2026-05-07T11:58:55
# Window type: Tukey, parameters: alpha = 0.1
# User time axis shift: 0 ps
# Frequency [THz]	THz Signal [a.u.]
0.00000000	-47.81867578
0.00732601	-40.33659567
0.01465201	-35.67911624
0.02197802	-36.47028164
0.02930403	-43.62842877
0.03663004	-41.15770193
0.04395604	-33.86826854
0.05128205	-31.60248124
0.05860806	-37.04544724
0.06593407	-30.24976818
0.07326007	-27.41902460
0.08058608	-33.41387939
0.08791209	-27.30306150
0.09523810	-21.20780847
0.10256410	-22.67529597
0.10989011	-26.15330725
0.11721612	-19.63644635
0.12454212	-18.83452785
0.13186813	-21.42101577
0.13919414	-18.30091583
0.14652015	-16.33066341
0.15384615	-17.50680146
0.16117216	-16.55394421
0.16849817	-14.52068718
0.17582418	-14.90719756
0.18315018	-16.10166205
0.19047619	-15.13172539
0.19780220	-13.99606524
0.20512821	-14.31106398
0.21245421	-15.02595580
0.21978022	-13.38137644
0.22710623	-11.84741607
0.23443223	-12.36365218
0.24175824	-12.42603484
0.24908425	-10.70423659
0.25641026	-10.57416524
0.26373626	-11.46355891
0.27106227	-10.50235619
0.27838828	-10.15068745
0.28571429	-11.33222708
0.29304029	-10.92661673
0.30036630	-9.99447980
0.30769231	-10.31434250
0.31501832	-10.13006091
0.32234432	-9.15807440
0.32967033	-8.68441804
0.33699634	-8.62624612
0.34432234	-8.57301117
0.35164835	-8.46373800
0.35897436	-8.63999899
0.36630037	-9.18941531
0.37362637	-9.41446769
0.38095238	-9.01439075
0.38827839	-8.51859311
0.39560440	-8.14450128
0.40293040	-7.67706129
0.41025641	-7.07322909
0.41758242	-6.77771580
0.42490843	-6.93356453
0.43223443	-7.24418226
0.43956044	-7.65980550
0.44688645	-8.08192881
0.45421246	-8.29738986
0.46153846	-8.49473432
0.46886447	-8.47280766
0.47619048	-8.11195390
0.48351648	-7.64426738
0.49084249	-6.95983438
0.49816850	-6.49467591
0.50549451	-6.48164628
0.51282051	-6.45592587
0.52014652	-6.75487292
0.52747253	-7.72350650
0.53479854	-8.04383898
0.54212454	-7.83434160
0.54945055	-9.03763302
0.55677656	-10.77223605
0.56410257	-9.12243720
0.57142857	-7.15205714
0.57875458	-6.64881543
0.58608059	-6.66573583
0.59340659	-6.61187225
0.60073260	-7.00972303
0.60805861	-7.80066400
0.61538462	-8.32645999
0.62271062	-8.53128838
0.63003663	-8.50184494
0.63736264	-8.32669603
0.64468865	-7.85489182
0.65201465	-7.10720931
0.65934066	-6.71882831
0.66666667	-6.58723819
0.67399268	-6.60684337
0.68131868	-7.35723752
0.68864469	-8.31675569
0.69597070	-8.69576866
0.70329670	-9.44619866
0.71062271	-9.77891680
0.71794872	-9.27396419
0.72527473	-9.39219871
0.73260073	-8.81876142
0.73992674	-8.01069049
0.74725275	-8.83509565
0.75457876	-9.67784216
0.76190476	-8.88304606
0.76923077	-9.02868621
0.77655678	-10.05730432
0.78388279	-10.31974449
0.79120879	-10.48517742
0.79853480	-10.58743595
0.80586081	-10.10778256
0.81318681	-9.67307110
0.82051282	-9.14691348
0.82783883	-8.54632284
0.83516484	-8.51777553
0.84249084	-9.16834722
0.84981685	-10.03944767
0.85714286	-10.83896003
0.86446887	-11.54803556
0.87179487	-11.84780314
0.87912088	-11.71896070
0.88644689	-11.43136726
0.89377290	-10.80762535
0.90109890	-9.98735601
0.90842491	-9.41703803
0.91575092	-9.31699042
0.92307692	-9.72196619
0.93040293	-10.49156504
0.93772894	-11.44052166
0.94505495	-12.19752405
0.95238095	-12.45125745
0.95970696	-12.72732907
0.96703297	-12.64048981
0.97435898	-11.89298195
0.98168498	-11.83836443
0.98901099	-11.84708547
0.99633700	-10.81900958
1.00366301	-10.57109022
1.01098901	-11.58463712
1.01831502	-12.45829771
1.02564103	-13.14220318
1.03296703	-13.79212228
1.04029304	-13.56430334
1.04761905	-13.54654263
1.05494506	-13.13073716
1.06227106	-12.10476027
1.06959707	-11.74288456
1.07692308	-11.33648542
1.08424909	-11.56273179
1.09157509	-15.12688081
1.09890110	-24.34552287
1.10622711	-18.20440347
1.11355312	-17.34587436
1.12087912	-17.41030191
1.12820513	-14.75357352
1.13553114	-14.42677880
1.14285714	-14.24744702
1.15018315	-13.46545512
1.15750916	-16.59231614
1.16483517	-25.21478354
1.17216117	-15.84943653
1.17948718	-14.22230873
1.18681319	-15.56285811
1.19413920	-15.39492202
1.20146520	-16.64656897
1.20879121	-19.44288757
1.21611722	-16.38046364
1.22344323	-15.64379574
1.23076923	-16.34401077
1.23809524	-13.91431290
1.24542125	-12.68159679
1.25274725	-13.57147013
1.26007326	-14.65455201
1.26739927	-15.34084817
1.27472528	-16.35431637
1.28205128	-16.68428318
1.28937729	-16.54353604
1.29670330	-16.36500616
1.30402931	-15.56680032
1.31135531	-14.65062594
1.31868132	-14.18642421
1.32600733	-14.11593797
1.33333334	-14.47472193
1.34065934	-15.52047526
1.34798535	-16.70549613
1.35531136	-17.26853643
1.36263737	-17.95408725
1.36996337	-18.00080583
1.37728938	-17.40302871
1.38461539	-17.33356321
1.39194139	-16.03641855
1.39926740	-15.35251392
1.40659341	-18.57901956
1.41391942	-24.54283113
1.42124542	-18.61506360
1.42857143	-17.56571960
1.43589744	-19.28374972
1.44322345	-19.22336149
1.45054945	-19.17547539
1.45787546	-19.30812756
1.46520147	-18.19426360
1.47252748	-17.44130982
1.47985348	-16.57049558
1.48717949	-15.94134998
1.49450550	-16.48723855
1.50183150	-17.58535252
1.50915751	-18.64687320
1.51648352	-19.84647398
1.52380953	-20.40070881
1.53113553	-20.60844632
1.53846154	-20.62053794
1.54578755	-19.91362782
1.55311356	-19.07073774
1.56043956	-18.01850634
1.56776557	-17.37104998
1.57509158	-17.80109233
1.58241759	-18.72890752
1.58974359	-19.87802899
1.59706960	-22.48750209
1.60439561	-25.86340621
1.61172161	-24.02131983
1.61904762	-22.03625425
1.62637363	-22.00426524
1.63369964	-21.52792136
1.64102564	-20.04441470
1.64835165	-20.34698859
1.65567766	-23.97264267
1.66300367	-32.62317721
1.67032967	-51.53673927
1.67765568	-34.88387620
1.68498169	-27.00725170
1.69230770	-25.00096822
1.69963370	-25.51930375
1.70695971	-26.55370740
1.71428572	-31.18666883
1.72161172	-34.52137722
1.72893773	-24.79474266
1.73626374	-22.19773004
1.74358975	-22.38090714
1.75091575	-23.65342804
1.75824176	-25.57665800
1.76556777	-27.33904707
1.77289378	-27.02100487
1.78021978	-25.98125340
1.78754579	-26.32883092
1.79487180	-29.19465649
1.80219781	-28.10190393
1.80952381	-23.84768969
1.81684982	-22.80788894
1.82417583	-23.91204413
1.83150183	-24.91330500
1.83882784	-25.90327159
1.84615385	-27.63583420
1.85347986	-27.70291660
1.86080586	-28.90882204
1.86813187	-37.15996354
1.87545788	-31.67580341
1.88278389	-26.40317004
1.89010989	-25.28714820
1.89743590	-24.95645231
1.90476191	-24.85828538
1.91208792	-27.12613358
1.91941392	-33.92993750
1.92673993	-32.77313407
1.93406594	-29.47610741
1.94139194	-29.70443659
1.94871795	-29.63852523
1.95604396	-28.65746372
1.96336997	-27.81907566
1.97069597	-26.77493774
1.97802198	-26.11373308
1.98534799	-26.44650405
1.99267400	-27.67683708
2.00000000	-29.06283802
2.00732601	-30.11374481
2.01465202	-31.38421623
2.02197803	-31.61527580
2.02930403	-30.83534917
2.03663004	-32.30696712
2.04395605	-33.95003253
2.05128205	-29.66256354
2.05860806	-27.27641833
2.06593407	-27.93354621
2.07326008	-30.82118123
2.08058608	-32.35477782
2.08791209	-31.59825784
2.09523810	-32.24036331
2.10256411	-32.93625618
2.10989011	-32.67860290
2.11721612	-32.49592249
2.12454213	-31.33849677
2.13186814	-30.16383432
2.13919414	-29.56650028
2.14652015	-29.31965327
2.15384616	-30.91686450
2.16117217	-36.95015699
2.16849817	-52.48049075
2.17582418	-37.65374331
2.18315019	-35.14016062
2.19047619	-36.55844558
2.19780220	-49.91865097
2.20512821	-37.75399085
2.21245422	-33.89898725
2.21978022	-38.23960312
2.22710623	-43.24384947
2.23443224	-34.12078089
2.24175825	-33.62254710
2.24908425	-35.88487903
2.25641026	-37.74624372
2.26373627	-44.27513025
2.27106228	-45.31978292
2.27838828	-37.65385995
2.28571429	-36.19400151
2.29304030	-34.71158527
2.30036630	-33.31355345
2.30769231	-33.10986571
2.31501832	-33.90317300
2.32234433	-35.83237180
2.32967033	-37.35445509
2.33699634	-38.44273015
2.34432235	-43.68160763
2.35164836	-43.06764639
2.35897436	-39.96255308
2.36630037	-43.70646889
2.37362638	-40.59452924
2.38095239	-37.34197311
2.38827839	-40.73387665
2.39560440	-59.58603938
2.40293041	-40.61686768
2.41025641	-38.80462790
2.41758242	-40.25662744
2.42490843	-41.01097144
2.43223444	-41.43102711
2.43956044	-41.73174852
2.44688645	-40.20935536
2.45421246	-40.28387685
2.46153847	-46.14673575
2.46886447	-50.17884509
2.47619048	-39.85292290
2.48351649	-38.29881667
2.49084250	-39.94936163
2.49816850	-41.29913382
2.50549451	-41.50483837
2.51282052	-42.27168088
2.52014652	-42.18971221
2.52747253	-41.64448009
2.53479854	-40.86342331
2.54212455	-39.30077464
2.54945055	-38.17998760
2.55677656	-38.34133427
2.56410257	-39.66721959
2.57142858	-41.33834562
2.57875458	-42.36484082
2.58608059	-43.26932072
2.59340660	-43.78374960
2.60073261	-44.18950433
2.60805861	-44.26965248
2.61538462	-43.02582255
2.62271063	-43.36072427
2.63003663	-47.19572815
2.63736264	-58.44583736
2.64468865	-66.00709023
2.65201466	-53.54194823
2.65934066	-49.65608526
2.66666667	-48.30901715
2.67399268	-47.63197156
2.68131869	-48.14641765
2.68864469	-50.88818557
2.69597070	-47.18582518
2.70329671	-43.20185231
2.71062272	-42.05611913
2.71794872	-41.84618072
2.72527473	-41.75994602
2.73260074	-42.71937227
2.73992674	-45.03682722
2.74725275	-46.60036582
2.75457876	-46.98041497
2.76190477	-49.44236353
2.76923077	-56.18473317
2.77655678	-78.81358160
2.78388279	-57.95196194
2.79120880	-48.09152659
2.79853480	-43.58324856
2.80586081	-42.71639894
2.81318682	-44.32295584
2.82051283	-45.66476695
2.82783883	-46.25640071
2.83516484	-47.91165705
2.84249085	-47.56508680
2.84981685	-46.91513697
2.85714286	-47.24450614
2.86446887	-45.34764026
2.87179488	-44.94358901
2.87912088	-49.45486018
2.88644689	-64.65208639
2.89377290	-48.56006560
2.90109891	-46.60357669
2.90842491	-48.13421809
2.91575092	-48.99502256
2.92307693	-48.89535536
2.93040294	-49.42595328
2.93772894	-49.14135241
2.94505495	-47.83737639
2.95238096	-47.24027099
2.95970696	-49.24605139
2.96703297	-55.04319423
2.97435898	-60.95157508
2.98168499	-59.20328871
2.98901099	-54.50847322
2.99633700	-53.31794768
3.00366301	-56.37346447
3.01098902	-60.78692133
3.01831502	-64.88997772
3.02564103	-57.30103084
3.03296704	-52.09641201
3.04029305	-52.20718131
3.04761905	-55.42989212
3.05494506	-51.50846079
3.06227107	-48.99956703
3.06959708	-49.66680904
3.07692308	-51.50290277
3.08424909	-51.42265737
3.09157510	-51.68423881
3.09890110	-51.83752384
3.10622711	-50.51352102
3.11355312	-49.58965905
3.12087913	-50.07638737
3.12820513	-52.76259123
3.13553114	-61.81653285
3.14285715	-58.76007821
3.15018316	-55.11943368
3.15750916	-54.12420515
3.16483517	-58.28984628
3.17216118	-68.65058865
3.17948719	-59.15188820
3.18681319	-57.38757500
3.19413920	-52.72418122
3.20146521	-50.09581064
3.20879121	-50.20289295
3.21611722	-50.70523088
3.22344323	-51.94128165
3.23076924	-58.22654826
3.23809524	-61.48930458
3.24542125	-53.81664647
3.25274726	-54.18331025
3.26007327	-55.25977897
3.26739927	-53.00544773
3.27472528	-52.10020488
3.28205129	-51.18881930
3.28937730	-50.08176579
3.29670330	-50.32189105
3.30402931	-51.36216409
3.31135532	-52.94189382
3.31868132	-55.46905019
3.32600733	-58.60217117
3.33333334	-64.74288957
3.34065935	-65.04990237
3.34798535	-57.87261534
3.35531136	-54.65932461
3.36263737	-53.39946626
3.36996338	-52.34019407
3.37728938	-51.67018000
3.38461539	-52.38595448
3.39194140	-53.69571953
3.39926741	-54.94421909
3.40659341	-56.21902879
3.41391942	-57.02646380
3.42124543	-56.75002626
3.42857143	-56.95498602
3.43589744	-56.08800272
3.44322345	-54.00023925
3.45054946	-53.23024702
3.45787546	-52.85987701
3.46520147	-52.81415567
3.47252748	-54.98832948
3.47985349	-56.45156853
3.48717949	-56.24194788
3.49450550	-58.84894471
3.50183151	-62.11033251
3.50915752	-61.11595630
3.51648352	-58.50404699
3.52380953	-56.84696101
3.53113554	-57.75414303
3.53846154	-62.53330829
3.54578755	-61.65454645
3.55311356	-56.96698806
3.56043957	-58.06065177
3.56776557	-61.87074036
3.57509158	-62.38055106
3.58241759	-61.28089261
3.58974360	-61.25088371
3.59706960	-65.36920229
3.60439561	-81.12517080
3.61172162	-64.05625074
3.61904763	-62.59679462
3.62637363	-59.33225483
3.63369964	-59.34621262
3.64102565	-64.57121945
3.64835165	-75.82806848
3.65567766	-86.23864202
3.66300367	-74.79392562
3.67032968	-69.11752753
3.67765568	-66.67770276
3.68498169	-65.22719246
3.69230770	-65.48058433
3.69963371	-60.86079380
3.70695971	-57.59414963
3.71428572	-59.04586814
3.72161173	-61.77757891
3.72893774	-64.33376586
3.73626374	-64.81654325
3.74358975	-65.87859048
3.75091576	-69.02674443
3.75824176	-67.74472765
3.76556777	-64.16581195
3.77289378	-61.60576349
3.78021979	-61.99096045
3.78754579	-61.65942216
3.79487180	-64.90209874
3.80219781	-74.64402595
3.80952382	-76.14179999
3.81684982	-69.73408345
3.82417583	-82.01208696
3.83150184	-71.88189548
3.83882785	-68.94045838
3.84615385	-66.90036330
3.85347986	-66.93270763
3.86080587	-67.95275419
3.86813188	-65.00919759
3.87545788	-63.80288055
3.88278389	-65.22151852
3.89010990	-66.44533586
3.89743590	-69.73113910
3.90476191	-73.36858147
3.91208792	-67.26936378
3.91941393	-65.01325170
3.92673993	-65.93739178
3.93406594	-65.80643380
3.94139195	-71.13530177
3.94871796	-68.96418685
3.95604396	-71.96510236
3.96336997	-74.81363026
3.97069598	-76.05632924
3.97802199	-76.12408102
3.98534799	-82.64009307
3.99267400	-77.69544678
4.00000001	-84.42924879
4.00732601	-74.61488662
4.01465202	-69.58622235
4.02197803	-70.00036417
4.02930404	-69.42093317
4.03663004	-70.41343357
4.04395605	-73.50399468
4.05128206	-72.44540880
4.05860807	-78.59793313
4.06593407	-74.60314445
4.07326008	-76.68464156
4.08058609	-78.23920437
4.08791210	-102.86180655
4.09523810	-74.20380890
4.10256411	-65.90036755
4.10989012	-68.44161931
4.11721612	-76.70847298
4.12454213	-69.80454683
4.13186814	-69.72792053
4.13919415	-72.41168185
4.14652015	-72.45052072
4.15384616	-80.43140006
4.16117217	-77.01557441
4.16849818	-75.40223201
4.17582418	-85.83003502
4.18315019	-85.15041993
4.19047620	-76.34235889
4.19780221	-90.59088901
4.20512821	-73.30569286
4.21245422	-79.57693425
4.21978023	-73.28344322
4.22710623	-78.06484473
4.23443224	-77.96946942
4.24175825	-77.22145479
4.24908426	-86.32920792
4.25641026	-91.81600647
4.26373627	-82.67793991
4.27106228	-75.34597668
4.27838829	-73.94490501
4.28571429	-75.16720006
4.29304030	-76.55780243
4.30036631	-78.72314005
4.30769232	-80.88999400
4.31501832	-80.53874016
4.32234433	-90.50803209
4.32967034	-81.05837459
4.33699634	-77.77208394
4.34432235	-77.89127242
4.35164836	-73.49080618
4.35897437	-85.36842393
4.36630037	-75.29243389
4.37362638	-74.07305274
4.38095239	-75.18769826
4.38827840	-74.49714371
4.39560440	-71.47587501
4.40293041	-76.66727553
4.41025642	-75.04332530
4.41758243	-84.73677578
4.42490843	-74.70867873
4.43223444	-74.07987967
4.43956045	-77.63220091
4.44688645	-81.56707390
4.45421246	-77.54825647
4.46153847	-77.56963245
4.46886448	-86.20781536
4.47619048	-94.66459488
4.48351649	-74.94571769
4.49084250	-77.60152084
4.49816851	-86.04928735
4.50549451	-84.46699754
4.51282052	-72.42441654
4.52014653	-75.99896575
4.52747254	-77.75710186
4.53479854	-74.32063808
4.54212455	-73.87895361
4.54945056	-88.26782639
4.55677656	-78.47815181
4.56410257	-82.76334943
4.57142858	-89.74923225
4.57875459	-94.57437118
4.58608059	-86.30996820
4.59340660	-86.92623721
4.60073261	-91.72537391
4.60805862	-73.93097567
4.61538462	-71.73703217
4.62271063	-75.06508178
4.63003664	-81.09007037
4.63736265	-79.77848976
4.64468865	-82.99045959
4.65201466	-73.85803455
4.65934067	-75.83379025
4.66666667	-80.14067486
4.67399268	-76.82569055
4.68131869	-71.61194148
4.68864470	-75.86967585
4.69597070	-76.96026130
4.70329671	-85.63805174
4.71062272	-68.07415119
4.71794873	-73.31148657
4.72527473	-70.87274060
4.73260074	-72.55932345
4.73992675	-78.25760971
4.74725276	-81.83110353
4.75457876	-80.31820381
4.76190477	-76.27202671
4.76923078	-70.43541277
4.77655679	-77.51916827
4.78388279	-79.63724574
4.79120880	-91.21107014
4.79853481	-83.84910074
4.80586081	-77.05226774
4.81318682	-79.16239798
4.82051283	-80.14618529
4.82783884	-80.89345450
4.83516484	-81.99417522
4.84249085	-70.15784050
4.84981686	-71.48482047
4.85714287	-83.62378011
4.86446887	-74.49486313
4.87179488	-75.32026861
4.87912089	-74.51267691
4.88644690	-77.54365155
4.89377290	-93.59510561
4.90109891	-87.21692286
4.90842492	-78.27657608
4.91575092	-85.72072694
4.92307693	-80.75458037
4.93040294	-74.98214038
4.93772895	-73.93417018
4.94505495	-82.74107170
4.95238096	-79.08348340
4.95970697	-80.98966925
4.96703298	-83.94220433
4.97435898	-81.62180589
4.98168499	-85.97209963
4.98901100	-75.63980584
4.99633701	-76.87016152
5.00366301	-79.28569843
5.01098902	-82.12408429
5.01831503	-81.55647574
5.02564103	-82.05382677
5.03296704	-84.43471821
5.04029305	-77.67088807
5.04761906	-74.00702049
5.05494506	-79.90573110
5.06227107	-76.29175991
5.06959708	-84.89527834
5.07692309	-83.58480106
5.08424909	-79.41015648
5.09157510	-84.42002251
5.09890111	-75.29222607
5.10622712	-74.83633943
5.11355312	-75.11516116
5.12087913	-77.43607290
5.12820514	-78.18286198
5.13553114	-78.91598803
5.14285715	-74.04925087
5.15018316	-72.42815780
5.15750917	-78.48217252
5.16483517	-75.80360400
5.17216118	-75.34147741
5.17948719	-77.96611726
5.18681320	-76.84472405
5.19413920	-82.81758764
5.20146521	-74.89769953
5.20879122	-90.56055024
5.21611723	-74.00487405
5.22344323	-85.98237223
5.23076924	-76.30705956
5.23809525	-80.18704130
5.24542125	-77.48324253
5.25274726	-79.20065614
5.26007327	-71.40994244
5.26739928	-77.29543190
5.27472528	-89.59714783
5.28205129	-77.34756414
5.28937730	-85.68364337
5.29670331	-77.95988635
5.30402931	-84.88804928
5.31135532	-76.39121732
5.31868133	-92.17297234
5.32600734	-76.52026261
5.33333334	-80.33943247
5.34065935	-76.18074787
5.34798536	-82.77951374
5.35531136	-86.50953738
5.36263737	-82.84958910
5.36996338	-75.36217944
5.37728939	-80.11465867
5.38461539	-80.05399875
5.39194140	-76.13275252
5.39926741	-74.54341534
5.40659342	-92.07451442
5.41391942	-93.61585790
5.42124543	-73.91261250
5.42857144	-78.28771986
5.43589745	-85.81114762
5.44322345	-75.83256704
5.45054946	-78.73531271
5.45787547	-75.58146229
5.46520147	-74.02594973
5.47252748	-72.55099683
5.47985349	-76.96400316
5.48717950	-72.58165307
5.49450550	-77.21941307
5.50183151	-70.16828740
5.50915752	-70.38670249
5.51648353	-75.73115978
5.52380953	-83.34931681
5.53113554	-84.55868773
5.53846155	-74.90815485
5.54578756	-78.97476093
5.55311356	-80.25720029
5.56043957	-85.18823707
5.56776558	-79.06841152
5.57509159	-80.83208223
5.58241759	-79.55209119
5.58974360	-72.66597618
5.59706961	-70.09576478
5.60439561	-71.54390796
5.61172162	-75.37960666
5.61904763	-76.70891574
5.62637364	-76.65553046
5.63369964	-74.38643153
5.64102565	-76.71175193
5.64835166	-76.64803714
5.65567767	-78.09232253
5.66300367	-74.93245333
5.67032968	-73.47317988
5.67765569	-85.24520739
5.68498170	-78.98616630
5.69230770	-77.06079178
5.69963371	-85.20255365
5.70695972	-82.96187131
5.71428572	-89.55394101
5.72161173	-81.29037650
5.72893774	-80.82358421
5.73626375	-77.19193059
5.74358975	-78.08233194
5.75091576	-70.50992765
5.75824177	-72.06386144
5.76556778	-84.43540111
5.77289378	-79.76523741
5.78021979	-74.16720821
5.78754580	-86.48282107
5.79487181	-81.06940604
5.80219781	-72.44967193
5.80952382	-77.39254153
5.81684983	-77.34831913
5.82417583	-73.66012349
5.83150184	-82.00729073
5.83882785	-70.97209480
5.84615386	-77.80667504
5.85347986	-75.13175094
5.86080587	-82.43510999
5.86813188	-71.78499005
5.87545789	-81.23805193
5.88278389	-79.29083339
5.89010990	-79.39330655
5.89743591	-76.03992558
5.90476192	-73.97065785
5.91208792	-83.70015488
5.91941393	-73.01995544
5.92673994	-89.45868560
5.93406594	-80.85787561
5.94139195	-73.08487857
5.94871796	-83.95592590
5.95604397	-73.44964728
5.96336997	-75.05612292
5.97069598	-76.72266707
5.97802199	-72.91230943
5.98534800	-78.84021509
5.99267400	-77.32399342
6.00000001	-78.74340360
6.00732602	-74.35854722
6.01465203	-71.81871872
6.02197803	-70.96518339
6.02930404	-75.01183486
6.03663005	-75.44982515
6.04395605	-80.96894894
6.05128206	-73.46706881
6.05860807	-84.28520606
6.06593408	-74.35650165
6.07326008	-79.12489957
6.08058609	-92.91638777
6.08791210	-79.10280651
6.09523811	-75.00509928
6.10256411	-75.96120252
6.10989012	-77.44999936
6.11721613	-76.88246324
6.12454214	-73.96768505
6.13186814	-84.29718098
6.13919415	-81.28418981
6.14652016	-78.16031607
6.15384616	-77.01986051
6.16117217	-81.85454542
6.16849818	-74.40022221
6.17582419	-77.01753211
6.18315019	-87.08085241
6.19047620	-83.65981331
6.19780221	-75.54378044
6.20512822	-81.10929271
6.21245422	-72.23088093
6.21978023	-74.98537256
6.22710624	-78.99088900
6.23443225	-70.83768681
6.24175825	-75.03249733
6.24908426	-76.50644466
6.25641027	-76.69188646
6.26373627	-83.58232412
6.27106228	-83.08436967
6.27838829	-77.02942923
6.28571430	-75.33623962
6.29304030	-73.01149051
6.30036631	-75.36902034
6.30769232	-85.47379076
6.31501833	-86.53584968
6.32234433	-80.26174353
6.32967034	-85.21556010
6.33699635	-84.67378883
6.34432236	-73.58602102
6.35164836	-73.31117110
6.35897437	-84.97966940
6.36630038	-81.23845659
6.37362638	-86.04984101
6.38095239	-78.59052707
6.38827840	-80.70080730
6.39560441	-81.72024640
6.40293041	-75.24970805
6.41025642	-82.20328050
6.41758243	-77.60453587
6.42490844	-79.08608077
6.43223444	-79.23685933
6.43956045	-83.23850419
6.44688646	-89.51041141
6.45421247	-86.79647142
6.46153847	-85.99078766
6.46886448	-86.49489894
6.47619049	-87.52908298
6.48351650	-83.13785327
6.49084250	-74.33958857
6.49816851	-77.06190207
6.50549452	-88.22202245
6.51282052	-84.60856969
6.52014653	-112.37215094
6.52747254	-81.88044248
6.53479855	-75.05490467
6.54212455	-77.33797695
6.54945056	-73.40451478
6.55677657	-92.36796428
6.56410258	-75.36492683
6.57142858	-86.36669803
6.57875459	-77.40949104
6.58608060	-83.20618482
6.59340661	-73.26307864
6.60073261	-76.90004381
6.60805862	-82.89944513
6.61538463	-80.17801764
6.62271063	-74.73795669
6.63003664	-80.20841168
6.63736265	-72.28705954
6.64468866	-69.77631231
6.65201466	-73.26461439
6.65934067	-77.60129580
6.66666668	-72.60271413
6.67399269	-83.71822806
6.68131869	-75.39229958
6.68864470	-82.45299244
6.69597071	-81.12775719
6.70329672	-82.45774748
6.71062272	-92.58768986
6.71794873	-83.24492891
6.72527474	-74.28001160
6.73260074	-77.90268417
6.73992675	-74.14059664
6.74725276	-73.07183303
6.75457877	-80.45624932
6.76190477	-86.72543858
6.76923078	-78.13890540
6.77655679	-77.73418659
6.78388280	-75.58314752
6.79120880	-90.55642886
6.79853481	-73.53633439
6.80586082	-76.59683316
6.81318683	-72.46808123
6.82051283	-79.55038004
6.82783884	-94.81637888
6.83516485	-83.98480489
6.84249085	-81.22546088
6.84981686	-82.90537390
6.85714287	-77.55512588
6.86446888	-72.95784735
6.87179488	-75.55606996
6.87912089	-74.49072130
6.88644690	-74.19393418
6.89377291	-86.92561330
6.90109891	-81.59505067
6.90842492	-80.95828139
6.91575093	-81.09322042
6.92307694	-80.45783675
6.93040294	-86.39436750
6.93772895	-79.51633821
6.94505496	-73.93604091
6.95238096	-79.64502821
6.95970697	-80.09500873
6.96703298	-78.27851359
6.97435899	-81.78668284
6.98168499	-79.44950113
6.98901100	-80.12939150
6.99633701	-91.46716787
7.00366302	-77.52568916
7.01098902	-76.87977980
7.01831503	-74.10160395
7.02564104	-79.92908347
7.03296705	-71.85474984
7.04029305	-84.79339039
7.04761906	-71.32410276
7.05494507	-76.27896609
7.06227107	-76.62129008
7.06959708	-80.57035378
7.07692309	-76.05286951
7.08424910	-81.96762762
7.09157510	-85.19519158
7.09890111	-79.17534899
7.10622712	-73.95132759
7.11355313	-78.23099203
7.12087913	-98.12829507
7.12820514	-79.39767951
7.13553115	-72.09064699
7.14285716	-82.82952895
7.15018316	-96.77820957
7.15750917	-73.09587117
7.16483518	-77.25774807
7.17216118	-74.43818270
7.17948719	-75.12983194
7.18681320	-85.26596439
7.19413921	-83.79821115
7.20146521	-78.06853117
7.20879122	-89.38937916
7.21611723	-73.48081189
7.22344324	-74.87658894
7.23076924	-73.47741588
7.23809525	-77.18482322
7.24542126	-74.60248737
7.25274727	-74.50845644
7.26007327	-82.36390533
7.26739928	-80.85928843
7.27472529	-84.30920390
7.28205130	-77.82627599
7.28937730	-85.27029677
7.29670331	-78.07704523
7.30402932	-74.22546615
7.31135532	-74.79670310
7.31868133	-84.65213761
7.32600734	-78.47283184
7.33333335	-78.60711497
7.34065935	-80.60350408
7.34798536	-80.58156927
7.35531137	-81.39862679
7.36263738	-78.17628996
7.36996338	-89.92986934
7.37728939	-85.64998995
7.38461540	-82.37330599
7.39194141	-81.53709606
7.39926741	-76.05862917
7.40659342	-79.26765214
7.41391943	-73.87885149
7.42124543	-80.60520385
7.42857144	-77.52723197
7.43589745	-91.55983354
7.44322346	-71.07531359
7.45054946	-75.38154418
7.45787547	-76.49745227
7.46520148	-77.88914257
7.47252749	-77.67517755
7.47985349	-75.23964735
7.48717950	-74.25425376
7.49450551	-76.67962079
7.50183152	-77.41689356
7.50915752	-77.48603087
7.51648353	-89.45760719
7.52380954	-82.32632702
7.53113554	-80.63788019
7.53846155	-82.37740753
7.54578756	-74.11885222
7.55311357	-81.91974026
7.56043957	-72.24857330
7.56776558	-71.29845295
7.57509159	-79.90318868
7.58241760	-76.03203216
7.58974360	-81.48125998
7.59706961	-80.91632462
7.60439562	-81.85436195
7.61172163	-75.55925411
7.61904763	-85.29274735
7.62637364	-78.04875156
7.63369965	-72.72478598
7.64102565	-76.74617229
7.64835166	-72.14462230
7.65567767	-76.69630174
7.66300368	-87.21732201
7.67032968	-83.66744094
7.67765569	-80.00024100
7.68498170	-73.17720066
7.69230771	-92.79051831
7.69963371	-76.09318719
7.70695972	-83.64327820
7.71428573	-75.17363373
7.72161174	-81.52433592
7.72893774	-91.57045164
7.73626375	-75.55953797
7.74358976	-83.66838599
7.75091576	-78.57264513
7.75824177	-86.71652636
7.76556778	-83.18055857
7.77289379	-84.23043664
7.78021979	-86.85407640
7.78754580	-79.55848171
7.79487181	-73.77360401
7.80219782	-80.93091712
7.80952382	-82.31533415
7.81684983	-73.69001805
7.82417584	-72.95624900
7.83150185	-72.36234868
7.83882785	-74.19625343
7.84615386	-83.05845466
7.85347987	-79.72657277
7.86080587	-76.86275479
7.86813188	-78.54971273
7.87545789	-79.03826027
7.88278390	-76.19316366
7.89010990	-80.77157433
7.89743591	-80.63846305
7.90476192	-79.10380457
7.91208793	-84.32764034
7.91941393	-84.66530699
7.92673994	-75.90697263
7.93406595	-79.53799048
7.94139196	-74.41776784
7.94871796	-75.90142961
7.95604397	-76.14902640
7.96336998	-73.78947406
7.97069598	-74.89823726
7.97802199	-76.41161682
7.98534800	-71.86004251
7.99267401	-69.12181217
8.00000001	-80.56810833
8.00732602	-83.09730183
8.01465203	-75.37050602
8.02197804	-82.60971345
8.02930404	-83.85484604
8.03663005	-77.40893892
8.04395606	-83.04038671
8.05128207	-77.84506835
8.05860807	-82.30187934
8.06593408	-80.09723907
8.07326009	-91.20909172
8.08058609	-82.86617240
8.08791210	-75.18718455
8.09523811	-79.07822753
8.10256412	-76.78050699
8.10989012	-77.69115140
8.11721613	-87.90344848
8.12454214	-76.33169879
8.13186815	-77.59408489
8.13919415	-76.03832592
8.14652016	-81.10032711
8.15384617	-79.34423794
8.16117218	-79.42752516
8.16849818	-81.16759646
8.17582419	-75.84247813
8.18315020	-77.08746904
8.19047621	-80.70210868
8.19780221	-83.86754352
8.20512822	-82.30998255
8.21245423	-83.90444179
8.21978023	-81.63055187
8.22710624	-73.58647227
8.23443225	-81.02071997
8.24175826	-70.02331718
8.24908426	-70.76172125
8.25641027	-92.97787471
8.26373628	-72.88935956
8.27106229	-82.38601032
8.27838829	-77.03245728
8.28571430	-79.37311479
8.29304031	-75.18225112
8.30036632	-81.91854641
8.30769232	-75.82143846
8.31501833	-76.82023545
8.32234434	-76.13769793
8.32967034	-74.20734023
8.33699635	-80.66953290
8.34432236	-86.14691678
8.35164837	-78.78658445
8.35897437	-79.95238438
8.36630038	-94.18200861
8.37362639	-77.59678887
8.38095240	-78.82978831
8.38827840	-82.47073091
8.39560441	-79.99647317
8.40293042	-79.90297538
8.41025643	-69.12986730
8.41758243	-71.28259914
8.42490844	-81.23289533
8.43223445	-78.34080335
8.43956045	-80.44779195
8.44688646	-74.87713331
8.45421247	-77.14918228
8.46153848	-71.44939772
8.46886448	-85.40879463
8.47619049	-82.13531964
8.48351650	-95.94418394
8.49084251	-80.18304517
8.49816851	-75.14129563
8.50549452	-81.36246106
8.51282053	-85.39670286
8.52014654	-81.86914807
8.52747254	-86.34917756
8.53479855	-80.27418157
8.54212456	-87.70964511
8.54945056	-85.02978103
8.55677657	-85.28244049
8.56410258	-86.87577660
8.57142859	-80.35258272
8.57875459	-89.25227340
8.58608060	-74.92109760
8.59340661	-75.34713122
8.60073262	-78.93345176
8.60805862	-81.76564626
8.61538463	-77.62601691
8.62271064	-80.13644498
8.63003665	-83.61046397
8.63736265	-84.82211941
8.64468866	-80.54619357
8.65201467	-88.59509628
8.65934067	-76.87030201
8.66666668	-73.87528273
8.67399269	-70.53269486
8.68131870	-76.38841673
8.68864470	-87.41116340
8.69597071	-88.90493081
8.70329672	-103.63765886
8.71062273	-80.79682875
8.71794873	-84.35033921
8.72527474	-80.26672728
8.73260075	-90.12313116
8.73992676	-78.62043451
8.74725276	-76.49318012
8.75457877	-76.05073009
8.76190478	-79.88825872
8.76923078	-88.57681759
8.77655679	-78.63817898
8.78388280	-75.19988679
8.79120881	-94.22641851
8.79853481	-73.62322206
8.80586082	-79.84528622
8.81318683	-71.91599087
8.82051284	-79.97273201
8.82783884	-86.33050328
8.83516485	-76.44698197
8.84249086	-72.60346454
8.84981687	-86.72972437
8.85714287	-77.59160026
8.86446888	-76.66277414
8.87179489	-77.81033889
8.87912089	-85.28095589
8.88644690	-78.64921637
8.89377291	-72.66952407
8.90109892	-79.54030050
8.90842492	-82.94026852
8.91575093	-76.34455355
8.92307694	-83.38442943
8.93040295	-79.31259307
8.93772895	-77.73091843
8.94505496	-81.62521608
8.95238097	-74.05667646
8.95970698	-88.81032726
8.96703298	-69.67911579
8.97435899	-74.58261677
8.98168500	-76.86264284
8.98901101	-90.54274318
8.99633701	-72.66471224
9.00366302	-72.46018733
9.01098903	-71.88980561
9.01831503	-77.17858289
9.02564104	-76.60448639
9.03296705	-77.24284055
9.04029306	-74.94146486
9.04761906	-76.41964299
9.05494507	-73.76074954
9.06227108	-71.26977949
9.06959709	-78.94554334
9.07692309	-71.09744848
9.08424910	-73.07978644
9.09157511	-84.94233704
9.09890112	-85.77146466
9.10622712	-77.33546186
9.11355313	-76.99525120
9.12087914	-74.33391711
9.12820514	-74.93420205
9.13553115	-76.64506658
9.14285716	-71.37500181
9.15018317	-81.80116328
9.15750917	-80.17794956
9.16483518	-83.74594846
9.17216119	-76.41529779
9.17948720	-80.52895532
9.18681320	-84.09959558
9.19413921	-80.97328853
9.20146522	-77.77562811
9.20879123	-81.56412360
9.21611723	-82.48154227
9.22344324	-78.43565465
9.23076925	-71.03295511
9.23809525	-74.84520977
9.24542126	-82.53971697
9.25274727	-90.45595314
9.26007328	-81.24176688
9.26739928	-81.94693119
9.27472529	-78.74988904
9.28205130	-86.64880043
9.28937731	-76.18905933
9.29670331	-76.69931766
9.30402932	-80.37946181
9.31135533	-86.00392986
9.31868134	-72.22722581
9.32600734	-73.65939701
9.33333335	-86.58957222
9.34065936	-76.82687021
9.34798536	-84.30804232
9.35531137	-79.76395964
9.36263738	-72.59298203
9.36996339	-75.52991206
9.37728939	-90.20098851
9.38461540	-83.35392831
9.39194141	-83.10370199
9.39926742	-82.68172471
9.40659342	-77.78665837
9.41391943	-79.62451889
9.42124544	-76.20588048
9.42857145	-74.20580440
9.43589745	-77.83574343
9.44322346	-77.35472984
9.45054947	-80.21346446
9.45787547	-79.07183035
9.46520148	-76.86701285
9.47252749	-75.14000950
9.47985350	-83.81936486
9.48717950	-78.64853526
9.49450551	-76.55278876
9.50183152	-77.13142662
9.50915753	-72.75123237
9.51648353	-86.97418223
9.52380954	-74.13638943
9.53113555	-79.29929854
9.53846156	-77.98097547
9.54578756	-84.90641548
9.55311357	-70.37637356
9.56043958	-94.19657004
9.56776558	-69.47419858
9.57509159	-74.36595411
9.58241760	-76.30234138
9.58974361	-76.65337668
9.59706961	-81.45721848
9.60439562	-71.93750077
9.61172163	-74.95777580
9.61904764	-76.36047988
9.62637364	-80.08771387
9.63369965	-82.56327207
9.64102566	-82.89060286
9.64835167	-72.47844924
9.65567767	-79.66097616
9.66300368	-78.43295244
9.67032969	-85.04216315
9.67765569	-81.28168296
9.68498170	-85.41143026
9.69230771	-81.70919538
9.69963372	-78.01160197
9.70695972	-84.12943759
9.71428573	-83.86044064
9.72161174	-84.82060110
9.72893775	-80.36896661
9.73626375	-81.97578579
9.74358976	-72.84859264
9.75091577	-77.54081869
9.75824178	-78.64723717
9.76556778	-78.33449935
9.77289379	-69.61360606
9.78021980	-84.97221381
9.78754580	-73.86183188
9.79487181	-75.57403082
9.80219782	-77.64110441
9.80952383	-97.57246828
9.81684983	-75.41344675
9.82417584	-96.14821758
9.83150185	-71.92129077
9.83882786	-77.50968692
9.84615386	-83.02708007
9.85347987	-81.82844842
9.86080588	-75.81098902
9.86813189	-83.82151844
9.87545789	-83.69523330
9.88278390	-85.13935388
9.89010991	-86.14017524
9.89743592	-80.04893450
9.90476192	-78.45683146
9.91208793	-78.23193174
9.91941394	-74.78920919
9.92673994	-74.41462471
9.93406595	-80.21619616
9.94139196	-72.21849938
9.94871797	-79.63308098
9.95604397	-82.43140876
9.96336998	-81.59104018
9.97069599	-89.87292469
9.97802200	-78.65889164
9.98534800	-100.63850027
9.99267401	-94.24573667
10.00000002	-77.93384388
10.00732603	-79.79362626
10.01465203	-86.74803765
10.02197804	-91.14063433
10.02930405	-77.15247813
10.03663005	-75.64506738
10.04395606	-75.71008308
10.05128207	-84.21838334
10.05860808	-81.66140874
10.06593408	-79.01080354
10.07326009	-91.50744111
10.08058610	-74.84450459
10.08791211	-78.74277033
10.09523811	-75.63042217
10.10256412	-76.57579272
10.10989013	-71.69519945
10.11721614	-76.90100717
10.12454214	-77.43110074
10.13186815	-83.54666830
10.13919416	-81.94677708
10.14652016	-77.40361705
10.15384617	-79.56268873
10.16117218	-82.66625932
10.16849819	-83.65016698
10.17582419	-72.49561700
10.18315020	-73.83913505
10.19047621	-79.85350329
10.19780222	-74.85705794
10.20512822	-79.98972083
10.21245423	-87.81498187
10.21978024	-74.00707859
10.22710625	-75.28343869
10.23443225	-82.18661767
10.24175826	-81.83655036
10.24908427	-76.52657664
10.25641027	-79.34765334
10.26373628	-76.42802146
10.27106229	-81.31714981
10.27838830	-75.03756003
10.28571430	-85.60556064
10.29304031	-78.75939222
10.30036632	-78.99553526
10.30769233	-74.56853164
10.31501833	-74.13594323
10.32234434	-78.56381130
10.32967035	-86.79421359
10.33699636	-79.11046663
10.34432236	-77.50341114
10.35164837	-86.53809746
10.35897438	-85.23789190
10.36630038	-78.80625129
10.37362639	-84.04807559
10.38095240	-78.48724162
10.38827841	-86.44852262
10.39560441	-80.34647231
10.40293042	-79.87691416
10.41025643	-88.12396533
10.41758244	-79.95469268
10.42490844	-75.63323605
10.43223445	-77.51240663
10.43956046	-83.92281269
10.44688647	-93.88538930
10.45421247	-85.57280749
10.46153848	-76.47009634
10.46886449	-72.41742867
10.47619049	-88.69120797
10.48351650	-79.40601427
10.49084251	-87.50759487
10.49816852	-85.52456843
10.50549452	-79.18810926
10.51282053	-83.50601393
10.52014654	-78.01511354
10.52747255	-73.36459187
10.53479855	-72.02431909
10.54212456	-75.71465325
10.54945057	-74.55684324
10.55677658	-71.01134620
10.56410258	-79.34798739
10.57142859	-77.72487699
10.57875460	-78.00118474
10.58608060	-72.78101750
10.59340661	-70.10919274
10.60073262	-82.84820376
10.60805863	-76.60863645
10.61538463	-81.18979071
10.62271064	-84.18064128
10.63003665	-89.52225834
10.63736266	-74.89830992
10.64468866	-80.99481473
10.65201467	-80.20847612
10.65934068	-80.13961246
10.66666669	-82.59218089
10.67399269	-76.57859176
10.68131870	-81.39020223
10.68864471	-73.78488244
10.69597072	-75.23791686
10.70329672	-83.13929841
10.71062273	-76.87705485
10.71794874	-79.86803960
10.72527474	-81.57071655
10.73260075	-74.77417852
10.73992676	-87.73150895
10.74725277	-76.59310789
10.75457877	-88.61666581
10.76190478	-77.44461502
10.76923079	-81.79454429
10.77655680	-91.84662450
10.78388280	-79.73654859
10.79120881	-73.30849076
10.79853482	-75.60779395
10.80586083	-95.90071415
10.81318683	-71.26573144
10.82051284	-73.74032488
10.82783885	-97.19256117
10.83516485	-76.62783259
10.84249086	-78.15605802
10.84981687	-72.66679558
10.85714288	-85.71168743
10.86446888	-74.23624761
10.87179489	-76.79406882
10.87912090	-79.90583291
10.88644691	-74.57982651
10.89377291	-84.60657041
10.90109892	-76.15779396
10.90842493	-80.60705093
10.91575094	-82.27237778
10.92307694	-82.84992288
10.93040295	-78.80747835
10.93772896	-87.14429834
10.94505496	-75.18917225
10.95238097	-78.75832539
10.95970698	-78.63404913
10.96703299	-73.09704416
10.97435899	-71.40637691
10.98168500	-78.37869668
10.98901101	-81.29696032
10.99633702	-83.54463142
11.00366302	-75.77767673
11.01098903	-88.76538925
11.01831504	-77.54328983
11.02564105	-81.27782045
11.03296705	-78.07596450
11.04029306	-81.18532870
11.04761907	-78.82089251
11.05494507	-96.14804525
11.06227108	-81.98110140
11.06959709	-85.29515558
11.07692310	-79.21746791
11.08424910	-82.39239826
11.09157511	-77.41152478
11.09890112	-76.32030473
11.10622713	-84.20046319
11.11355313	-79.92210284
11.12087914	-79.99242748
11.12820515	-97.84760671
11.13553116	-82.48481851
11.14285716	-85.69271202
11.15018317	-71.67152657
11.15750918	-72.58177456
11.16483518	-76.57799321
11.17216119	-78.06941357
11.17948720	-87.45352036
11.18681321	-72.96867553
11.19413921	-74.65738420
11.20146522	-76.52825607
11.20879123	-81.68719757
11.21611724	-84.33463153
11.22344324	-70.23092487
11.23076925	-72.09006976
11.23809526	-79.54032050
11.24542127	-77.16691137
11.25274727	-77.15550387
11.26007328	-77.20873775
11.26739929	-73.63001998
11.27472529	-74.32954132
11.28205130	-81.19951978
11.28937731	-80.39769825
11.29670332	-77.87024830
11.30402932	-75.20192803
11.31135533	-84.41897144
11.31868134	-98.76425030
11.32600735	-79.76112141
11.33333335	-79.94675603
11.34065936	-75.74773383
11.34798537	-73.80998982
11.35531138	-68.29412318
11.36263738	-76.52449127
11.36996339	-80.73334668
11.37728940	-84.58161379
11.38461540	-76.86548683
11.39194141	-76.52282929
11.39926742	-80.79646762
11.40659343	-83.79291294
11.41391943	-81.48045789
11.42124544	-79.06126006
11.42857145	-72.79507165
11.43589746	-72.84870960
11.44322346	-91.83716274
11.45054947	-79.63801867
11.45787548	-78.63907783
11.46520149	-76.91355075
11.47252749	-77.98911816
11.47985350	-86.30560986
11.48717951	-79.05396442
11.49450551	-78.64434719
11.50183152	-81.70995550
11.50915753	-79.05170852
11.51648354	-79.65434548
11.52380954	-75.56396760
11.53113555	-75.31250564
11.53846156	-68.23877701
11.54578757	-74.80890825
11.55311357	-73.95090462
11.56043958	-75.21880503
11.56776559	-89.73142242
11.57509160	-85.12624478
11.58241760	-81.06246133
11.58974361	-77.47654070
11.59706962	-73.30230019
11.60439563	-84.11094452
11.61172163	-74.36323039
11.61904764	-76.53696243
11.62637365	-74.65891756
11.63369965	-82.72648429
11.64102566	-90.21083332
11.64835167	-87.25549788
11.65567768	-73.39477721
11.66300368	-77.52049314
11.67032969	-76.22112874
11.67765570	-82.15997334
11.68498171	-73.49412476
11.69230771	-76.98888547
11.69963372	-78.19419597
11.70695973	-79.86505297
11.71428574	-79.25087871
11.72161174	-88.30156733
11.72893775	-80.91324910
11.73626376	-74.22354075
11.74358976	-75.74835098
11.75091577	-73.91306951
11.75824178	-79.17874232
11.76556779	-77.02855874
11.77289379	-75.24425295
11.78021980	-75.76111496
11.78754581	-81.88540453
11.79487182	-81.60452572
11.80219782	-74.16679904
11.80952383	-81.79884143
11.81684984	-76.52059746
11.82417585	-88.13956536
11.83150185	-76.00188860
11.83882786	-84.26480633
11.84615387	-81.33186677
11.85347987	-77.63909917
11.86080588	-80.68749778
11.86813189	-82.40493248
11.87545790	-79.79575080
11.88278390	-70.89360284
11.89010991	-86.31851152
11.89743592	-84.43829579
11.90476193	-91.45431751
11.91208793	-75.31060076
11.91941394	-78.72472762
11.92673995	-80.36752523
11.93406596	-72.87538739
11.94139196	-73.34017364
11.94871797	-81.51271754
11.95604398	-76.20170773
11.96336998	-73.11481208
11.97069599	-75.62502108
11.97802200	-80.93754625
11.98534801	-73.20832025
11.99267401	-77.76089448
12.00000002	-80.64633496
12.00732603	-78.50591831
12.01465204	-79.26544962
12.02197804	-72.62161276
12.02930405	-76.89470284
12.03663006	-79.36911122
12.04395607	-75.14045913
12.05128207	-73.94600255
12.05860808	-77.28477421
12.06593409	-76.33352986
12.07326009	-72.67324674
12.08058610	-75.26349969
12.08791211	-81.53435127
12.09523812	-79.38265719
12.10256412	-83.03702369
12.10989013	-78.66626424
12.11721614	-79.82404474
12.12454215	-75.18179174
12.13186815	-94.79172924
12.13919416	-79.61013070
12.14652017	-90.77973266
12.15384618	-80.03030449
12.16117218	-79.47503782
12.16849819	-75.52830867
12.17582420	-96.81716698
12.18315020	-85.57405459
12.19047621	-84.84605933
12.19780222	-74.46198934
12.20512823	-76.09460485
12.21245423	-81.91072395
12.21978024	-86.53303649
12.22710625	-78.39396218
12.23443226	-77.64652458
12.24175826	-83.47464540
12.24908427	-84.14687802
12.25641028	-79.91610113
12.26373629	-74.31426829
12.27106229	-83.15271212
12.27838830	-78.29555562
12.28571431	-79.18197074
12.29304031	-74.28376222
12.30036632	-78.14156194
12.30769233	-87.02053386
12.31501834	-81.30163842
12.32234434	-79.48530824
12.32967035	-78.07891043
12.33699636	-78.97957860
12.34432237	-83.04200900
12.35164837	-73.47484233
12.35897438	-77.52647086
12.36630039	-72.65835447
12.37362640	-77.57441491
12.38095240	-70.32922093
12.38827841	-73.01728774
12.39560442	-78.32233918
12.40293043	-79.66272912
12.41025643	-79.54647710
12.41758244	-74.91106064
12.42490845	-72.39121378
12.43223445	-76.68343166
12.43956046	-76.70377523
12.44688647	-76.08352622
12.45421248	-74.26819905
12.46153848	-80.65713704
12.46886449	-83.53741100
12.47619050	-75.13357217
12.48351651	-73.58537599
12.49084251	-72.42128283
12.49816852	-80.57889143
12.50549453	-80.87463506
12.51282054	-85.98573027
12.52014654	-79.90851071
12.52747255	-79.87326913
12.53479856	-73.34354749
12.54212456	-86.65139239
12.54945057	-77.51085981
12.55677658	-76.90945983
12.56410259	-79.67231894
12.57142859	-85.19816708
12.57875460	-79.01003023
12.58608061	-85.76965960
12.59340662	-79.83033796
12.60073262	-83.05675973
12.60805863	-81.54010258
12.61538464	-85.88152693
12.62271065	-78.50479253
12.63003665	-78.12777570
12.63736266	-78.64304659
12.64468867	-79.25739178
12.65201467	-89.92983644
12.65934068	-84.74004698
12.66666669	-81.72307008
12.67399270	-77.67770019
12.68131870	-75.33347799
12.68864471	-83.92198996
12.69597072	-75.30139135
12.70329673	-73.07146921
12.71062273	-75.43307560
12.71794874	-85.81338183
12.72527475	-77.78249934
12.73260076	-96.49307852
12.73992676	-74.54615370
12.74725277	-86.11601423
12.75457878	-79.66966680
12.76190478	-76.96355033
12.76923079	-77.05533311
12.77655680	-78.88454161
12.78388281	-77.12523371
12.79120881	-76.91996584
12.79853482	-83.11175183
12.80586083	-80.93785655
12.81318684	-73.22075541
12.82051284	-79.22817921
12.82783885	-76.51062596
12.83516486	-83.04598702
12.84249087	-91.26845178
12.84981687	-76.14130350
12.85714288	-77.34511956
12.86446889	-76.89057718
12.87179489	-73.85457295
12.87912090	-86.59285278
12.88644691	-75.68880470
12.89377292	-87.83284891
12.90109892	-79.22215749
12.90842493	-79.59264253
12.91575094	-91.35013859
12.92307695	-81.27847247
12.93040295	-87.74489413
12.93772896	-84.63282329
12.94505497	-80.79259982
12.95238098	-75.15918189
12.95970698	-80.37472538
12.96703299	-80.50480662
12.97435900	-79.66329813
12.98168500	-75.87477578
12.98901101	-77.86591583
12.99633702	-77.28534938
13.00366303	-84.56076146
13.01098903	-69.94769012
13.01831504	-78.01490693
13.02564105	-78.12565561
13.03296706	-80.83653976
13.04029306	-76.49993917
13.04761907	-85.30054948
13.05494508	-78.30311077
13.06227109	-73.18289255
13.06959709	-79.06107873
13.07692310	-76.74333167
13.08424911	-76.96328048
13.09157511	-85.07933142
13.09890112	-74.87141735
13.10622713	-75.14613694
13.11355314	-74.99074183
13.12087914	-72.32686386
13.12820515	-81.89814260
13.13553116	-79.49973737
13.14285717	-73.12945374
13.15018317	-92.57371810
13.15750918	-77.00965623
13.16483519	-76.45786890
13.17216120	-78.00973424
13.17948720	-77.66247637
13.18681321	-78.32351336
13.19413922	-79.46677941
13.20146522	-77.49419627
13.20879123	-78.66775087
13.21611724	-77.46328772
13.22344325	-88.08429742
13.23076925	-80.82732194
13.23809526	-72.84204891
13.24542127	-72.88149369
13.25274728	-80.77203283
13.26007328	-74.92076604
13.26739929	-74.98782376
13.27472530	-82.51590391
13.28205131	-90.98322981
13.28937731	-83.49841213
13.29670332	-75.84877353
13.30402933	-76.82908344
13.31135534	-75.37129416
13.31868134	-76.71657766
13.32600735	-73.91302078
13.33333336	-73.51719827
13.34065936	-80.93335776
13.34798537	-75.70721605
13.35531138	-75.37554663
13.36263739	-78.12208413
13.36996339	-83.30311838
13.37728940	-77.84746100
13.38461541	-73.04919002
13.39194142	-79.57029566
13.39926742	-72.26077025
13.40659343	-73.23561525
13.41391944	-81.98152424
13.42124545	-79.45932537
13.42857145	-78.83363966
13.43589746	-77.45196630
13.44322347	-73.79579780
13.45054947	-82.53885237
13.45787548	-83.92486636
13.46520149	-90.28497757
13.47252750	-78.79126357
13.47985350	-79.64752849
13.48717951	-79.34047387
13.49450552	-86.99625256
13.50183153	-75.20728288
13.50915753	-81.19863032
13.51648354	-86.28786240
13.52380955	-76.20301798
13.53113556	-76.84316184
13.53846156	-74.08153291
13.54578757	-72.65449784
13.55311358	-75.60573553
13.56043958	-85.37867534
13.56776559	-75.68459123
13.57509160	-73.19348608
13.58241761	-74.40767494
13.58974361	-87.26824336
13.59706962	-78.46619200
13.60439563	-77.65908525
13.61172164	-80.36193404
13.61904764	-78.19525827
13.62637365	-81.99889123
13.63369966	-79.23675598
13.64102567	-82.34789287
13.64835167	-79.23419260
13.65567768	-78.37774066
13.66300369	-73.21821998
13.67032969	-78.55392441
13.67765570	-83.93326563
13.68498171	-75.63728577
13.69230772	-87.73811700
13.69963372	-71.57640045
13.70695973	-75.20279141
13.71428574	-83.10538453
13.72161175	-76.27187891
13.72893775	-78.46599025
13.73626376	-93.06536571
13.74358977	-70.72943561
13.75091578	-72.94320820
13.75824178	-76.53115042
13.76556779	-82.24309859
13.77289380	-74.74171351
13.78021980	-79.94736948
13.78754581	-73.07948832
13.79487182	-75.67576221
13.80219783	-79.10456269
13.80952383	-81.26683271
13.81684984	-83.66270359
13.82417585	-88.50932372
13.83150186	-84.19281723
13.83882786	-74.67826175
13.84615387	-76.95513292
13.85347988	-78.06131638
13.86080589	-82.28148015
13.86813189	-80.56460174
13.87545790	-71.62245604
13.88278391	-68.91341572
13.89010991	-75.13200993
13.89743592	-78.91882845
13.90476193	-83.07955347
13.91208794	-76.64796608
13.91941394	-80.59411735
13.92673995	-73.10732512
13.93406596	-81.34953265
13.94139197	-76.09039356
13.94871797	-82.05596192
13.95604398	-78.48256757
13.96336999	-74.74012759
13.97069600	-89.74975565
13.97802200	-81.97330651
13.98534801	-78.40607009
13.99267402	-78.72051700
14.00000002	-88.03290878
14.00732603	-88.03012897
14.01465204	-81.59890370
14.02197805	-78.17578683
14.02930405	-83.68886086
14.03663006	-78.01807756
14.04395607	-76.02266071
14.05128208	-80.14193297
14.05860808	-83.91116383
14.06593409	-86.23319038
14.07326010	-82.00470825
14.08058611	-96.76731856
14.08791211	-90.16000784
14.09523812	-82.72571082
14.10256413	-75.81209899
14.10989014	-77.18806599
14.11721614	-83.57764511
14.12454215	-81.03922876
14.13186816	-79.78387006
14.13919416	-82.99948697
14.14652017	-82.71434866
14.15384618	-80.90042321
14.16117219	-75.00401029
14.16849819	-75.69860704
14.17582420	-85.25294206
14.18315021	-83.82453505
14.19047622	-82.32072475
14.19780222	-95.73245281
14.20512823	-82.51402830
14.21245424	-79.85555286
14.21978025	-78.11229901
14.22710625	-72.64962437
14.23443226	-75.20617286
14.24175827	-77.31275294
14.24908427	-82.22911348
14.25641028	-75.45910652
14.26373629	-76.31399796
14.27106230	-73.59113000
14.27838830	-80.04918758
14.28571431	-78.19664137
14.29304032	-79.41183996
14.30036633	-77.54213517
14.30769233	-71.49680693
14.31501834	-74.62303685
14.32234435	-78.90508026
14.32967036	-79.80496744
14.33699636	-82.87510008
14.34432237	-85.23877207
14.35164838	-75.63793097
14.35897438	-77.73490812
14.36630039	-76.65502799
14.37362640	-75.19961537
14.38095241	-70.35921292
14.38827841	-73.62143387
14.39560442	-80.90053739
14.40293043	-83.10373984
14.41025644	-77.01710528
14.41758244	-75.54387914
14.42490845	-77.35859641
14.43223446	-72.41927360
14.43956047	-78.32485909
14.44688647	-81.97253063
14.45421248	-79.97644906
14.46153849	-81.69380179
14.46886449	-88.70045569
14.47619050	-75.79074933
14.48351651	-77.16424021
14.49084252	-81.89005568
14.49816852	-94.40842130
14.50549453	-81.70518580
14.51282054	-76.69277915
14.52014655	-74.31336875
14.52747255	-79.03422796
14.53479856	-91.90076971
14.54212457	-81.77528825
14.54945058	-84.74657070
14.55677658	-78.26057621
14.56410259	-86.03211108
14.57142860	-79.59471006
14.57875460	-79.20531908
14.58608061	-83.54355762
14.59340662	-87.74597571
14.60073263	-87.25554756
14.60805863	-79.87513651
14.61538464	-85.23820856
14.62271065	-86.71478895
14.63003666	-81.65609445
14.63736266	-76.53194592
14.64468867	-83.38140021
14.65201468	-73.94817010
14.65934069	-77.76228977
14.66666669	-81.45494237
14.67399270	-71.75458998
14.68131871	-75.53310357
14.68864471	-85.57626805
14.69597072	-88.07106486
14.70329673	-87.96361766
14.71062274	-83.88241694
14.71794874	-84.00645136
14.72527475	-74.51718784
14.73260076	-84.46104563
14.73992677	-73.43938080
14.74725277	-80.90206678
14.75457878	-73.76446231
14.76190479	-70.40995041
14.76923080	-74.15264513
14.77655680	-89.61599928
14.78388281	-73.46505778
14.79120882	-76.89346918
14.79853482	-73.97119400
14.80586083	-85.12555951
14.81318684	-76.28570217
14.82051285	-79.43584097
14.82783885	-86.53155519
14.83516486	-70.99338239
14.84249087	-70.96280919
14.84981688	-75.53043386
14.85714288	-82.61179686
14.86446889	-78.23893359
14.87179490	-98.88575685
14.87912091	-72.08445894
14.88644691	-77.37044974
14.89377292	-89.34223386
14.90109893	-80.31726760
14.90842493	-82.28516688
14.91575094	-75.25926982
14.92307695	-76.37302282
14.93040296	-77.44727768
14.93772896	-81.34396177
14.94505497	-78.80353775
14.95238098	-80.89367617
14.95970699	-81.53103388
14.96703299	-75.54500323
14.97435900	-75.96833889
14.98168501	-82.01308200
14.98901102	-79.09506164
14.99633702	-84.93792880
