# Menlo Systems GmbH ScanControl
# Program Version 1.3.3
# Start: -327.00000000 ps, Average over 100 waveforms. Timestamp: 2026-05-07T11:54:03
# Window type: Tukey, parameters: alpha = 0.1
# User time axis shift: 0 ps
# Time [ps]	THz Signal [a.u.]
-326.90000000	0.00000000
-326.86666667	-0.00000000
-326.83333334	0.00000003
-326.80000000	-0.00000017
-326.76666667	0.00000024
-326.73333334	0.00000021
-326.70000000	-0.00000059
-326.66666667	0.00000077
-326.63333334	-0.00000084
-326.60000000	0.00000095
-326.56666667	0.00000118
-326.53333334	0.00000033
-326.50000000	-0.00000009
-326.46666667	0.00000058
-326.43333334	-0.00000067
-326.40000000	0.00000741
-326.36666667	0.00001009
-326.33333334	0.00000047
-326.30000000	-0.00000877
-326.26666667	0.00000122
-326.23333334	-0.00000404
-326.20000000	-0.00000506
-326.16666667	-0.00001428
-326.13333334	0.00000682
-326.10000000	0.00000395
-326.06666667	-0.00001686
-326.03333334	-0.00000301
-326.00000000	-0.00000101
-325.96666667	0.00000984
-325.93333334	-0.00000341
-325.90000000	0.00000553
-325.86666667	0.00000948
-325.83333334	-0.00000028
-325.80000000	-0.00001328
-325.76666667	-0.00000916
-325.73333334	-0.00000028
-325.70000000	0.00002134
-325.66666667	-0.00002673
-325.63333334	0.00003609
-325.60000001	-0.00000080
-325.56666667	-0.00002020
-325.53333334	0.00004562
-325.50000001	0.00004277
-325.46666667	-0.00000886
-325.43333334	0.00005462
-325.40000001	0.00000041
-325.36666667	0.00004592
-325.33333334	0.00008149
-325.30000001	0.00003349
-325.26666667	0.00000942
-325.23333334	0.00009651
-325.20000001	0.00010965
-325.16666667	0.00005647
-325.13333334	0.00009910
-325.10000001	-0.00004428
-325.06666667	-0.00000069
-325.03333334	0.00003946
-325.00000001	0.00002328
-324.96666667	0.00006894
-324.93333334	0.00012466
-324.90000001	-0.00000488
-324.86666667	0.00006811
-324.83333334	0.00006256
-324.80000001	0.00012755
-324.76666667	0.00014090
-324.73333334	0.00002368
-324.70000001	0.00011979
-324.66666667	0.00008494
-324.63333334	0.00008935
-324.60000001	0.00003422
-324.56666667	0.00014893
-324.53333334	0.00012685
-324.50000001	0.00021836
-324.46666667	0.00015155
-324.43333334	0.00014316
-324.40000001	0.00025828
-324.36666667	0.00017108
-324.33333334	0.00030297
-324.30000001	0.00026408
-324.26666668	0.00001845
-324.23333334	0.00002833
-324.20000001	0.00009720
-324.16666668	0.00014312
-324.13333334	0.00009013
-324.10000001	0.00024495
-324.06666668	0.00033740
-324.03333334	0.00018394
-324.00000001	0.00013761
-323.96666668	-0.00002003
-323.93333334	0.00019773
-323.90000001	0.00020796
-323.86666668	0.00026591
-323.83333334	0.00032336
-323.80000001	0.00016357
-323.76666668	0.00014040
-323.73333334	0.00015621
-323.70000001	0.00020413
-323.66666668	0.00022957
-323.63333334	0.00040139
-323.60000001	0.00035978
-323.56666668	0.00027775
-323.53333334	0.00047587
-323.50000001	0.00020345
-323.46666668	0.00035323
-323.43333334	0.00029104
-323.40000001	0.00023388
-323.36666668	0.00008883
-323.33333334	0.00029299
-323.30000001	0.00014990
-323.26666668	0.00003859
-323.23333334	0.00013542
-323.20000001	0.00024378
-323.16666668	0.00034829
-323.13333334	0.00030004
-323.10000001	0.00010596
-323.06666668	0.00007554
-323.03333334	0.00028857
-323.00000001	0.00034911
-322.96666668	-0.00002151
-322.93333334	0.00041490
-322.90000001	0.00034178
-322.86666668	0.00031021
-322.83333335	0.00049028
-322.80000001	0.00028318
-322.76666668	0.00006428
-322.73333335	0.00051697
-322.70000001	0.00053098
-322.66666668	0.00016410
-322.63333335	0.00028300
-322.60000001	0.00016025
-322.56666668	0.00042834
-322.53333335	0.00008239
-322.50000001	0.00045376
-322.46666668	0.00009870
-322.43333335	0.00006301
-322.40000001	0.00021274
-322.36666668	-0.00012908
-322.33333335	0.00017399
-322.30000001	0.00010277
-322.26666668	0.00027903
-322.23333335	0.00018762
-322.20000001	0.00025169
-322.16666668	0.00016193
-322.13333335	0.00044837
-322.10000001	0.00009346
-322.06666668	0.00009724
-322.03333335	0.00033799
-322.00000001	0.00033631
-321.96666668	0.00037381
-321.93333335	0.00013070
-321.90000001	0.00023866
-321.86666668	0.00028539
-321.83333335	0.00008702
-321.80000001	0.00023203
-321.76666668	0.00033572
-321.73333335	0.00021913
-321.70000001	-0.00013031
-321.66666668	0.00016287
-321.63333335	0.00035204
-321.60000001	0.00011361
-321.56666668	-0.00016772
-321.53333335	0.00008820
-321.50000002	0.00010495
-321.46666668	0.00023796
-321.43333335	0.00028906
-321.40000002	0.00019139
-321.36666668	0.00036570
-321.33333335	-0.00013468
-321.30000002	0.00023393
-321.26666668	0.00020185
-321.23333335	0.00007198
-321.20000002	0.00014220
-321.16666668	0.00017359
-321.13333335	0.00006172
-321.10000002	0.00003534
-321.06666668	-0.00015449
-321.03333335	-0.00006531
-321.00000002	0.00000336
-320.96666668	0.00006577
-320.93333335	0.00022019
-320.90000002	0.00016946
-320.86666668	0.00032871
-320.83333335	0.00014949
-320.80000002	0.00015547
-320.76666668	0.00033796
-320.73333335	0.00030075
-320.70000002	0.00022985
-320.66666668	0.00012171
-320.63333335	0.00017514
-320.60000002	0.00021401
-320.56666668	-0.00000556
-320.53333335	-0.00003290
-320.50000002	0.00020233
-320.46666668	0.00003719
-320.43333335	0.00010922
-320.40000002	-0.00011479
-320.36666668	0.00002732
-320.33333335	0.00003279
-320.30000002	-0.00001492
-320.26666668	0.00005948
-320.23333335	-0.00017802
-320.20000002	-0.00010348
-320.16666669	0.00003053
-320.13333335	-0.00000475
-320.10000002	-0.00023089
-320.06666669	-0.00011326
-320.03333335	-0.00012707
-320.00000002	-0.00009762
-319.96666669	-0.00005268
-319.93333335	-0.00007353
-319.90000002	-0.00014021
-319.86666669	-0.00008647
-319.83333335	-0.00008981
-319.80000002	-0.00017084
-319.76666669	0.00007766
-319.73333335	-0.00006466
-319.70000002	0.00011165
-319.66666669	-0.00015710
-319.63333335	-0.00003560
-319.60000002	0.00018431
-319.56666669	0.00016514
-319.53333335	-0.00031280
-319.50000002	-0.00005907
-319.46666669	0.00022678
-319.43333335	0.00030239
-319.40000002	0.00010759
-319.36666669	0.00025184
-319.33333335	0.00016717
-319.30000002	0.00016231
-319.26666669	-0.00017847
-319.23333335	0.00032297
-319.20000002	0.00028903
-319.16666669	0.00031431
-319.13333335	0.00025288
-319.10000002	0.00028220
-319.06666669	0.00035217
-319.03333335	0.00010884
-319.00000002	0.00003012
-318.96666669	0.00004944
-318.93333335	0.00002664
-318.90000002	0.00022730
-318.86666669	0.00017896
-318.83333335	0.00027035
-318.80000002	0.00000738
-318.76666669	0.00011037
-318.73333336	0.00001304
-318.70000002	-0.00004766
-318.66666669	0.00005069
-318.63333336	0.00020005
-318.60000002	0.00002281
-318.56666669	0.00004319
-318.53333336	0.00006121
-318.50000002	0.00013546
-318.46666669	0.00013762
-318.43333336	0.00017039
-318.40000002	0.00016671
-318.36666669	0.00031482
-318.33333336	0.00014606
-318.30000002	0.00009249
-318.26666669	0.00019654
-318.23333336	0.00017514
-318.20000002	0.00010618
-318.16666669	0.00025520
-318.13333336	-0.00022710
-318.10000002	-0.00014663
-318.06666669	0.00006963
-318.03333336	0.00006366
-318.00000002	-0.00016203
-317.96666669	-0.00000615
-317.93333336	0.00018636
-317.90000002	0.00021435
-317.86666669	0.00004154
-317.83333336	-0.00003553
-317.80000002	0.00001873
-317.76666669	0.00012786
-317.73333336	0.00003298
-317.70000002	-0.00001917
-317.66666669	-0.00003209
-317.63333336	-0.00018158
-317.60000002	0.00028852
-317.56666669	-0.00007987
-317.53333336	0.00019240
-317.50000002	-0.00003300
-317.46666669	0.00001835
-317.43333336	0.00021186
-317.40000003	0.00008834
-317.36666669	0.00004771
-317.33333336	0.00013643
-317.30000003	0.00012711
-317.26666669	0.00020486
-317.23333336	0.00012101
-317.20000003	-0.00003097
-317.16666669	0.00021246
-317.13333336	-0.00009266
-317.10000003	0.00001157
-317.06666669	-0.00008128
-317.03333336	-0.00000208
-317.00000003	0.00008608
-316.96666669	-0.00001114
-316.93333336	0.00019804
-316.90000003	-0.00000783
-316.86666669	-0.00002742
-316.83333336	-0.00007471
-316.80000003	0.00002909
-316.76666669	-0.00005827
-316.73333336	0.00027530
-316.70000003	0.00035940
-316.66666669	0.00005434
-316.63333336	-0.00014171
-316.60000003	0.00003466
-316.56666669	-0.00001827
-316.53333336	0.00017895
-316.50000003	0.00023436
-316.46666669	0.00015175
-316.43333336	0.00021508
-316.40000003	-0.00004185
-316.36666669	-0.00020976
-316.33333336	0.00010453
-316.30000003	-0.00018921
-316.26666669	-0.00001975
-316.23333336	0.00020653
-316.20000003	-0.00011014
-316.16666669	0.00006857
-316.13333336	0.00020014
-316.10000003	-0.00005152
-316.06666670	-0.00015617
-316.03333336	-0.00025661
-316.00000003	0.00010432
-315.96666670	0.00001421
-315.93333336	0.00027068
-315.90000003	-0.00002578
-315.86666670	0.00021566
-315.83333336	0.00003794
-315.80000003	0.00015049
-315.76666670	0.00026733
-315.73333336	0.00016488
-315.70000003	0.00019019
-315.66666670	0.00043241
-315.63333336	0.00029189
-315.60000003	0.00017864
-315.56666670	0.00021157
-315.53333336	0.00008274
-315.50000003	0.00045424
-315.46666670	0.00023993
-315.43333336	0.00025571
-315.40000003	0.00035151
-315.36666670	0.00026295
-315.33333336	0.00007499
-315.30000003	-0.00020394
-315.26666670	-0.00007844
-315.23333336	0.00022654
-315.20000003	0.00000929
-315.16666670	0.00003319
-315.13333336	-0.00003154
-315.10000003	0.00026690
-315.06666670	0.00026277
-315.03333336	0.00010317
-315.00000003	0.00049436
-314.96666670	0.00014917
-314.93333336	0.00041108
-314.90000003	0.00013699
-314.86666670	0.00029400
-314.83333336	0.00057152
-314.80000003	0.00038046
-314.76666670	0.00025401
-314.73333336	-0.00001169
-314.70000003	0.00016685
-314.66666670	0.00021549
-314.63333337	0.00019622
-314.60000003	0.00001635
-314.56666670	0.00022507
-314.53333337	0.00013106
-314.50000003	0.00020090
-314.46666670	0.00012806
-314.43333337	0.00005461
-314.40000003	0.00026140
-314.36666670	0.00030886
-314.33333337	0.00033774
-314.30000003	0.00012014
-314.26666670	0.00002621
-314.23333337	0.00005131
-314.20000003	0.00016277
-314.16666670	0.00003226
-314.13333337	0.00004639
-314.10000003	0.00014635
-314.06666670	0.00020580
-314.03333337	-0.00009332
-314.00000003	0.00006396
-313.96666670	0.00031100
-313.93333337	0.00028402
-313.90000003	0.00024148
-313.86666670	0.00009357
-313.83333337	0.00017603
-313.80000003	0.00016171
-313.76666670	-0.00015779
-313.73333337	0.00015158
-313.70000003	-0.00000606
-313.66666670	0.00019293
-313.63333337	0.00022080
-313.60000003	0.00020746
-313.56666670	0.00010436
-313.53333337	0.00006173
-313.50000003	-0.00019667
-313.46666670	0.00004033
-313.43333337	0.00022701
-313.40000003	0.00024353
-313.36666670	0.00012223
-313.33333337	0.00005483
-313.30000004	-0.00018641
-313.26666670	-0.00005301
-313.23333337	0.00009235
-313.20000004	-0.00018095
-313.16666670	-0.00021964
-313.13333337	-0.00021628
-313.10000004	-0.00013345
-313.06666670	-0.00009707
-313.03333337	0.00008126
-313.00000004	0.00012393
-312.96666670	-0.00051413
-312.93333337	-0.00022954
-312.90000004	-0.00012188
-312.86666670	-0.00020108
-312.83333337	-0.00046804
-312.80000004	-0.00014218
-312.76666670	-0.00005388
-312.73333337	-0.00027007
-312.70000004	-0.00027422
-312.66666670	-0.00000492
-312.63333337	-0.00006421
-312.60000004	-0.00013217
-312.56666670	-0.00011401
-312.53333337	-0.00011641
-312.50000004	-0.00020011
-312.46666670	-0.00021695
-312.43333337	-0.00021009
-312.40000004	-0.00011652
-312.36666670	-0.00023820
-312.33333337	-0.00027629
-312.30000004	-0.00033727
-312.26666670	-0.00031394
-312.23333337	-0.00037087
-312.20000004	0.00004847
-312.16666670	-0.00042338
-312.13333337	-0.00015633
-312.10000004	-0.00057861
-312.06666670	0.00000409
-312.03333337	-0.00046234
-312.00000004	-0.00022781
-311.96666671	-0.00020764
-311.93333337	-0.00016415
-311.90000004	-0.00029984
-311.86666671	-0.00011587
-311.83333337	-0.00020795
-311.80000004	-0.00012737
-311.76666671	0.00006115
-311.73333337	-0.00008732
-311.70000004	0.00003995
-311.66666671	0.00004969
-311.63333337	0.00004556
-311.60000004	-0.00009659
-311.56666671	-0.00009106
-311.53333337	0.00015267
-311.50000004	-0.00022506
-311.46666671	0.00007710
-311.43333337	-0.00010835
-311.40000004	-0.00017831
-311.36666671	-0.00018485
-311.33333337	-0.00005462
-311.30000004	0.00021293
-311.26666671	-0.00014233
-311.23333337	-0.00001354
-311.20000004	-0.00020784
-311.16666671	-0.00013692
-311.13333337	0.00002837
-311.10000004	-0.00001762
-311.06666671	-0.00017956
-311.03333337	0.00013433
-311.00000004	-0.00009378
-310.96666671	-0.00022773
-310.93333337	-0.00023548
-310.90000004	0.00005017
-310.86666671	-0.00010226
-310.83333337	-0.00008461
-310.80000004	-0.00025048
-310.76666671	-0.00007553
-310.73333337	0.00006672
-310.70000004	-0.00022520
-310.66666671	-0.00006061
-310.63333337	-0.00023643
-310.60000004	-0.00029124
-310.56666671	0.00001295
-310.53333338	-0.00024055
-310.50000004	-0.00015762
-310.46666671	0.00002974
-310.43333338	0.00000881
-310.40000004	-0.00002827
-310.36666671	-0.00035468
-310.33333338	-0.00012625
-310.30000004	0.00002078
-310.26666671	-0.00000438
-310.23333338	-0.00013205
-310.20000004	-0.00030720
-310.16666671	-0.00042556
-310.13333338	-0.00019335
-310.10000004	-0.00012681
-310.06666671	0.00003461
-310.03333338	-0.00007287
-310.00000004	-0.00045739
-309.96666671	-0.00031128
-309.93333338	-0.00023574
-309.90000004	-0.00026748
-309.86666671	-0.00041250
-309.83333338	-0.00025565
-309.80000004	-0.00008250
-309.76666671	-0.00013466
-309.73333338	-0.00021614
-309.70000004	-0.00015830
-309.66666671	-0.00011510
-309.63333338	-0.00032352
-309.60000004	-0.00013757
-309.56666671	-0.00019015
-309.53333338	-0.00023532
-309.50000004	-0.00035063
-309.46666671	-0.00042615
-309.43333338	-0.00035194
-309.40000004	-0.00012228
-309.36666671	-0.00026547
-309.33333338	-0.00021564
-309.30000004	-0.00036434
-309.26666671	-0.00051904
-309.23333338	-0.00045798
-309.20000005	-0.00021965
-309.16666671	-0.00012589
-309.13333338	-0.00006945
-309.10000005	-0.00023225
-309.06666671	-0.00022015
-309.03333338	-0.00043072
-309.00000005	-0.00044868
-308.96666671	-0.00037971
-308.93333338	-0.00044181
-308.90000005	-0.00032948
-308.86666671	-0.00037241
-308.83333338	-0.00024416
-308.80000005	-0.00042277
-308.76666671	-0.00012814
-308.73333338	-0.00014038
-308.70000005	-0.00024002
-308.66666671	-0.00054473
-308.63333338	-0.00031641
-308.60000005	-0.00006716
-308.56666671	-0.00059014
-308.53333338	-0.00040016
-308.50000005	-0.00033410
-308.46666671	-0.00033462
-308.43333338	-0.00008169
-308.40000005	-0.00037224
-308.36666671	0.00006666
-308.33333338	-0.00022269
-308.30000005	-0.00024118
-308.26666671	-0.00019122
-308.23333338	-0.00031522
-308.20000005	-0.00014346
-308.16666671	-0.00000960
-308.13333338	-0.00018545
-308.10000005	-0.00031853
-308.06666671	-0.00036051
-308.03333338	-0.00040488
-308.00000005	-0.00054254
-307.96666671	-0.00019629
-307.93333338	-0.00032177
-307.90000005	-0.00019566
-307.86666672	-0.00041344
-307.83333338	-0.00024157
-307.80000005	-0.00038719
-307.76666672	-0.00025264
-307.73333338	-0.00043330
-307.70000005	-0.00041074
-307.66666672	-0.00017326
-307.63333338	-0.00054876
-307.60000005	-0.00039783
-307.56666672	-0.00023500
-307.53333338	-0.00024752
-307.50000005	-0.00024171
-307.46666672	-0.00031758
-307.43333338	0.00008749
-307.40000005	-0.00031134
-307.36666672	-0.00071380
-307.33333338	-0.00060176
-307.30000005	-0.00045540
-307.26666672	-0.00055043
-307.23333338	-0.00058003
-307.20000005	-0.00054829
-307.16666672	-0.00070865
-307.13333338	-0.00037296
-307.10000005	-0.00063782
-307.06666672	-0.00035065
-307.03333338	-0.00046486
-307.00000005	-0.00026818
-306.96666672	-0.00036146
-306.93333338	-0.00053498
-306.90000005	-0.00051315
-306.86666672	-0.00064268
-306.83333338	-0.00062728
-306.80000005	-0.00043478
-306.76666672	-0.00054654
-306.73333338	-0.00019614
-306.70000005	-0.00060021
-306.66666672	-0.00031001
-306.63333338	-0.00039401
-306.60000005	-0.00034950
-306.56666672	-0.00057279
-306.53333338	-0.00041310
-306.50000005	-0.00049881
-306.46666672	-0.00057300
-306.43333339	-0.00070555
-306.40000005	-0.00050303
-306.36666672	-0.00038823
-306.33333339	-0.00082120
-306.30000005	-0.00037323
-306.26666672	-0.00059997
-306.23333339	-0.00042021
-306.20000005	-0.00076511
-306.16666672	-0.00067761
-306.13333339	-0.00058500
-306.10000005	-0.00066820
-306.06666672	-0.00087257
-306.03333339	-0.00055629
-306.00000005	-0.00067101
-305.96666672	-0.00071362
-305.93333339	-0.00075033
-305.90000005	-0.00066310
-305.86666672	-0.00056627
-305.83333339	-0.00058827
-305.80000005	-0.00077577
-305.76666672	-0.00060924
-305.73333339	-0.00056424
-305.70000005	-0.00057348
-305.66666672	-0.00053316
-305.63333339	-0.00052216
-305.60000005	-0.00061167
-305.56666672	-0.00087322
-305.53333339	-0.00057846
-305.50000005	-0.00078250
-305.46666672	-0.00028143
-305.43333339	-0.00061474
-305.40000005	-0.00067385
-305.36666672	-0.00088552
-305.33333339	-0.00064443
-305.30000005	-0.00085214
-305.26666672	-0.00059717
-305.23333339	-0.00043569
-305.20000005	-0.00054015
-305.16666672	-0.00044835
-305.13333339	-0.00055907
-305.10000006	-0.00048414
-305.06666672	-0.00056946
-305.03333339	-0.00026278
-305.00000006	-0.00035349
-304.96666672	-0.00053178
-304.93333339	-0.00029049
-304.90000006	-0.00037386
-304.86666672	-0.00044847
-304.83333339	-0.00049755
-304.80000006	-0.00023889
-304.76666672	-0.00009962
-304.73333339	-0.00025669
-304.70000006	-0.00014915
-304.66666672	-0.00015316
-304.63333339	-0.00014585
-304.60000006	-0.00044763
-304.56666672	-0.00037837
-304.53333339	-0.00024774
-304.50000006	-0.00028282
-304.46666672	-0.00009624
-304.43333339	-0.00016660
-304.40000006	-0.00027054
-304.36666672	-0.00024405
-304.33333339	-0.00004237
-304.30000006	-0.00004253
-304.26666672	-0.00004177
-304.23333339	-0.00007141
-304.20000006	-0.00009582
-304.16666672	0.00011044
-304.13333339	0.00011713
-304.10000006	-0.00003686
-304.06666672	0.00001812
-304.03333339	0.00004138
-304.00000006	-0.00010287
-303.96666672	0.00014083
-303.93333339	-0.00011756
-303.90000006	-0.00020999
-303.86666672	-0.00023506
-303.83333339	-0.00031854
-303.80000006	-0.00005887
-303.76666673	-0.00041074
-303.73333339	-0.00012330
-303.70000006	-0.00045564
-303.66666673	-0.00026071
-303.63333339	-0.00017117
-303.60000006	-0.00007698
-303.56666673	-0.00040465
-303.53333339	-0.00017824
-303.50000006	-0.00013007
-303.46666673	-0.00013422
-303.43333339	-0.00015162
-303.40000006	-0.00007869
-303.36666673	-0.00022050
-303.33333339	-0.00035808
-303.30000006	-0.00013636
-303.26666673	-0.00017278
-303.23333339	-0.00010679
-303.20000006	-0.00014648
-303.16666673	-0.00005946
-303.13333339	-0.00030310
-303.10000006	-0.00031983
-303.06666673	-0.00068669
-303.03333339	-0.00017608
-303.00000006	-0.00028638
-302.96666673	-0.00029421
-302.93333339	-0.00039262
-302.90000006	-0.00051766
-302.86666673	-0.00039260
-302.83333339	-0.00036792
-302.80000006	-0.00032174
-302.76666673	-0.00065889
-302.73333339	-0.00042837
-302.70000006	-0.00021456
-302.66666673	-0.00059710
-302.63333339	-0.00065457
-302.60000006	-0.00035159
-302.56666673	-0.00047692
-302.53333339	-0.00045730
-302.50000006	-0.00049004
-302.46666673	-0.00046314
-302.43333339	-0.00050951
-302.40000006	-0.00058885
-302.36666673	-0.00048634
-302.33333340	-0.00049806
-302.30000006	-0.00052648
-302.26666673	-0.00050505
-302.23333340	-0.00053699
-302.20000006	-0.00049805
-302.16666673	-0.00075242
-302.13333340	-0.00078820
-302.10000006	-0.00078772
-302.06666673	-0.00035860
-302.03333340	-0.00053770
-302.00000006	-0.00086068
-301.96666673	-0.00054611
-301.93333340	-0.00072877
-301.90000006	-0.00062219
-301.86666673	-0.00066533
-301.83333340	-0.00094507
-301.80000006	-0.00080944
-301.76666673	-0.00054439
-301.73333340	-0.00077041
-301.70000006	-0.00051395
-301.66666673	-0.00050451
-301.63333340	-0.00064695
-301.60000006	-0.00086153
-301.56666673	-0.00063450
-301.53333340	-0.00070496
-301.50000006	-0.00060577
-301.46666673	-0.00052158
-301.43333340	-0.00065643
-301.40000006	-0.00052433
-301.36666673	-0.00062903
-301.33333340	-0.00069180
-301.30000006	-0.00063166
-301.26666673	-0.00084962
-301.23333340	-0.00073968
-301.20000006	-0.00052922
-301.16666673	-0.00055792
-301.13333340	-0.00064737
-301.10000006	-0.00115175
-301.06666673	-0.00060460
-301.03333340	-0.00083859
-301.00000007	-0.00073911
-300.96666673	-0.00067828
-300.93333340	-0.00062332
-300.90000007	-0.00064911
-300.86666673	-0.00088721
-300.83333340	-0.00061051
-300.80000007	-0.00080673
-300.76666673	-0.00073129
-300.73333340	-0.00085943
-300.70000007	-0.00071167
-300.66666673	-0.00074903
-300.63333340	-0.00063713
-300.60000007	-0.00071644
-300.56666673	-0.00092974
-300.53333340	-0.00084660
-300.50000007	-0.00076189
-300.46666673	-0.00089621
-300.43333340	-0.00061234
-300.40000007	-0.00109281
-300.36666673	-0.00082816
-300.33333340	-0.00093294
-300.30000007	-0.00087993
-300.26666673	-0.00074684
-300.23333340	-0.00077698
-300.20000007	-0.00079670
-300.16666673	-0.00112776
-300.13333340	-0.00092827
-300.10000007	-0.00094570
-300.06666673	-0.00069805
-300.03333340	-0.00050589
-300.00000007	-0.00073804
-299.96666673	-0.00093873
-299.93333340	-0.00090782
-299.90000007	-0.00086545
-299.86666673	-0.00078940
-299.83333340	-0.00094068
-299.80000007	-0.00087068
-299.76666673	-0.00103626
-299.73333340	-0.00077401
-299.70000007	-0.00090910
-299.66666674	-0.00075356
-299.63333340	-0.00095389
-299.60000007	-0.00091126
-299.56666674	-0.00075247
-299.53333340	-0.00066743
-299.50000007	-0.00098568
-299.46666674	-0.00063721
-299.43333340	-0.00090923
-299.40000007	-0.00078920
-299.36666674	-0.00070172
-299.33333340	-0.00075190
-299.30000007	-0.00086274
-299.26666674	-0.00058188
-299.23333340	-0.00058792
-299.20000007	-0.00085060
-299.16666674	-0.00080130
-299.13333340	-0.00053244
-299.10000007	-0.00061838
-299.06666674	-0.00059936
-299.03333340	-0.00062529
-299.00000007	-0.00096251
-298.96666674	-0.00061762
-298.93333340	-0.00068047
-298.90000007	-0.00064666
-298.86666674	-0.00058785
-298.83333340	-0.00055270
-298.80000007	-0.00071658
-298.76666674	-0.00068725
-298.73333340	-0.00073401
-298.70000007	-0.00051126
-298.66666674	-0.00075447
-298.63333340	-0.00049879
-298.60000007	-0.00056090
-298.56666674	-0.00040352
-298.53333340	-0.00071717
-298.50000007	-0.00045245
-298.46666674	-0.00041838
-298.43333340	-0.00071620
-298.40000007	-0.00043878
-298.36666674	-0.00071869
-298.33333340	-0.00082556
-298.30000007	-0.00087923
-298.26666674	-0.00059985
-298.23333341	-0.00055442
-298.20000007	-0.00066524
-298.16666674	-0.00056546
-298.13333341	-0.00046432
-298.10000007	-0.00019158
-298.06666674	-0.00059708
-298.03333341	-0.00050798
-298.00000007	-0.00053981
-297.96666674	-0.00053412
-297.93333341	-0.00066663
-297.90000007	-0.00081303
-297.86666674	-0.00071596
-297.83333341	-0.00038627
-297.80000007	-0.00022175
-297.76666674	-0.00062738
-297.73333341	-0.00057720
-297.70000007	-0.00038885
-297.66666674	-0.00036312
-297.63333341	-0.00027339
-297.60000007	-0.00024158
-297.56666674	-0.00034838
-297.53333341	-0.00001873
-297.50000007	-0.00024473
-297.46666674	-0.00033677
-297.43333341	0.00005681
-297.40000007	-0.00031153
-297.36666674	-0.00012012
-297.33333341	-0.00002777
-297.30000007	0.00006765
-297.26666674	0.00005126
-297.23333341	-0.00003136
-297.20000007	0.00000392
-297.16666674	0.00026183
-297.13333341	0.00013219
-297.10000007	0.00010643
-297.06666674	0.00006802
-297.03333341	0.00010548
-297.00000007	0.00020048
-296.96666674	0.00021824
-296.93333341	-0.00003623
-296.90000008	-0.00006857
-296.86666674	0.00005908
-296.83333341	0.00028123
-296.80000008	0.00017291
-296.76666674	0.00042549
-296.73333341	0.00005648
-296.70000008	0.00022806
-296.66666674	0.00029286
-296.63333341	-0.00002643
-296.60000008	-0.00007100
-296.56666674	0.00020354
-296.53333341	-0.00000727
-296.50000008	-0.00023152
-296.46666674	0.00014344
-296.43333341	0.00022460
-296.40000008	0.00000472
-296.36666674	0.00023805
-296.33333341	0.00025788
-296.30000008	0.00017939
-296.26666674	0.00021392
-296.23333341	0.00030884
-296.20000008	0.00023183
-296.16666674	-0.00007341
-296.13333341	0.00010844
-296.10000008	-0.00010643
-296.06666674	-0.00009232
-296.03333341	-0.00033801
-296.00000008	0.00005509
-295.96666674	-0.00011533
-295.93333341	-0.00006158
-295.90000008	-0.00011648
-295.86666674	0.00008625
-295.83333341	0.00002674
-295.80000008	-0.00030152
-295.76666674	-0.00018920
-295.73333341	-0.00024667
-295.70000008	-0.00039528
-295.66666674	-0.00042956
-295.63333341	-0.00039598
-295.60000008	-0.00029466
-295.56666674	-0.00042406
-295.53333341	-0.00034127
-295.50000008	-0.00036423
-295.46666675	-0.00040943
-295.43333341	-0.00025340
-295.40000008	-0.00006954
-295.36666675	-0.00043698
-295.33333341	-0.00053416
-295.30000008	-0.00057256
-295.26666675	-0.00043208
-295.23333341	-0.00044719
-295.20000008	-0.00051641
-295.16666675	-0.00054156
-295.13333341	-0.00040343
-295.10000008	-0.00026371
-295.06666675	-0.00041041
-295.03333341	-0.00068222
-295.00000008	-0.00071573
-294.96666675	-0.00050073
-294.93333341	-0.00051075
-294.90000008	-0.00043034
-294.86666675	-0.00062889
-294.83333341	-0.00071130
-294.80000008	-0.00067962
-294.76666675	-0.00092477
-294.73333341	-0.00056457
-294.70000008	-0.00081916
-294.66666675	-0.00102619
-294.63333341	-0.00072378
-294.60000008	-0.00092161
-294.56666675	-0.00089970
-294.53333341	-0.00077208
-294.50000008	-0.00101560
-294.46666675	-0.00100093
-294.43333341	-0.00068523
-294.40000008	-0.00114637
-294.36666675	-0.00127716
-294.33333341	-0.00120768
-294.30000008	-0.00105348
-294.26666675	-0.00082743
-294.23333341	-0.00106908
-294.20000008	-0.00122339
-294.16666675	-0.00114575
-294.13333342	-0.00102709
-294.10000008	-0.00114129
-294.06666675	-0.00119912
-294.03333342	-0.00104840
-294.00000008	-0.00127380
-293.96666675	-0.00110888
-293.93333342	-0.00105102
-293.90000008	-0.00129876
-293.86666675	-0.00124764
-293.83333342	-0.00126238
-293.80000008	-0.00102354
-293.76666675	-0.00113609
-293.73333342	-0.00119511
-293.70000008	-0.00111314
-293.66666675	-0.00087568
-293.63333342	-0.00078383
-293.60000008	-0.00112983
-293.56666675	-0.00097675
-293.53333342	-0.00108023
-293.50000008	-0.00092012
-293.46666675	-0.00083934
-293.43333342	-0.00080058
-293.40000008	-0.00102963
-293.36666675	-0.00081448
-293.33333342	-0.00100166
-293.30000008	-0.00097207
-293.26666675	-0.00058161
-293.23333342	-0.00099989
-293.20000008	-0.00095387
-293.16666675	-0.00058452
-293.13333342	-0.00071963
-293.10000008	-0.00078960
-293.06666675	-0.00040957
-293.03333342	-0.00065811
-293.00000008	-0.00078911
-292.96666675	-0.00090942
-292.93333342	-0.00090125
-292.90000008	-0.00079746
-292.86666675	-0.00087151
-292.83333342	-0.00096759
-292.80000009	-0.00104734
-292.76666675	-0.00094320
-292.73333342	-0.00096136
-292.70000009	-0.00081335
-292.66666675	-0.00085531
-292.63333342	-0.00087647
-292.60000009	-0.00082623
-292.56666675	-0.00051607
-292.53333342	-0.00061375
-292.50000009	-0.00068175
-292.46666675	-0.00077901
-292.43333342	-0.00066181
-292.40000009	-0.00061695
-292.36666675	-0.00089124
-292.33333342	-0.00079001
-292.30000009	-0.00055576
-292.26666675	-0.00093875
-292.23333342	-0.00067405
-292.20000009	-0.00083544
-292.16666675	-0.00074171
-292.13333342	-0.00092043
-292.10000009	-0.00058119
-292.06666675	-0.00057150
-292.03333342	-0.00051101
-292.00000009	-0.00054906
-291.96666675	-0.00059795
-291.93333342	-0.00053130
-291.90000009	-0.00038573
-291.86666675	-0.00064224
-291.83333342	-0.00063525
-291.80000009	-0.00044427
-291.76666675	-0.00084740
-291.73333342	-0.00070629
-291.70000009	-0.00060723
-291.66666675	-0.00065508
-291.63333342	-0.00063491
-291.60000009	-0.00048096
-291.56666675	-0.00061473
-291.53333342	-0.00046176
-291.50000009	-0.00017928
-291.46666675	-0.00034592
-291.43333342	-0.00047649
-291.40000009	-0.00026229
-291.36666676	-0.00023176
-291.33333342	-0.00029233
-291.30000009	-0.00052752
-291.26666676	-0.00033797
-291.23333342	-0.00042514
-291.20000009	-0.00044149
-291.16666676	-0.00031599
-291.13333342	-0.00034551
-291.10000009	-0.00032389
-291.06666676	-0.00015761
-291.03333342	-0.00022316
-291.00000009	-0.00028620
-290.96666676	-0.00006751
-290.93333342	-0.00029721
-290.90000009	-0.00015958
-290.86666676	-0.00027570
-290.83333342	-0.00018761
-290.80000009	-0.00023592
-290.76666676	-0.00040232
-290.73333342	-0.00026802
-290.70000009	-0.00022185
-290.66666676	-0.00033201
-290.63333342	-0.00032368
-290.60000009	-0.00034663
-290.56666676	-0.00040212
-290.53333342	-0.00041839
-290.50000009	-0.00043861
-290.46666676	-0.00005312
-290.43333342	-0.00000981
-290.40000009	-0.00006571
-290.36666676	-0.00011550
-290.33333342	-0.00023064
-290.30000009	-0.00067727
-290.26666676	-0.00038907
-290.23333342	-0.00055211
-290.20000009	-0.00012123
-290.16666676	-0.00001632
-290.13333342	-0.00005939
-290.10000009	-0.00026935
-290.06666676	-0.00016074
-290.03333343	-0.00052103
-290.00000009	-0.00032207
-289.96666676	-0.00037809
-289.93333343	-0.00045263
-289.90000009	-0.00046273
-289.86666676	-0.00070474
-289.83333343	-0.00056008
-289.80000009	-0.00025560
-289.76666676	-0.00038835
-289.73333343	-0.00025915
-289.70000009	-0.00017722
-289.66666676	-0.00018862
-289.63333343	-0.00049174
-289.60000009	-0.00051257
-289.56666676	-0.00032468
-289.53333343	-0.00044356
-289.50000009	-0.00032175
-289.46666676	-0.00027929
-289.43333343	-0.00036378
-289.40000009	-0.00021478
-289.36666676	-0.00039196
-289.33333343	-0.00034962
-289.30000009	-0.00034039
-289.26666676	-0.00040820
-289.23333343	-0.00027869
-289.20000009	0.00005539
-289.16666676	-0.00003926
-289.13333343	-0.00019677
-289.10000009	-0.00032019
-289.06666676	-0.00012966
-289.03333343	-0.00006660
-289.00000009	-0.00017145
-288.96666676	-0.00017156
-288.93333343	-0.00009913
-288.90000009	-0.00019685
-288.86666676	-0.00047388
-288.83333343	-0.00051694
-288.80000009	-0.00042558
-288.76666676	-0.00021361
-288.73333343	-0.00056445
-288.70000010	-0.00051792
-288.66666676	-0.00055380
-288.63333343	-0.00015144
-288.60000010	-0.00028782
-288.56666676	-0.00028753
-288.53333343	-0.00034380
-288.50000010	-0.00030563
-288.46666676	-0.00023514
-288.43333343	-0.00045413
-288.40000010	-0.00041245
-288.36666676	-0.00057444
-288.33333343	-0.00054216
-288.30000010	-0.00033457
-288.26666676	-0.00054494
-288.23333343	-0.00042769
-288.20000010	-0.00051636
-288.16666676	-0.00085885
-288.13333343	-0.00082501
-288.10000010	-0.00079191
-288.06666676	-0.00049879
-288.03333343	-0.00063706
-288.00000010	-0.00079189
-287.96666676	-0.00060885
-287.93333343	-0.00074370
-287.90000010	-0.00072486
-287.86666676	-0.00077947
-287.83333343	-0.00079172
-287.80000010	-0.00070482
-287.76666676	-0.00080822
-287.73333343	-0.00088370
-287.70000010	-0.00055684
-287.66666676	-0.00038643
-287.63333343	-0.00082371
-287.60000010	-0.00040647
-287.56666676	-0.00068169
-287.53333343	-0.00068813
-287.50000010	-0.00046808
-287.46666676	-0.00075315
-287.43333343	-0.00084944
-287.40000010	-0.00048771
-287.36666676	-0.00037969
-287.33333343	-0.00058590
-287.30000010	-0.00054275
-287.26666677	-0.00073491
-287.23333343	-0.00063416
-287.20000010	-0.00085971
-287.16666677	-0.00064881
-287.13333343	-0.00049252
-287.10000010	-0.00071274
-287.06666677	-0.00067328
-287.03333343	-0.00077701
-287.00000010	-0.00088744
-286.96666677	-0.00100770
-286.93333343	-0.00042437
-286.90000010	-0.00056541
-286.86666677	-0.00077418
-286.83333343	-0.00076832
-286.80000010	-0.00113175
-286.76666677	-0.00076716
-286.73333343	-0.00081803
-286.70000010	-0.00100478
-286.66666677	-0.00078435
-286.63333343	-0.00046404
-286.60000010	-0.00065181
-286.56666677	-0.00038470
-286.53333343	-0.00056258
-286.50000010	-0.00064865
-286.46666677	-0.00072950
-286.43333343	-0.00060440
-286.40000010	-0.00055067
-286.36666677	-0.00038760
-286.33333343	-0.00062169
-286.30000010	-0.00051041
-286.26666677	-0.00072492
-286.23333343	-0.00046312
-286.20000010	-0.00054052
-286.16666677	-0.00057285
-286.13333343	-0.00058518
-286.10000010	-0.00040263
-286.06666677	-0.00035081
-286.03333343	-0.00037620
-286.00000010	-0.00067930
-285.96666677	-0.00035991
-285.93333344	-0.00047947
-285.90000010	-0.00059926
-285.86666677	-0.00064285
-285.83333344	-0.00042346
-285.80000010	-0.00039770
-285.76666677	-0.00057172
-285.73333344	-0.00054361
-285.70000010	-0.00027002
-285.66666677	-0.00045084
-285.63333344	-0.00064809
-285.60000010	-0.00041115
-285.56666677	-0.00009497
-285.53333344	-0.00051457
-285.50000010	-0.00026532
-285.46666677	-0.00042099
-285.43333344	-0.00033236
-285.40000010	-0.00026448
-285.36666677	-0.00026981
-285.33333344	-0.00037377
-285.30000010	-0.00027745
-285.26666677	-0.00017532
-285.23333344	-0.00007497
-285.20000010	0.00002000
-285.16666677	0.00007130
-285.13333344	-0.00023154
-285.10000010	-0.00032535
-285.06666677	-0.00016343
-285.03333344	-0.00011975
-285.00000010	-0.00036593
-284.96666677	-0.00012370
-284.93333344	0.00015382
-284.90000010	-0.00008290
-284.86666677	0.00007365
-284.83333344	0.00013243
-284.80000010	-0.00003714
-284.76666677	-0.00011280
-284.73333344	0.00005619
-284.70000010	-0.00021493
-284.66666677	-0.00024667
-284.63333344	-0.00009327
-284.60000011	-0.00001487
-284.56666677	0.00003940
-284.53333344	0.00014820
-284.50000011	0.00017355
-284.46666677	-0.00011843
-284.43333344	-0.00002779
-284.40000011	0.00011746
-284.36666677	-0.00001722
-284.33333344	0.00011620
-284.30000011	0.00013807
-284.26666677	0.00008576
-284.23333344	0.00013553
-284.20000011	0.00007671
-284.16666677	0.00006028
-284.13333344	-0.00003047
-284.10000011	-0.00019175
-284.06666677	0.00011218
-284.03333344	-0.00003301
-284.00000011	0.00024298
-283.96666677	0.00001079
-283.93333344	0.00024009
-283.90000011	0.00008477
-283.86666677	0.00013916
-283.83333344	-0.00001471
-283.80000011	0.00001459
-283.76666677	0.00011005
-283.73333344	0.00012283
-283.70000011	0.00001764
-283.66666677	-0.00013909
-283.63333344	-0.00019147
-283.60000011	-0.00006683
-283.56666677	0.00016471
-283.53333344	0.00002914
-283.50000011	-0.00021914
-283.46666677	0.00022735
-283.43333344	-0.00024688
-283.40000011	-0.00026353
-283.36666677	-0.00007992
-283.33333344	-0.00016448
-283.30000011	-0.00022677
-283.26666677	-0.00018648
-283.23333344	-0.00017906
-283.20000011	-0.00002246
-283.16666678	0.00002958
-283.13333344	0.00003890
-283.10000011	-0.00022580
-283.06666678	0.00017280
-283.03333344	0.00016489
-283.00000011	0.00007240
-282.96666678	0.00012916
-282.93333344	0.00014517
-282.90000011	0.00001615
-282.86666678	0.00009871
-282.83333344	0.00015432
-282.80000011	0.00009456
-282.76666678	0.00008073
-282.73333344	0.00007297
-282.70000011	-0.00006235
-282.66666678	0.00015266
-282.63333344	-0.00025113
-282.60000011	0.00018882
-282.56666678	0.00009990
-282.53333344	0.00013806
-282.50000011	0.00022505
-282.46666678	0.00016768
-282.43333344	0.00022253
-282.40000011	-0.00006481
-282.36666678	0.00026008
-282.33333344	0.00009681
-282.30000011	-0.00009998
-282.26666678	-0.00019842
-282.23333344	-0.00034502
-282.20000011	-0.00004719
-282.16666678	-0.00034152
-282.13333344	-0.00030942
-282.10000011	0.00008893
-282.06666678	-0.00004912
-282.03333344	-0.00008006
-282.00000011	-0.00005997
-281.96666678	-0.00019480
-281.93333344	-0.00013576
-281.90000011	-0.00023886
-281.86666678	-0.00011696
-281.83333345	-0.00022311
-281.80000011	-0.00008493
-281.76666678	-0.00016221
-281.73333345	-0.00010729
-281.70000011	0.00022155
-281.66666678	0.00019762
-281.63333345	-0.00021911
-281.60000011	-0.00009047
-281.56666678	-0.00018929
-281.53333345	-0.00021829
-281.50000011	-0.00015875
-281.46666678	0.00002717
-281.43333345	-0.00001494
-281.40000011	-0.00022231
-281.36666678	0.00003300
-281.33333345	-0.00004209
-281.30000011	-0.00019343
-281.26666678	-0.00026467
-281.23333345	-0.00027833
-281.20000011	-0.00031351
-281.16666678	-0.00019163
-281.13333345	0.00000271
-281.10000011	-0.00018964
-281.06666678	-0.00025969
-281.03333345	-0.00016892
-281.00000011	-0.00022450
-280.96666678	-0.00020602
-280.93333345	-0.00026063
-280.90000011	-0.00034270
-280.86666678	-0.00002603
-280.83333345	-0.00027932
-280.80000011	-0.00028922
-280.76666678	-0.00023505
-280.73333345	-0.00046559
-280.70000011	-0.00053445
-280.66666678	-0.00019855
-280.63333345	-0.00038884
-280.60000011	-0.00035899
-280.56666678	-0.00023614
-280.53333345	-0.00008285
-280.50000012	-0.00005698
-280.46666678	0.00007536
-280.43333345	-0.00021137
-280.40000012	-0.00012834
-280.36666678	-0.00012553
-280.33333345	-0.00005974
-280.30000012	-0.00002341
-280.26666678	0.00000309
-280.23333345	-0.00010430
-280.20000012	-0.00006866
-280.16666678	-0.00011560
-280.13333345	-0.00022035
-280.10000012	-0.00023274
-280.06666678	-0.00024823
-280.03333345	-0.00014098
-280.00000012	-0.00022661
-279.96666678	-0.00009205
-279.93333345	-0.00028669
-279.90000012	-0.00014258
-279.86666678	-0.00037274
-279.83333345	-0.00035822
-279.80000012	-0.00019032
-279.76666678	-0.00003428
-279.73333345	-0.00009673
-279.70000012	-0.00001125
-279.66666678	-0.00032060
-279.63333345	-0.00010354
-279.60000012	-0.00019894
-279.56666678	-0.00020523
-279.53333345	-0.00022881
-279.50000012	-0.00005894
-279.46666678	-0.00002350
-279.43333345	-0.00003870
-279.40000012	-0.00033585
-279.36666678	-0.00029442
-279.33333345	-0.00040174
-279.30000012	-0.00035043
-279.26666678	0.00002179
-279.23333345	-0.00021901
-279.20000012	-0.00015025
-279.16666678	-0.00029038
-279.13333345	-0.00009732
-279.10000012	-0.00048632
-279.06666679	-0.00063005
-279.03333345	-0.00018265
-279.00000012	-0.00050890
-278.96666679	-0.00050635
-278.93333345	-0.00043361
-278.90000012	-0.00040969
-278.86666679	-0.00019128
-278.83333345	-0.00027605
-278.80000012	-0.00029087
-278.76666679	-0.00050833
-278.73333345	-0.00043854
-278.70000012	-0.00040251
-278.66666679	-0.00025902
-278.63333345	-0.00056172
-278.60000012	-0.00033004
-278.56666679	-0.00029843
-278.53333345	-0.00033375
-278.50000012	-0.00050720
-278.46666679	-0.00034587
-278.43333345	-0.00051861
-278.40000012	-0.00030377
-278.36666679	-0.00051302
-278.33333345	-0.00051355
-278.30000012	-0.00066204
-278.26666679	-0.00053413
-278.23333345	-0.00057762
-278.20000012	-0.00049992
-278.16666679	-0.00066954
-278.13333345	-0.00056598
-278.10000012	-0.00034347
-278.06666679	-0.00038772
-278.03333345	-0.00058395
-278.00000012	-0.00041433
-277.96666679	-0.00065269
-277.93333345	-0.00061837
-277.90000012	-0.00067301
-277.86666679	-0.00057758
-277.83333345	-0.00048303
-277.80000012	-0.00046566
-277.76666679	-0.00065515
-277.73333346	-0.00084414
-277.70000012	-0.00082238
-277.66666679	-0.00095754
-277.63333346	-0.00082605
-277.60000012	-0.00066500
-277.56666679	-0.00133192
-277.53333346	-0.00102236
-277.50000012	-0.00112007
-277.46666679	-0.00072454
-277.43333346	-0.00074974
-277.40000012	-0.00072762
-277.36666679	-0.00050498
-277.33333346	-0.00088648
-277.30000012	-0.00098041
-277.26666679	-0.00085008
-277.23333346	-0.00105953
-277.20000012	-0.00086995
-277.16666679	-0.00085664
-277.13333346	-0.00103042
-277.10000012	-0.00099078
-277.06666679	-0.00091608
-277.03333346	-0.00061842
-277.00000012	-0.00080930
-276.96666679	-0.00072163
-276.93333346	-0.00088287
-276.90000012	-0.00068900
-276.86666679	-0.00092544
-276.83333346	-0.00078272
-276.80000012	-0.00076190
-276.76666679	-0.00059870
-276.73333346	-0.00075055
-276.70000012	-0.00063442
-276.66666679	-0.00090568
-276.63333346	-0.00081114
-276.60000012	-0.00072358
-276.56666679	-0.00059741
-276.53333346	-0.00071223
-276.50000012	-0.00025328
-276.46666679	-0.00062830
-276.43333346	-0.00090102
-276.40000013	-0.00076342
-276.36666679	-0.00055499
-276.33333346	-0.00056436
-276.30000013	-0.00086935
-276.26666679	-0.00087879
-276.23333346	-0.00076113
-276.20000013	-0.00066354
-276.16666679	-0.00061317
-276.13333346	-0.00070741
-276.10000013	-0.00073722
-276.06666679	-0.00072909
-276.03333346	-0.00099600
-276.00000013	-0.00073664
-275.96666679	-0.00047765
-275.93333346	-0.00065236
-275.90000013	-0.00080764
-275.86666679	-0.00062449
-275.83333346	-0.00062003
-275.80000013	-0.00054366
-275.76666679	-0.00040663
-275.73333346	-0.00046202
-275.70000013	-0.00035922
-275.66666679	-0.00057606
-275.63333346	-0.00055102
-275.60000013	-0.00041485
-275.56666679	-0.00058205
-275.53333346	-0.00059455
-275.50000013	-0.00043944
-275.46666679	-0.00049228
-275.43333346	-0.00057009
-275.40000013	-0.00072401
-275.36666679	-0.00040589
-275.33333346	-0.00025904
-275.30000013	-0.00035219
-275.26666679	-0.00051780
-275.23333346	-0.00049060
-275.20000013	-0.00025814
-275.16666679	-0.00045150
-275.13333346	-0.00063384
-275.10000013	-0.00041259
-275.06666679	-0.00050889
-275.03333346	-0.00029953
-275.00000013	-0.00052146
-274.96666680	-0.00054462
-274.93333346	-0.00077970
-274.90000013	-0.00047898
-274.86666680	-0.00045077
-274.83333346	-0.00064989
-274.80000013	-0.00063723
-274.76666680	-0.00070671
-274.73333346	-0.00062288
-274.70000013	-0.00043660
-274.66666680	-0.00054486
-274.63333346	-0.00092196
-274.60000013	-0.00057862
-274.56666680	-0.00086340
-274.53333346	-0.00098831
-274.50000013	-0.00066797
-274.46666680	-0.00074027
-274.43333346	-0.00071798
-274.40000013	-0.00075813
-274.36666680	-0.00070844
-274.33333346	-0.00079067
-274.30000013	-0.00088394
-274.26666680	-0.00079639
-274.23333346	-0.00075948
-274.20000013	-0.00077577
-274.16666680	-0.00056824
-274.13333346	-0.00076942
-274.10000013	-0.00059385
-274.06666680	-0.00078967
-274.03333346	-0.00075585
-274.00000013	-0.00056360
-273.96666680	-0.00057709
-273.93333346	-0.00062173
-273.90000013	-0.00078198
-273.86666680	-0.00047960
-273.83333346	-0.00070134
-273.80000013	-0.00067896
-273.76666680	-0.00045997
-273.73333346	-0.00043841
-273.70000013	-0.00049046
-273.66666680	-0.00067406
-273.63333347	-0.00064425
-273.60000013	-0.00061262
-273.56666680	-0.00036381
-273.53333347	-0.00030765
-273.50000013	-0.00018183
-273.46666680	-0.00041190
-273.43333347	-0.00045415
-273.40000013	-0.00031738
-273.36666680	-0.00037878
-273.33333347	-0.00011433
-273.30000013	-0.00024094
-273.26666680	-0.00023339
-273.23333347	0.00003060
-273.20000013	0.00025298
-273.16666680	-0.00009561
-273.13333347	0.00013483
-273.10000013	0.00037701
-273.06666680	0.00024582
-273.03333347	0.00040702
-273.00000013	0.00036394
-272.96666680	0.00031179
-272.93333347	0.00047820
-272.90000013	0.00054185
-272.86666680	0.00046306
-272.83333347	0.00065110
-272.80000013	0.00043229
-272.76666680	0.00070138
-272.73333347	0.00071004
-272.70000013	0.00073303
-272.66666680	0.00079115
-272.63333347	0.00090464
-272.60000013	0.00063156
-272.56666680	0.00091069
-272.53333347	0.00108244
-272.50000013	0.00091447
-272.46666680	0.00119621
-272.43333347	0.00137385
-272.40000013	0.00154775
-272.36666680	0.00133265
-272.33333347	0.00126551
-272.30000014	0.00149661
-272.26666680	0.00119011
-272.23333347	0.00161082
-272.20000014	0.00146524
-272.16666680	0.00145613
-272.13333347	0.00164953
-272.10000014	0.00132376
-272.06666680	0.00156974
-272.03333347	0.00128330
-272.00000014	0.00132759
-271.96666680	0.00134573
-271.93333347	0.00152485
-271.90000014	0.00149147
-271.86666680	0.00145528
-271.83333347	0.00134895
-271.80000014	0.00157148
-271.76666680	0.00168045
-271.73333347	0.00168690
-271.70000014	0.00195688
-271.66666680	0.00205075
-271.63333347	0.00195614
-271.60000014	0.00222759
-271.56666680	0.00170174
-271.53333347	0.00192449
-271.50000014	0.00196075
-271.46666680	0.00199723
-271.43333347	0.00171946
-271.40000014	0.00194595
-271.36666680	0.00226014
-271.33333347	0.00188401
-271.30000014	0.00202454
-271.26666680	0.00224294
-271.23333347	0.00224061
-271.20000014	0.00216553
-271.16666680	0.00217023
-271.13333347	0.00263450
-271.10000014	0.00227106
-271.06666680	0.00205335
-271.03333347	0.00216333
-271.00000014	0.00230892
-270.96666680	0.00234891
-270.93333347	0.00242035
-270.90000014	0.00240524
-270.86666681	0.00217050
-270.83333347	0.00247715
-270.80000014	0.00215552
-270.76666681	0.00204438
-270.73333347	0.00224403
-270.70000014	0.00203454
-270.66666681	0.00189440
-270.63333347	0.00177868
-270.60000014	0.00193620
-270.56666681	0.00185387
-270.53333347	0.00170481
-270.50000014	0.00190888
-270.46666681	0.00217670
-270.43333347	0.00179022
-270.40000014	0.00167092
-270.36666681	0.00127286
-270.33333347	0.00131309
-270.30000014	0.00152859
-270.26666681	0.00130057
-270.23333347	0.00109550
-270.20000014	0.00129380
-270.16666681	0.00096166
-270.13333347	0.00091158
-270.10000014	0.00071685
-270.06666681	0.00095149
-270.03333347	0.00088049
-270.00000014	0.00089702
-269.96666681	0.00062691
-269.93333347	0.00065230
-269.90000014	0.00065084
-269.86666681	0.00038291
-269.83333347	0.00038216
-269.80000014	0.00023813
-269.76666681	-0.00000274
-269.73333347	0.00007248
-269.70000014	0.00001108
-269.66666681	-0.00015871
-269.63333347	-0.00046841
-269.60000014	-0.00033598
-269.56666681	-0.00065798
-269.53333348	-0.00047512
-269.50000014	-0.00066876
-269.46666681	-0.00086702
-269.43333348	-0.00137050
-269.40000014	-0.00098651
-269.36666681	-0.00103762
-269.33333348	-0.00154002
-269.30000014	-0.00122385
-269.26666681	-0.00155219
-269.23333348	-0.00161156
-269.20000014	-0.00181557
-269.16666681	-0.00169615
-269.13333348	-0.00185632
-269.10000014	-0.00189172
-269.06666681	-0.00210705
-269.03333348	-0.00224030
-269.00000014	-0.00220438
-268.96666681	-0.00231693
-268.93333348	-0.00231603
-268.90000014	-0.00235401
-268.86666681	-0.00233665
-268.83333348	-0.00244515
-268.80000014	-0.00247218
-268.76666681	-0.00234346
-268.73333348	-0.00250415
-268.70000014	-0.00270704
-268.66666681	-0.00252150
-268.63333348	-0.00268330
-268.60000014	-0.00230709
-268.56666681	-0.00246894
-268.53333348	-0.00241277
-268.50000014	-0.00226411
-268.46666681	-0.00231569
-268.43333348	-0.00212448
-268.40000014	-0.00238440
-268.36666681	-0.00214950
-268.33333348	-0.00212920
-268.30000014	-0.00199026
-268.26666681	-0.00229828
-268.23333348	-0.00203469
-268.20000015	-0.00176633
-268.16666681	-0.00184184
-268.13333348	-0.00180696
-268.10000015	-0.00144879
-268.06666681	-0.00150466
-268.03333348	-0.00149727
-268.00000015	-0.00110284
-267.96666681	-0.00113805
-267.93333348	-0.00081147
-267.90000015	-0.00101959
-267.86666681	-0.00053019
-267.83333348	-0.00098884
-267.80000015	-0.00058431
-267.76666681	-0.00060805
-267.73333348	-0.00052409
-267.70000015	-0.00018486
-267.66666681	-0.00035429
-267.63333348	-0.00010417
-267.60000015	0.00021010
-267.56666681	0.00036832
-267.53333348	0.00062397
-267.50000015	0.00082732
-267.46666681	0.00060240
-267.43333348	0.00077783
-267.40000015	0.00083234
-267.36666681	0.00092671
-267.33333348	0.00102252
-267.30000015	0.00109383
-267.26666681	0.00102798
-267.23333348	0.00137715
-267.20000015	0.00139513
-267.16666681	0.00150794
-267.13333348	0.00134264
-267.10000015	0.00174947
-267.06666681	0.00174117
-267.03333348	0.00190052
-267.00000015	0.00201028
-266.96666681	0.00173602
-266.93333348	0.00192271
-266.90000015	0.00201520
-266.86666681	0.00219329
-266.83333348	0.00204455
-266.80000015	0.00218771
-266.76666682	0.00203348
-266.73333348	0.00226423
-266.70000015	0.00228947
-266.66666682	0.00218297
-266.63333348	0.00239656
-266.60000015	0.00216168
-266.56666682	0.00219890
-266.53333348	0.00235007
-266.50000015	0.00203960
-266.46666682	0.00206918
-266.43333348	0.00217495
-266.40000015	0.00222669
-266.36666682	0.00220904
-266.33333348	0.00177031
-266.30000015	0.00209515
-266.26666682	0.00183164
-266.23333348	0.00195577
-266.20000015	0.00194397
-266.16666682	0.00165605
-266.13333348	0.00168287
-266.10000015	0.00163470
-266.06666682	0.00154871
-266.03333348	0.00148032
-266.00000015	0.00145443
-265.96666682	0.00116302
-265.93333348	0.00129490
-265.90000015	0.00126989
-265.86666682	0.00159031
-265.83333348	0.00135645
-265.80000015	0.00092818
-265.76666682	0.00070244
-265.73333348	0.00062124
-265.70000015	0.00083380
-265.66666682	0.00094858
-265.63333348	0.00086124
-265.60000015	0.00072140
-265.56666682	0.00057113
-265.53333348	0.00043794
-265.50000015	0.00080189
-265.46666682	0.00064395
-265.43333349	0.00041879
-265.40000015	0.00017940
-265.36666682	0.00018100
-265.33333349	0.00013076
-265.30000015	0.00017591
-265.26666682	0.00010139
-265.23333349	0.00020060
-265.20000015	-0.00014800
-265.16666682	0.00024061
-265.13333349	0.00001461
-265.10000015	-0.00014757
-265.06666682	-0.00025707
-265.03333349	-0.00021370
-265.00000015	-0.00009588
-264.96666682	-0.00024080
-264.93333349	-0.00011722
-264.90000015	-0.00036704
-264.86666682	-0.00026007
-264.83333349	-0.00040064
-264.80000015	-0.00039187
-264.76666682	-0.00051978
-264.73333349	-0.00040177
-264.70000015	-0.00046385
-264.66666682	-0.00036941
-264.63333349	-0.00067590
-264.60000015	-0.00055085
-264.56666682	-0.00047567
-264.53333349	-0.00057847
-264.50000015	-0.00054580
-264.46666682	-0.00057370
-264.43333349	-0.00086445
-264.40000015	-0.00073736
-264.36666682	-0.00062666
-264.33333349	-0.00096935
-264.30000015	-0.00079751
-264.26666682	-0.00044495
-264.23333349	-0.00049732
-264.20000015	-0.00057684
-264.16666682	-0.00072637
-264.13333349	-0.00099264
-264.10000016	-0.00092821
-264.06666682	-0.00087550
-264.03333349	-0.00085787
-264.00000016	-0.00071840
-263.96666682	-0.00056275
-263.93333349	-0.00081271
-263.90000016	-0.00068224
-263.86666682	-0.00082701
-263.83333349	-0.00069427
-263.80000016	-0.00079108
-263.76666682	-0.00064508
-263.73333349	-0.00078049
-263.70000016	-0.00036742
-263.66666682	-0.00017786
-263.63333349	-0.00060814
-263.60000016	-0.00007149
-263.56666682	-0.00025272
-263.53333349	-0.00021081
-263.50000016	0.00006899
-263.46666682	-0.00000712
-263.43333349	-0.00016615
-263.40000016	0.00006857
-263.36666682	0.00020401
-263.33333349	0.00017354
-263.30000016	0.00016678
-263.26666682	0.00049094
-263.23333349	-0.00002875
-263.20000016	0.00029181
-263.16666682	0.00027805
-263.13333349	0.00028068
-263.10000016	0.00019508
-263.06666682	0.00011821
-263.03333349	0.00023943
-263.00000016	0.00006048
-262.96666682	0.00015448
-262.93333349	-0.00007067
-262.90000016	-0.00008644
-262.86666682	-0.00009089
-262.83333349	-0.00039059
-262.80000016	-0.00045198
-262.76666682	-0.00063883
-262.73333349	-0.00065288
-262.70000016	-0.00083939
-262.66666683	-0.00068848
-262.63333349	-0.00112712
-262.60000016	-0.00112661
-262.56666683	-0.00130931
-262.53333349	-0.00140817
-262.50000016	-0.00145740
-262.46666683	-0.00152043
-262.43333349	-0.00157084
-262.40000016	-0.00148476
-262.36666683	-0.00153089
-262.33333349	-0.00156144
-262.30000016	-0.00141051
-262.26666683	-0.00136174
-262.23333349	-0.00129439
-262.20000016	-0.00092659
-262.16666683	-0.00113786
-262.13333349	-0.00064894
-262.10000016	-0.00051202
-262.06666683	-0.00015492
-262.03333349	0.00007883
-262.00000016	-0.00004591
-261.96666683	0.00030301
-261.93333349	0.00037306
-261.90000016	0.00077503
-261.86666683	0.00075582
-261.83333349	0.00101347
-261.80000016	0.00144524
-261.76666683	0.00111290
-261.73333349	0.00138272
-261.70000016	0.00159787
-261.66666683	0.00148096
-261.63333349	0.00131833
-261.60000016	0.00122800
-261.56666683	0.00161616
-261.53333349	0.00145027
-261.50000016	0.00122716
-261.46666683	0.00110119
-261.43333349	0.00136382
-261.40000016	0.00078247
-261.36666683	0.00079508
-261.33333350	0.00043994
-261.30000016	0.00007524
-261.26666683	0.00022554
-261.23333350	-0.00017651
-261.20000016	-0.00037561
-261.16666683	-0.00037678
-261.13333350	-0.00062186
-261.10000016	-0.00048352
-261.06666683	-0.00048791
-261.03333350	-0.00041201
-261.00000016	-0.00057831
-260.96666683	-0.00059999
-260.93333350	-0.00060867
-260.90000016	-0.00054070
-260.86666683	-0.00021728
-260.83333350	-0.00027535
-260.80000016	0.00002124
-260.76666683	0.00043568
-260.73333350	0.00065438
-260.70000016	0.00107476
-260.66666683	0.00144567
-260.63333350	0.00161256
-260.60000016	0.00183601
-260.56666683	0.00220815
-260.53333350	0.00230503
-260.50000016	0.00269060
-260.46666683	0.00289605
-260.43333350	0.00314595
-260.40000016	0.00331590
-260.36666683	0.00368098
-260.33333350	0.00366399
-260.30000016	0.00399717
-260.26666683	0.00426221
-260.23333350	0.00419971
-260.20000016	0.00444366
-260.16666683	0.00438824
-260.13333350	0.00444744
-260.10000016	0.00481015
-260.06666683	0.00475350
-260.03333350	0.00457785
-260.00000017	0.00461553
-259.96666683	0.00455844
-259.93333350	0.00454246
-259.90000017	0.00442264
-259.86666683	0.00437282
-259.83333350	0.00446875
-259.80000017	0.00410811
-259.76666683	0.00422528
-259.73333350	0.00439062
-259.70000017	0.00457632
-259.66666683	0.00424346
-259.63333350	0.00429779
-259.60000017	0.00409286
-259.56666683	0.00422258
-259.53333350	0.00437311
-259.50000017	0.00456327
-259.46666683	0.00416929
-259.43333350	0.00431926
-259.40000017	0.00457141
-259.36666683	0.00454615
-259.33333350	0.00452840
-259.30000017	0.00433150
-259.26666683	0.00415758
-259.23333350	0.00421830
-259.20000017	0.00443584
-259.16666683	0.00444341
-259.13333350	0.00435110
-259.10000017	0.00447273
-259.06666683	0.00429444
-259.03333350	0.00467019
-259.00000017	0.00433829
-258.96666683	0.00471515
-258.93333350	0.00439443
-258.90000017	0.00443513
-258.86666683	0.00430332
-258.83333350	0.00445280
-258.80000017	0.00439703
-258.76666683	0.00432115
-258.73333350	0.00421046
-258.70000017	0.00412756
-258.66666683	0.00447372
-258.63333350	0.00427850
-258.60000017	0.00438485
-258.56666684	0.00435218
-258.53333350	0.00423135
-258.50000017	0.00429375
-258.46666684	0.00414876
-258.43333350	0.00410951
-258.40000017	0.00418532
-258.36666684	0.00409680
-258.33333350	0.00389250
-258.30000017	0.00442055
-258.26666684	0.00419816
-258.23333350	0.00417519
-258.20000017	0.00435813
-258.16666684	0.00412890
-258.13333350	0.00435275
-258.10000017	0.00453266
-258.06666684	0.00461228
-258.03333350	0.00473902
-258.00000017	0.00539732
-257.96666684	0.00517267
-257.93333350	0.00547086
-257.90000017	0.00606935
-257.86666684	0.00654456
-257.83333350	0.00687036
-257.80000017	0.00741524
-257.76666684	0.00776431
-257.73333350	0.00846496
-257.70000017	0.00902920
-257.66666684	0.00970785
-257.63333350	0.01032706
-257.60000017	0.01132476
-257.56666684	0.01211996
-257.53333350	0.01300306
-257.50000017	0.01386386
-257.46666684	0.01459577
-257.43333350	0.01543870
-257.40000017	0.01634958
-257.36666684	0.01709504
-257.33333350	0.01847927
-257.30000017	0.01940792
-257.26666684	0.02060356
-257.23333351	0.02193867
-257.20000017	0.02344245
-257.16666684	0.02460597
-257.13333351	0.02593422
-257.10000017	0.02758984
-257.06666684	0.02920583
-257.03333351	0.03104025
-257.00000017	0.03296325
-256.96666684	0.03514552
-256.93333351	0.03715800
-256.90000017	0.03972164
-256.86666684	0.04196851
-256.83333351	0.04423198
-256.80000017	0.04720917
-256.76666684	0.04989646
-256.73333351	0.05321160
-256.70000017	0.05618746
-256.66666684	0.05959419
-256.63333351	0.06316055
-256.60000017	0.06682195
-256.56666684	0.07063196
-256.53333351	0.07450070
-256.50000017	0.07856077
-256.46666684	0.08294131
-256.43333351	0.08716772
-256.40000017	0.09124209
-256.36666684	0.09584473
-256.33333351	0.10046668
-256.30000017	0.10491480
-256.26666684	0.10963047
-256.23333351	0.11406996
-256.20000017	0.11860345
-256.16666684	0.12323318
-256.13333351	0.12779683
-256.10000017	0.13176149
-256.06666684	0.13559387
-256.03333351	0.13940121
-256.00000017	0.14241704
-255.96666684	0.14480016
-255.93333351	0.14680216
-255.90000018	0.14818717
-255.86666684	0.14812069
-255.83333351	0.14694639
-255.80000018	0.14503771
-255.76666684	0.14142668
-255.73333351	0.13573005
-255.70000018	0.12832825
-255.66666684	0.11865334
-255.63333351	0.10649007
-255.60000018	0.09108809
-255.56666684	0.07301210
-255.53333351	0.05155948
-255.50000018	0.02628313
-255.46666684	-0.00234549
-255.43333351	-0.03511129
-255.40000018	-0.07220627
-255.36666684	-0.11339649
-255.33333351	-0.15868933
-255.30000018	-0.20805971
-255.26666684	-0.26140826
-255.23333351	-0.31841602
-255.20000018	-0.37820040
-255.16666684	-0.44084087
-255.13333351	-0.50563384
-255.10000018	-0.57095533
-255.06666684	-0.63667638
-255.03333351	-0.70148108
-255.00000018	-0.76426730
-254.96666684	-0.82355688
-254.93333351	-0.87791280
-254.90000018	-0.92653647
-254.86666684	-0.96764318
-254.83333351	-1.00031355
-254.80000018	-1.02297752
-254.76666684	-1.03496387
-254.73333351	-1.03528496
-254.70000018	-1.02333709
-254.66666684	-0.99896766
-254.63333351	-0.96170501
-254.60000018	-0.91196260
-254.56666684	-0.84988111
-254.53333351	-0.77647273
-254.50000018	-0.69286618
-254.46666685	-0.60023046
-254.43333351	-0.50015913
-254.40000018	-0.39397217
-254.36666685	-0.28428203
-254.33333351	-0.17234346
-254.30000018	-0.06021722
-254.26666685	0.05036025
-254.23333351	0.15736913
-254.20000018	0.25912311
-254.16666685	0.35399460
-254.13333351	0.44157413
-254.10000018	0.52034851
-254.06666685	0.58914340
-254.03333351	0.64759912
-254.00000018	0.69588137
-253.96666685	0.73324368
-253.93333351	0.76049893
-253.90000018	0.77820059
-253.86666685	0.78658701
-253.83333351	0.78628970
-253.80000018	0.77813789
-253.76666685	0.76350294
-253.73333351	0.74276602
-253.70000018	0.71709131
-253.66666685	0.68760685
-253.63333351	0.65478053
-253.60000018	0.61983264
-253.56666685	0.58389987
-253.53333351	0.54720969
-253.50000018	0.51096838
-253.46666685	0.47513823
-253.43333351	0.44036421
-253.40000018	0.40717258
-253.36666685	0.37616882
-253.33333351	0.34679032
-253.30000018	0.31898348
-253.26666685	0.29372781
-253.23333351	0.27088463
-253.20000018	0.24939959
-253.16666685	0.22994512
-253.13333352	0.21206487
-253.10000018	0.19606973
-253.06666685	0.18107121
-253.03333352	0.16768835
-253.00000018	0.15487568
-252.96666685	0.14318504
-252.93333352	0.13201649
-252.90000018	0.12105190
-252.86666685	0.11063367
-252.83333352	0.10057819
-252.80000018	0.09088221
-252.76666685	0.08128546
-252.73333352	0.07179553
-252.70000018	0.06253596
-252.66666685	0.05358868
-252.63333352	0.04460678
-252.60000018	0.03630173
-252.56666685	0.02829661
-252.53333352	0.02071803
-252.50000018	0.01405881
-252.46666685	0.00769206
-252.43333352	0.00165996
-252.40000018	-0.00344238
-252.36666685	-0.00797148
-252.33333352	-0.01169314
-252.30000018	-0.01511087
-252.26666685	-0.01829164
-252.23333352	-0.02063403
-252.20000018	-0.02281740
-252.16666685	-0.02460404
-252.13333352	-0.02628360
-252.10000018	-0.02792151
-252.06666685	-0.02951873
-252.03333352	-0.03079014
-252.00000018	-0.03225359
-251.96666685	-0.03377626
-251.93333352	-0.03550560
-251.90000018	-0.03714257
-251.86666685	-0.03869040
-251.83333352	-0.04043857
-251.80000019	-0.04219842
-251.76666685	-0.04356700
-251.73333352	-0.04515519
-251.70000019	-0.04675530
-251.66666685	-0.04766267
-251.63333352	-0.04879902
-251.60000019	-0.04941757
-251.56666685	-0.04956171
-251.53333352	-0.04927020
-251.50000019	-0.04907119
-251.46666685	-0.04800835
-251.43333352	-0.04692159
-251.40000019	-0.04515118
-251.36666685	-0.04349018
-251.33333352	-0.04170466
-251.30000019	-0.03952735
-251.26666685	-0.03717353
-251.23333352	-0.03492804
-251.20000019	-0.03296446
-251.16666685	-0.03113180
-251.13333352	-0.02934899
-251.10000019	-0.02799737
-251.06666685	-0.02711365
-251.03333352	-0.02641233
-251.00000019	-0.02648771
-250.96666685	-0.02700644
-250.93333352	-0.02753900
-250.90000019	-0.02868125
-250.86666685	-0.03005027
-250.83333352	-0.03152662
-250.80000019	-0.03334654
-250.76666685	-0.03496349
-250.73333352	-0.03660368
-250.70000019	-0.03865949
-250.66666685	-0.04013235
-250.63333352	-0.04172973
-250.60000019	-0.04321812
-250.56666685	-0.04390312
-250.53333352	-0.04476843
-250.50000019	-0.04545558
-250.46666685	-0.04606381
-250.43333352	-0.04641018
-250.40000019	-0.04668624
-250.36666686	-0.04680528
-250.33333352	-0.04679448
-250.30000019	-0.04650104
-250.26666686	-0.04677144
-250.23333352	-0.04653498
-250.20000019	-0.04619474
-250.16666686	-0.04573522
-250.13333352	-0.04509317
-250.10000019	-0.04439870
-250.06666686	-0.04362401
-250.03333352	-0.04262248
-250.00000019	-0.04149206
-249.96666686	-0.03982088
-249.93333352	-0.03819403
-249.90000019	-0.03626663
-249.86666686	-0.03439614
-249.83333352	-0.03236707
-249.80000019	-0.02970072
-249.76666686	-0.02740025
-249.73333352	-0.02490723
-249.70000019	-0.02234911
-249.66666686	-0.02003628
-249.63333352	-0.01741503
-249.60000019	-0.01481558
-249.56666686	-0.01271400
-249.53333352	-0.01045829
-249.50000019	-0.00872409
-249.46666686	-0.00724414
-249.43333352	-0.00580248
-249.40000019	-0.00462196
-249.36666686	-0.00405913
-249.33333352	-0.00374367
-249.30000019	-0.00333018
-249.26666686	-0.00387818
-249.23333352	-0.00442095
-249.20000019	-0.00545292
-249.16666686	-0.00656341
-249.13333352	-0.00790281
-249.10000019	-0.00950611
-249.06666686	-0.01109287
-249.03333353	-0.01293034
-249.00000019	-0.01518183
-248.96666686	-0.01726523
-248.93333353	-0.01901132
-248.90000019	-0.02088510
-248.86666686	-0.02234098
-248.83333353	-0.02372528
-248.80000019	-0.02532518
-248.76666686	-0.02653749
-248.73333353	-0.02742868
-248.70000019	-0.02835679
-248.66666686	-0.02893342
-248.63333353	-0.02904637
-248.60000019	-0.02913989
-248.56666686	-0.02906254
-248.53333353	-0.02927979
-248.50000019	-0.02860642
-248.46666686	-0.02785100
-248.43333353	-0.02702610
-248.40000019	-0.02623091
-248.36666686	-0.02535186
-248.33333353	-0.02383066
-248.30000019	-0.02272893
-248.26666686	-0.02175529
-248.23333353	-0.02044978
-248.20000019	-0.01902357
-248.16666686	-0.01798235
-248.13333353	-0.01699054
-248.10000019	-0.01596821
-248.06666686	-0.01505767
-248.03333353	-0.01440184
-248.00000019	-0.01395452
-247.96666686	-0.01286739
-247.93333353	-0.01241169
-247.90000019	-0.01218189
-247.86666686	-0.01189257
-247.83333353	-0.01162217
-247.80000019	-0.01164370
-247.76666686	-0.01144741
-247.73333353	-0.01143724
-247.70000020	-0.01149431
-247.66666686	-0.01183689
-247.63333353	-0.01234204
-247.60000020	-0.01267824
-247.56666686	-0.01323727
-247.53333353	-0.01431810
-247.50000020	-0.01509502
-247.46666686	-0.01593339
-247.43333353	-0.01694474
-247.40000020	-0.01783849
-247.36666686	-0.01864737
-247.33333353	-0.01946411
-247.30000020	-0.02036703
-247.26666686	-0.02104928
-247.23333353	-0.02115139
-247.20000020	-0.02175426
-247.16666686	-0.02160891
-247.13333353	-0.02156194
-247.10000020	-0.02135465
-247.06666686	-0.02024170
-247.03333353	-0.01904349
-247.00000020	-0.01749851
-246.96666686	-0.01569563
-246.93333353	-0.01384756
-246.90000020	-0.01143121
-246.86666686	-0.00923540
-246.83333353	-0.00652747
-246.80000020	-0.00386108
-246.76666686	-0.00119977
-246.73333353	0.00136205
-246.70000020	0.00419147
-246.66666686	0.00660340
-246.63333353	0.00871036
-246.60000020	0.01053867
-246.56666686	0.01215748
-246.53333353	0.01361120
-246.50000020	0.01450732
-246.46666686	0.01546787
-246.43333353	0.01596756
-246.40000020	0.01621378
-246.36666686	0.01582387
-246.33333353	0.01537533
-246.30000020	0.01523076
-246.26666687	0.01423812
-246.23333353	0.01369284
-246.20000020	0.01252172
-246.16666687	0.01164531
-246.13333353	0.01045686
-246.10000020	0.00971451
-246.06666687	0.00893169
-246.03333353	0.00837555
-246.00000020	0.00787543
-245.96666687	0.00761223
-245.93333353	0.00739905
-245.90000020	0.00728843
-245.86666687	0.00711419
-245.83333353	0.00758493
-245.80000020	0.00806502
-245.76666687	0.00846295
-245.73333353	0.00888973
-245.70000020	0.00935437
-245.66666687	0.00975144
-245.63333353	0.00967149
-245.60000020	0.00994261
-245.56666687	0.00990399
-245.53333353	0.00954736
-245.50000020	0.00876985
-245.46666687	0.00813514
-245.43333353	0.00686944
-245.40000020	0.00558454
-245.36666687	0.00413547
-245.33333353	0.00254071
-245.30000020	0.00064371
-245.26666687	-0.00125755
-245.23333353	-0.00359119
-245.20000020	-0.00543297
-245.16666687	-0.00749387
-245.13333353	-0.00941562
-245.10000020	-0.01091956
-245.06666687	-0.01246652
-245.03333353	-0.01331093
-245.00000020	-0.01436095
-244.96666687	-0.01481110
-244.93333354	-0.01502467
-244.90000020	-0.01483895
-244.86666687	-0.01425259
-244.83333354	-0.01328061
-244.80000020	-0.01217288
-244.76666687	-0.01073809
-244.73333354	-0.00911694
-244.70000020	-0.00731657
-244.66666687	-0.00501078
-244.63333354	-0.00265656
-244.60000020	-0.00078908
-244.56666687	0.00159932
-244.53333354	0.00367412
-244.50000020	0.00588316
-244.46666687	0.00793139
-244.43333354	0.00960948
-244.40000020	0.01159288
-244.36666687	0.01348982
-244.33333354	0.01499060
-244.30000020	0.01627600
-244.26666687	0.01745344
-244.23333354	0.01838857
-244.20000020	0.01959396
-244.16666687	0.02042365
-244.13333354	0.02090677
-244.10000020	0.02104590
-244.06666687	0.02119190
-244.03333354	0.02142084
-244.00000020	0.02147574
-243.96666687	0.02096898
-243.93333354	0.02079510
-243.90000020	0.02009978
-243.86666687	0.01961203
-243.83333354	0.01852523
-243.80000020	0.01725906
-243.76666687	0.01592662
-243.73333354	0.01453634
-243.70000020	0.01278925
-243.66666687	0.01096270
-243.63333354	0.00908332
-243.60000020	0.00698923
-243.56666687	0.00511497
-243.53333354	0.00278088
-243.50000021	0.00041109
-243.46666687	-0.00180506
-243.43333354	-0.00398831
-243.40000021	-0.00638652
-243.36666687	-0.00840524
-243.33333354	-0.01026225
-243.30000021	-0.01193548
-243.26666687	-0.01304995
-243.23333354	-0.01436925
-243.20000021	-0.01520190
-243.16666687	-0.01576500
-243.13333354	-0.01608298
-243.10000021	-0.01577254
-243.06666687	-0.01541286
-243.03333354	-0.01474625
-243.00000021	-0.01327644
-242.96666687	-0.01177159
-242.93333354	-0.01014124
-242.90000021	-0.00849452
-242.86666687	-0.00630610
-242.83333354	-0.00443240
-242.80000021	-0.00247621
-242.76666687	-0.00081621
-242.73333354	0.00123693
-242.70000021	0.00290334
-242.66666687	0.00460495
-242.63333354	0.00595195
-242.60000021	0.00723767
-242.56666687	0.00791462
-242.53333354	0.00840611
-242.50000021	0.00834707
-242.46666687	0.00839106
-242.43333354	0.00809932
-242.40000021	0.00774807
-242.36666687	0.00737096
-242.33333354	0.00638629
-242.30000021	0.00579455
-242.26666687	0.00473935
-242.23333354	0.00429475
-242.20000021	0.00382154
-242.16666688	0.00338254
-242.13333354	0.00313037
-242.10000021	0.00270511
-242.06666688	0.00234231
-242.03333354	0.00254010
-242.00000021	0.00232631
-241.96666688	0.00217426
-241.93333354	0.00239899
-241.90000021	0.00213711
-241.86666688	0.00251101
-241.83333354	0.00189876
-241.80000021	0.00185412
-241.76666688	0.00155652
-241.73333354	0.00122154
-241.70000021	0.00036568
-241.66666688	-0.00062451
-241.63333354	-0.00129336
-241.60000021	-0.00227237
-241.56666688	-0.00323605
-241.53333354	-0.00412895
-241.50000021	-0.00513361
-241.46666688	-0.00629835
-241.43333354	-0.00691447
-241.40000021	-0.00760921
-241.36666688	-0.00831411
-241.33333354	-0.00880271
-241.30000021	-0.00890310
-241.26666688	-0.00900189
-241.23333354	-0.00899349
-241.20000021	-0.00860578
-241.16666688	-0.00818852
-241.13333354	-0.00760004
-241.10000021	-0.00675424
-241.06666688	-0.00597783
-241.03333354	-0.00519980
-241.00000021	-0.00454109
-240.96666688	-0.00368516
-240.93333354	-0.00277254
-240.90000021	-0.00189057
-240.86666688	-0.00145197
-240.83333355	-0.00053699
-240.80000021	0.00002756
-240.76666688	0.00057731
-240.73333355	0.00105673
-240.70000021	0.00161674
-240.66666688	0.00196645
-240.63333355	0.00240486
-240.60000021	0.00274258
-240.56666688	0.00304040
-240.53333355	0.00351690
-240.50000021	0.00369361
-240.46666688	0.00397713
-240.43333355	0.00457874
-240.40000021	0.00466112
-240.36666688	0.00515983
-240.33333355	0.00574431
-240.30000021	0.00589686
-240.26666688	0.00610006
-240.23333355	0.00575287
-240.20000021	0.00576760
-240.16666688	0.00557313
-240.13333355	0.00471009
-240.10000021	0.00374353
-240.06666688	0.00267284
-240.03333355	0.00116948
-240.00000021	-0.00085266
-239.96666688	-0.00236702
-239.93333355	-0.00471295
-239.90000021	-0.00671222
-239.86666688	-0.00913688
-239.83333355	-0.01144566
-239.80000021	-0.01369101
-239.76666688	-0.01616611
-239.73333355	-0.01813348
-239.70000021	-0.02037038
-239.66666688	-0.02197598
-239.63333355	-0.02334394
-239.60000021	-0.02435789
-239.56666688	-0.02498621
-239.53333355	-0.02539676
-239.50000021	-0.02492646
-239.46666688	-0.02422317
-239.43333355	-0.02338067
-239.40000022	-0.02213092
-239.36666688	-0.02027409
-239.33333355	-0.01836706
-239.30000022	-0.01644911
-239.26666688	-0.01422036
-239.23333355	-0.01190683
-239.20000022	-0.00973051
-239.16666688	-0.00767995
-239.13333355	-0.00506552
-239.10000022	-0.00291814
-239.06666688	-0.00119369
-239.03333355	0.00062455
-239.00000022	0.00206626
-238.96666688	0.00323227
-238.93333355	0.00444801
-238.90000022	0.00556216
-238.86666688	0.00629595
-238.83333355	0.00693029
-238.80000022	0.00705598
-238.76666688	0.00720363
-238.73333355	0.00732187
-238.70000022	0.00788269
-238.66666688	0.00796826
-238.63333355	0.00803690
-238.60000022	0.00792387
-238.56666688	0.00812450
-238.53333355	0.00790933
-238.50000022	0.00770841
-238.46666688	0.00724083
-238.43333355	0.00669331
-238.40000022	0.00567770
-238.36666688	0.00433248
-238.33333355	0.00293847
-238.30000022	0.00105045
-238.26666688	-0.00105257
-238.23333355	-0.00306017
-238.20000022	-0.00535022
-238.16666688	-0.00764779
-238.13333355	-0.01035051
-238.10000022	-0.01308629
-238.06666689	-0.01607641
-238.03333355	-0.01867568
-238.00000022	-0.02085796
-237.96666689	-0.02296515
-237.93333355	-0.02436774
-237.90000022	-0.02561891
-237.86666689	-0.02675651
-237.83333355	-0.02738635
-237.80000022	-0.02783728
-237.76666689	-0.02734160
-237.73333355	-0.02673356
-237.70000022	-0.02579325
-237.66666689	-0.02445674
-237.63333355	-0.02310557
-237.60000022	-0.02169685
-237.56666689	-0.01987238
-237.53333355	-0.01806298
-237.50000022	-0.01584920
-237.46666689	-0.01432087
-237.43333355	-0.01248790
-237.40000022	-0.01086355
-237.36666689	-0.00943838
-237.33333355	-0.00817914
-237.30000022	-0.00712318
-237.26666689	-0.00669796
-237.23333355	-0.00611122
-237.20000022	-0.00536283
-237.16666689	-0.00543577
-237.13333355	-0.00510948
-237.10000022	-0.00513639
-237.06666689	-0.00521886
-237.03333355	-0.00514300
-237.00000022	-0.00531128
-236.96666689	-0.00497599
-236.93333355	-0.00470951
-236.90000022	-0.00457773
-236.86666689	-0.00434726
-236.83333355	-0.00382430
-236.80000022	-0.00346328
-236.76666689	-0.00295291
-236.73333356	-0.00202696
-236.70000022	-0.00127883
-236.66666689	-0.00058243
-236.63333356	-0.00040924
-236.60000022	0.00025464
-236.56666689	0.00036889
-236.53333356	0.00060652
-236.50000022	0.00047274
-236.46666689	0.00038949
-236.43333356	0.00006447
-236.40000022	-0.00048942
-236.36666689	-0.00126251
-236.33333356	-0.00207452
-236.30000022	-0.00298304
-236.26666689	-0.00404624
-236.23333356	-0.00535571
-236.20000022	-0.00625182
-236.16666689	-0.00726256
-236.13333356	-0.00825448
-236.10000022	-0.00933104
-236.06666689	-0.01005941
-236.03333356	-0.01043763
-236.00000022	-0.01068666
-235.96666689	-0.01103922
-235.93333356	-0.01102324
-235.90000022	-0.01109573
-235.86666689	-0.01092456
-235.83333356	-0.01040605
-235.80000022	-0.01000748
-235.76666689	-0.00927630
-235.73333356	-0.00851865
-235.70000022	-0.00798515
-235.66666689	-0.00745058
-235.63333356	-0.00681651
-235.60000022	-0.00613357
-235.56666689	-0.00549079
-235.53333356	-0.00489999
-235.50000022	-0.00457210
-235.46666689	-0.00415185
-235.43333356	-0.00369504
-235.40000022	-0.00336177
-235.36666689	-0.00288957
-235.33333356	-0.00272601
-235.30000023	-0.00239230
-235.26666689	-0.00194359
-235.23333356	-0.00179947
-235.20000023	-0.00081967
-235.16666689	-0.00063731
-235.13333356	-0.00011915
-235.10000023	0.00049386
-235.06666689	0.00128113
-235.03333356	0.00206410
-235.00000023	0.00274676
-234.96666689	0.00321662
-234.93333356	0.00420982
-234.90000023	0.00448610
-234.86666689	0.00464840
-234.83333356	0.00485668
-234.80000023	0.00499264
-234.76666689	0.00473256
-234.73333356	0.00410049
-234.70000023	0.00342556
-234.66666689	0.00225163
-234.63333356	0.00131779
-234.60000023	0.00003073
-234.56666689	-0.00143458
-234.53333356	-0.00296352
-234.50000023	-0.00453360
-234.46666689	-0.00602106
-234.43333356	-0.00760552
-234.40000023	-0.00916124
-234.36666689	-0.01052928
-234.33333356	-0.01197059
-234.30000023	-0.01266574
-234.26666689	-0.01347898
-234.23333356	-0.01418229
-234.20000023	-0.01449886
-234.16666689	-0.01447763
-234.13333356	-0.01469544
-234.10000023	-0.01430956
-234.06666689	-0.01362339
-234.03333356	-0.01316910
-234.00000023	-0.01235508
-233.96666690	-0.01145580
-233.93333356	-0.01063153
-233.90000023	-0.00952765
-233.86666690	-0.00814225
-233.83333356	-0.00715796
-233.80000023	-0.00595971
-233.76666690	-0.00473548
-233.73333356	-0.00348659
-233.70000023	-0.00238135
-233.66666690	-0.00133566
-233.63333356	-0.00030092
-233.60000023	0.00091113
-233.56666690	0.00139337
-233.53333356	0.00229475
-233.50000023	0.00268026
-233.46666690	0.00320644
-233.43333356	0.00385698
-233.40000023	0.00381229
-233.36666690	0.00402417
-233.33333356	0.00385954
-233.30000023	0.00387509
-233.26666690	0.00351915
-233.23333356	0.00294454
-233.20000023	0.00240010
-233.16666690	0.00168175
-233.13333356	0.00069743
-233.10000023	-0.00035600
-233.06666690	-0.00149331
-233.03333356	-0.00244289
-233.00000023	-0.00372758
-232.96666690	-0.00472379
-232.93333356	-0.00610468
-232.90000023	-0.00741303
-232.86666690	-0.00875333
-232.83333356	-0.00987971
-232.80000023	-0.01080078
-232.76666690	-0.01167954
-232.73333356	-0.01271452
-232.70000023	-0.01341533
-232.66666690	-0.01395965
-232.63333357	-0.01436873
-232.60000023	-0.01471018
-232.56666690	-0.01454077
-232.53333357	-0.01434004
-232.50000023	-0.01416093
-232.46666690	-0.01397348
-232.43333357	-0.01317192
-232.40000023	-0.01253538
-232.36666690	-0.01174097
-232.33333357	-0.01106023
-232.30000023	-0.01013031
-232.26666690	-0.00914795
-232.23333357	-0.00812367
-232.20000023	-0.00701268
-232.16666690	-0.00614861
-232.13333357	-0.00511828
-232.10000023	-0.00397253
-232.06666690	-0.00281630
-232.03333357	-0.00183143
-232.00000023	-0.00082605
-231.96666690	0.00014635
-231.93333357	0.00071201
-231.90000023	0.00152716
-231.86666690	0.00241120
-231.83333357	0.00290173
-231.80000023	0.00368788
-231.76666690	0.00432477
-231.73333357	0.00482011
-231.70000023	0.00552002
-231.66666690	0.00578526
-231.63333357	0.00646428
-231.60000023	0.00677782
-231.56666690	0.00705972
-231.53333357	0.00764258
-231.50000023	0.00788015
-231.46666690	0.00814068
-231.43333357	0.00789859
-231.40000023	0.00824625
-231.36666690	0.00822512
-231.33333357	0.00822908
-231.30000023	0.00807992
-231.26666690	0.00793591
-231.23333357	0.00755246
-231.20000024	0.00720494
-231.16666690	0.00666686
-231.13333357	0.00613416
-231.10000024	0.00543656
-231.06666690	0.00470246
-231.03333357	0.00415948
-231.00000024	0.00375229
-230.96666690	0.00303239
-230.93333357	0.00238340
-230.90000024	0.00154784
-230.86666690	0.00098036
-230.83333357	0.00054030
-230.80000024	0.00003728
-230.76666690	-0.00046445
-230.73333357	-0.00121905
-230.70000024	-0.00153511
-230.66666690	-0.00159367
-230.63333357	-0.00216356
-230.60000024	-0.00246913
-230.56666690	-0.00308658
-230.53333357	-0.00314254
-230.50000024	-0.00313072
-230.46666690	-0.00333436
-230.43333357	-0.00341025
-230.40000024	-0.00328262
-230.36666690	-0.00320892
-230.33333357	-0.00308614
-230.30000024	-0.00284392
-230.26666690	-0.00234550
-230.23333357	-0.00203641
-230.20000024	-0.00176503
-230.16666690	-0.00099776
-230.13333357	-0.00064537
-230.10000024	-0.00016894
-230.06666690	0.00046148
-230.03333357	0.00119756
-230.00000024	0.00166764
-229.96666690	0.00239064
-229.93333357	0.00268807
-229.90000024	0.00330239
-229.86666691	0.00369449
-229.83333357	0.00428457
-229.80000024	0.00462921
-229.76666691	0.00478733
-229.73333357	0.00510564
-229.70000024	0.00531906
-229.66666691	0.00529114
-229.63333357	0.00522184
-229.60000024	0.00510067
-229.56666691	0.00499385
-229.53333357	0.00480885
-229.50000024	0.00444710
-229.46666691	0.00424460
-229.43333357	0.00377083
-229.40000024	0.00335966
-229.36666691	0.00291062
-229.33333357	0.00246121
-229.30000024	0.00218515
-229.26666691	0.00165461
-229.23333357	0.00129182
-229.20000024	0.00084223
-229.16666691	0.00039900
-229.13333357	0.00002360
-229.10000024	-0.00026799
-229.06666691	-0.00060726
-229.03333357	-0.00093959
-229.00000024	-0.00116978
-228.96666691	-0.00140220
-228.93333357	-0.00149889
-228.90000024	-0.00168175
-228.86666691	-0.00176284
-228.83333357	-0.00186624
-228.80000024	-0.00184880
-228.76666691	-0.00181766
-228.73333357	-0.00176873
-228.70000024	-0.00152744
-228.66666691	-0.00138590
-228.63333357	-0.00118741
-228.60000024	-0.00094110
-228.56666691	-0.00059541
-228.53333358	-0.00034056
-228.50000024	-0.00007800
-228.46666691	0.00027176
-228.43333358	0.00053525
-228.40000024	0.00081721
-228.36666691	0.00112988
-228.33333358	0.00139477
-228.30000024	0.00153235
-228.26666691	0.00171516
-228.23333358	0.00185554
-228.20000024	0.00197306
-228.16666691	0.00194745
-228.13333358	0.00201548
-228.10000024	0.00194725
-228.06666691	0.00190223
-228.03333358	0.00184718
-228.00000024	0.00174960
-227.96666691	0.00160455
-227.93333358	0.00147594
-227.90000024	0.00132744
-227.86666691	0.00118910
-227.83333358	0.00104262
-227.80000024	0.00088451
-227.76666691	0.00075825
-227.73333358	0.00064420
-227.70000024	0.00053173
-227.66666691	0.00043006
-227.63333358	0.00035365
-227.60000024	0.00027464
-227.56666691	0.00022564
-227.53333358	0.00017869
-227.50000024	0.00013279
-227.46666691	0.00009612
-227.43333358	0.00007261
-227.40000024	0.00005022
-227.36666691	0.00004055
-227.33333358	0.00003100
-227.30000024	0.00002175
-227.26666691	0.00001378
-227.23333358	0.00000767
-227.20000024	0.00000304
-227.16666691	0.00000176
-227.13333358	-0.00000055
-227.10000025	-0.00000147
-227.06666691	-0.00000138
-227.03333358	-0.00000110
-227.00000025	-0.00000057
-226.96666691	-0.00000023
-226.93333358	0.00000000
