# Menlo Systems GmbH ScanControl
# Program Version 1.3.3
# Start: -327.00000000 ps, Average over 100 waveforms. Timestamp: 2026-05-07T11:52:51
# Window type: Tukey, parameters: alpha = 0.1
# User time axis shift: 0 ps
# Frequency [THz]	THz Signal [a.u.]
0.00000000	-31.59534632
0.00732601	-36.55125788
0.01465201	-24.85156696
0.02197802	-23.93138085
0.02930403	-32.29690327
0.03663004	-30.16130276
0.04395604	-22.48859113
0.05128205	-20.51864780
0.05860806	-26.28135277
0.06593407	-20.74267911
0.07326007	-17.76580579
0.08058608	-25.13804359
0.08791209	-17.13875254
0.09523810	-11.28687572
0.10256410	-12.79336082
0.10989011	-15.42604189
0.11721612	-9.42073036
0.12454212	-8.66823219
0.13186813	-10.94057827
0.13919414	-8.23158436
0.14652015	-6.64387723
0.15384615	-8.29708783
0.16117216	-7.37174269
0.16849817	-5.31863481
0.17582418	-5.93566061
0.18315018	-6.83242521
0.19047619	-5.41137076
0.19780220	-4.44928729
0.20512821	-4.62296568
0.21245421	-4.93339779
0.21978022	-3.94431850
0.22710623	-2.68960206
0.23443223	-3.04049300
0.24175824	-3.86583948
0.24908425	-2.60285267
0.25641026	-1.99999322
0.26373626	-2.90145769
0.27106227	-2.19364117
0.27838828	-1.08798938
0.28571429	-1.90486825
0.29304029	-2.20965369
0.30036630	-0.86511080
0.30769231	-1.05349185
0.31501832	-1.99281533
0.32234432	-1.03268790
0.32967033	-0.53119666
0.33699634	-1.36071251
0.34432234	-1.14363852
0.35164835	-0.29927405
0.35897436	-0.60855836
0.36630037	-0.96983452
0.37362637	-0.49527865
0.38095238	-0.40835780
0.38827839	-0.40647671
0.39560440	0.08156247
0.40293040	0.07361000
0.41025641	-0.26688700
0.41758242	0.06417482
0.42490843	0.12913573
0.43223443	-0.49924284
0.43956044	-0.38727404
0.44688645	0.02613950
0.45421245	-0.42146193
0.46153846	-0.58261546
0.46886447	-0.15905059
0.47619048	-0.51796347
0.48351648	-0.76787993
0.49084249	-0.13748755
0.49816850	-0.31206052
0.50549451	-0.80866852
0.51282051	-0.10641665
0.52014652	-0.01904540
0.52747253	-0.94918183
0.53479854	-0.52155873
0.54212454	-0.02293594
0.54945055	-1.68062226
0.55677656	-3.56279871
0.56410256	-2.10227170
0.57142857	-1.14460812
0.57875458	-1.17052754
0.58608059	-1.06601455
0.59340659	-1.15214653
0.60073260	-1.26419333
0.60805861	-1.09155727
0.61538462	-1.33533535
0.62271062	-1.55063288
0.63003663	-1.19685953
0.63736264	-1.29858003
0.64468865	-1.63257960
0.65201465	-1.35532223
0.65934066	-1.41515233
0.66666667	-1.93551808
0.67399267	-1.87369455
0.68131868	-1.85615229
0.68864469	-2.35738141
0.69597070	-2.45854324
0.70329670	-2.39404375
0.71062271	-2.77273067
0.71794872	-3.00495542
0.72527473	-3.01084574
0.73260073	-3.23760587
0.73992674	-3.65756273
0.74725275	-4.49308385
0.75457876	-5.24742731
0.76190476	-4.51780242
0.76923077	-3.65760172
0.77655678	-3.84811125
0.78388278	-4.23699638
0.79120879	-4.02357007
0.79853480	-3.99233944
0.80586081	-4.40417422
0.81318681	-4.57741031
0.82051282	-4.53867576
0.82783883	-4.79999349
0.83516484	-5.00680907
0.84249084	-4.92005755
0.84981685	-5.15812872
0.85714286	-5.55925175
0.86446887	-5.48056505
0.87179487	-5.52002904
0.87912088	-5.87514969
0.88644689	-5.80340887
0.89377289	-5.73593291
0.90109890	-6.09216788
0.90842491	-6.12217155
0.91575092	-5.99401262
0.92307692	-6.26105067
0.93040293	-6.36239603
0.93772894	-6.28120148
0.94505495	-6.53448692
0.95238095	-6.76082659
0.95970696	-6.79767670
0.96703297	-7.01064637
0.97435898	-7.37928193
0.98168498	-7.96862157
0.98901099	-8.59551724
0.99633700	-8.36934254
1.00366301	-7.71808731
1.01098901	-7.67482475
1.01831502	-8.13667981
1.02564103	-8.24396443
1.03296703	-7.96692266
1.04029304	-8.18758511
1.04761905	-8.59843155
1.05494506	-8.31540770
1.06227106	-8.48134528
1.06959707	-9.31933570
1.07692308	-8.86190715
1.08424909	-8.90559733
1.09157509	-12.64398002
1.09890110	-19.29532952
1.10622711	-13.83090268
1.11355312	-12.51332853
1.12087912	-11.71374189
1.12820513	-10.02625728
1.13553114	-10.17036569
1.14285714	-10.89745486
1.15018315	-11.11988307
1.15750916	-14.82564376
1.16483517	-23.49835381
1.17216117	-13.11459502
1.17948718	-10.95914506
1.18681319	-11.09900564
1.19413920	-10.69264711
1.20146520	-11.85471192
1.20879121	-14.41329016
1.21611722	-12.59376023
1.22344323	-12.13321437
1.23076923	-14.29603429
1.23809524	-12.72100212
1.24542125	-11.11956530
1.25274725	-11.94807884
1.26007326	-12.04604510
1.26739927	-11.44276657
1.27472528	-12.25266557
1.28205128	-12.47575106
1.28937729	-11.96690319
1.29670330	-12.64238568
1.30402931	-12.92783778
1.31135531	-12.54504733
1.31868132	-13.27282837
1.32600733	-13.64363383
1.33333334	-13.03860764
1.34065934	-13.35700590
1.34798535	-13.77227361
1.35531136	-13.51901142
1.36263736	-13.84142916
1.36996337	-14.15078140
1.37728938	-14.02576760
1.38461539	-14.45606217
1.39194139	-14.63061023
1.39926740	-14.95185632
1.40659341	-18.42184292
1.41391942	-24.00225062
1.42124542	-17.17122554
1.42857143	-15.05281449
1.43589744	-15.81111953
1.44322345	-16.01493936
1.45054945	-15.41448618
1.45787546	-15.83236556
1.46520147	-16.17423742
1.47252747	-15.86412096
1.47985348	-16.15401290
1.48717949	-16.60160624
1.49450550	-16.43635837
1.50183150	-16.57400072
1.50915751	-17.08369993
1.51648352	-17.13263900
1.52380953	-17.16040117
1.53113553	-17.56256066
1.53846154	-17.65384227
1.54578755	-17.58163721
1.55311356	-17.93733173
1.56043956	-18.13587814
1.56776557	-18.04987805
1.57509158	-18.39149765
1.58241758	-18.57787764
1.58974359	-18.59366387
1.59706960	-20.28364030
1.60439561	-23.21957983
1.61172161	-21.12407591
1.61904762	-19.32441717
1.62637363	-20.09819188
1.63369964	-20.82517938
1.64102564	-20.25423549
1.64835165	-21.45133371
1.65567766	-25.87843076
1.66300367	-33.17322959
1.67032967	-45.41910348
1.67765568	-31.45622543
1.68498169	-24.70963547
1.69230769	-22.58501359
1.69963370	-22.86801640
1.70695971	-25.04950852
1.71428572	-31.39169935
1.72161172	-35.66984838
1.72893773	-26.07457935
1.73626374	-23.58097358
1.74358975	-23.49299036
1.75091575	-23.69030369
1.75824176	-24.23922652
1.76556777	-25.55591725
1.77289378	-24.94686403
1.78021978	-23.64276017
1.78754579	-24.81247567
1.79487180	-28.74208717
1.80219780	-28.19232998
1.80952381	-25.47002538
1.81684982	-25.12302874
1.82417583	-25.35907531
1.83150183	-25.18880466
1.83882784	-25.68924551
1.84615385	-26.08425757
1.85347986	-25.77704040
1.86080586	-27.66745530
1.86813187	-35.38433050
1.87545788	-31.08201258
1.88278389	-26.83445830
1.89010989	-26.97359290
1.89743590	-27.52926065
1.90476191	-26.80929994
1.91208791	-28.35737566
1.91941392	-33.77684057
1.92673993	-31.55644713
1.93406594	-28.11809858
1.94139194	-27.82407114
1.94871795	-28.40409752
1.95604396	-28.38475988
1.96336997	-28.45819798
1.97069597	-28.84851087
1.97802198	-29.02735989
1.98534799	-29.14450684
1.99267400	-29.43596838
2.00000000	-29.61015463
2.00732601	-29.82077625
2.01465202	-30.33179667
2.02197802	-30.37325313
2.02930403	-30.29507787
2.03663004	-31.95497511
2.04395605	-34.57289056
2.05128205	-32.19915436
2.05860806	-30.37395669
2.06593407	-31.52744290
2.07326008	-33.97815908
2.08058608	-33.43267467
2.08791209	-32.30855027
2.09523810	-32.38189551
2.10256411	-32.69165774
2.10989011	-33.01317856
2.11721612	-33.32361524
2.12454213	-33.47203970
2.13186813	-33.94234561
2.13919414	-34.50381557
2.14652015	-34.68929650
2.15384616	-35.93090159
2.16117216	-41.00864977
2.16849817	-55.88744742
2.17582418	-39.20059172
2.18315019	-36.29373657
2.19047619	-38.80995365
2.19780220	-53.46063481
2.20512821	-40.66647693
2.21245422	-38.21244130
2.21978022	-43.16503014
2.22710623	-47.67790560
2.23443224	-38.64090700
2.24175824	-36.73274142
2.24908425	-37.00722888
2.25641026	-38.84443325
2.26373627	-46.22777141
2.27106227	-45.69817298
2.27838828	-37.82596784
2.28571429	-36.40223609
2.29304030	-37.04909430
2.30036630	-36.82300162
2.30769231	-36.37131994
2.31501832	-37.69391726
2.32234433	-38.51737556
2.32967033	-37.50640543
2.33699634	-38.70840103
2.34432235	-42.64375750
2.35164835	-41.25154728
2.35897436	-39.82549862
2.36630037	-42.35653573
2.37362638	-42.16840638
2.38095238	-40.07147292
2.38827839	-43.11666873
2.39560440	-59.94058781
2.40293041	-42.04182831
2.41025641	-39.20432017
2.41758242	-39.63945746
2.42490843	-39.89625389
2.43223444	-39.80292501
2.43956044	-40.25945558
2.44688645	-40.06810353
2.45421246	-40.88335818
2.46153846	-47.17746678
2.46886447	-52.12087219
2.47619048	-42.05301822
2.48351649	-40.10120108
2.49084249	-40.43755884
2.49816850	-40.48285020
2.50549451	-40.30491236
2.51282052	-40.63652489
2.52014652	-40.77657708
2.52747253	-40.73874429
2.53479854	-41.05686826
2.54212455	-41.22795639
2.54945055	-41.07161910
2.55677656	-41.28359951
2.56410257	-41.80318530
2.57142857	-42.12658677
2.57875458	-42.26516695
2.58608059	-42.17375205
2.59340660	-42.21246946
2.60073260	-42.76066242
2.60805861	-43.00727480
2.61538462	-43.13981530
2.62271063	-45.06852212
2.63003663	-50.23762284
2.63736264	-62.99539673
2.64468865	-64.00390828
2.65201466	-56.37704093
2.65934066	-49.50273826
2.66666667	-47.31490113
2.67399268	-46.44401447
2.68131868	-46.73800320
2.68864469	-48.35241270
2.69597070	-46.62293227
2.70329671	-44.20429766
2.71062271	-44.24536321
2.71794872	-45.02806247
2.72527473	-44.47317606
2.73260074	-44.43337319
2.73992674	-45.45534583
2.74725275	-45.43141707
2.75457876	-45.40402566
2.76190477	-48.53260283
2.76923077	-58.00590597
2.77655678	-71.53822045
2.78388279	-60.94552381
2.79120879	-50.43170506
2.79853480	-47.02189687
2.80586081	-46.30126049
2.81318682	-46.84554565
2.82051282	-46.33105993
2.82783883	-45.83216696
2.83516484	-46.25486485
2.84249085	-46.13617455
2.84981685	-46.03385834
2.85714286	-46.50272843
2.86446887	-46.47857635
2.87179488	-47.36421484
2.87912088	-52.12324115
2.88644689	-64.41643193
2.89377290	-50.18909243
2.90109891	-48.03911191
2.90842491	-48.03299487
2.91575092	-48.06659338
2.92307693	-47.70273042
2.93040293	-48.17646441
2.93772894	-48.76289651
2.94505495	-48.21260657
2.95238096	-49.31210083
2.95970696	-53.71569317
2.96703297	-58.82445512
2.97435898	-63.91624917
2.98168499	-59.22937436
2.98901099	-54.64788061
2.99633700	-52.75536991
3.00366301	-56.91992978
3.01098902	-65.33744037
3.01831502	-63.43812474
3.02564103	-59.27174620
3.03296704	-53.97116499
3.04029304	-54.96487560
3.04761905	-59.37403924
3.05494506	-53.31825181
3.06227107	-50.57688549
3.06959707	-50.95185450
3.07692308	-52.57402497
3.08424909	-51.21738769
3.09157510	-50.51982450
3.09890110	-52.29045181
3.10622711	-52.22111006
3.11355312	-51.77224512
3.12087913	-53.62577297
3.12820513	-57.82826813
3.13553114	-64.65539525
3.14285715	-61.57191694
3.15018315	-56.18852326
3.15750916	-54.98438123
3.16483517	-59.73446549
3.17216118	-75.88062300
3.17948718	-61.54246385
3.18681319	-58.61953584
3.19413920	-54.48372517
3.20146521	-53.85529454
3.20879121	-56.28774179
3.21611722	-56.75327160
3.22344323	-56.72758598
3.23076924	-62.21739316
3.23809524	-63.22901055
3.24542125	-54.86032976
3.25274726	-53.90965717
3.26007326	-55.17461394
3.26739927	-54.82408540
3.27472528	-55.02218562
3.28205129	-55.81933572
3.28937729	-55.35322358
3.29670330	-56.16575345
3.30402931	-57.59440264
3.31135532	-56.54189458
3.31868132	-56.59428482
3.32600733	-60.90562697
3.33333334	-69.87804226
3.34065935	-63.30964939
3.34798535	-59.68043204
3.35531136	-58.08458676
3.36263737	-58.34455091
3.36996337	-59.96335529
3.37728938	-59.31548674
3.38461539	-58.07081710
3.39194140	-58.80342233
3.39926740	-59.34066084
3.40659341	-58.86455926
3.41391942	-60.48948843
3.42124543	-61.60549331
3.42857143	-59.24997740
3.43589744	-59.00824424
3.44322345	-61.16463954
3.45054946	-60.75785804
3.45787546	-60.40597670
3.46520147	-62.13514176
3.47252748	-60.94839684
3.47985348	-59.16887699
3.48717949	-60.90962156
3.49450550	-64.26345762
3.50183151	-63.91236835
3.50915751	-61.21705043
3.51648352	-59.37466141
3.52380953	-60.89171332
3.53113554	-66.28159158
3.53846154	-75.74519139
3.54578755	-70.93234143
3.55311356	-63.49753688
3.56043957	-61.61842930
3.56776557	-63.69634585
3.57509158	-63.48044382
3.58241759	-62.80107988
3.58974359	-66.03632539
3.59706960	-69.03296633
3.60439561	-82.10415400
3.61172162	-73.24525957
3.61904762	-70.30917702
3.62637363	-65.21032718
3.63369964	-67.69795602
3.64102565	-69.14833596
3.64835165	-80.36420978
3.65567766	-74.41551176
3.66300367	-81.76016126
3.67032968	-75.19581805
3.67765568	-73.63736586
3.68498169	-72.09372111
3.69230770	-70.13873005
3.69963370	-67.59339771
3.70695971	-66.98314134
3.71428572	-65.32584484
3.72161173	-67.16682206
3.72893773	-70.24138180
3.73626374	-67.52918769
3.74358975	-68.69666571
3.75091576	-72.23280260
3.75824176	-69.90591262
3.76556777	-67.62947837
3.77289378	-68.03823120
3.78021979	-72.54503637
3.78754579	-73.31550998
3.79487180	-71.49991292
3.80219781	-82.48639320
3.80952381	-73.68762896
3.81684982	-76.10958988
3.82417583	-92.16206647
3.83150184	-81.94168254
3.83882784	-80.66349627
3.84615385	-73.16276336
3.85347986	-79.65029973
3.86080587	-88.70729877
3.86813187	-79.25715526
3.87545788	-77.34610278
3.88278389	-77.45219342
3.89010990	-72.85487535
3.89743590	-72.98207844
3.90476191	-70.80036059
3.91208792	-72.51927306
3.91941392	-79.06342600
3.92673993	-71.06539885
3.93406594	-71.57212031
3.94139195	-73.88492434
3.94871795	-85.17390949
3.95604396	-76.17667776
3.96336997	-80.61513915
3.97069598	-72.22878522
3.97802198	-79.00776408
3.98534799	-75.38992191
3.99267400	-74.56379008
4.00000001	-72.93941265
4.00732601	-74.98135538
4.01465202	-76.43457991
4.02197803	-80.87595283
4.02930403	-77.69102241
4.03663004	-77.94520189
4.04395605	-74.54833976
4.05128206	-68.79989544
4.05860806	-76.85335038
4.06593407	-74.85800675
4.07326008	-94.91019079
4.08058609	-73.51370142
4.08791209	-80.58648121
4.09523810	-91.00211175
4.10256411	-80.55308976
4.10989012	-75.39450782
4.11721612	-75.90402834
4.12454213	-74.45305924
4.13186814	-75.96406263
4.13919414	-74.08185882
4.14652015	-74.97334366
4.15384616	-77.15887896
4.16117217	-73.54750511
4.16849817	-90.23846776
4.17582418	-75.85072258
4.18315019	-72.27980352
4.19047620	-73.11699163
4.19780220	-80.23524588
4.20512821	-84.42760952
4.21245422	-83.06058486
4.21978023	-87.39081469
4.22710623	-76.73648902
4.23443224	-75.46232840
4.24175825	-90.79480463
4.24908425	-78.75534077
4.25641026	-103.65386018
4.26373627	-77.65523002
4.27106228	-82.77152395
4.27838828	-80.40220258
4.28571429	-81.66858174
4.29304030	-76.05505600
4.30036631	-73.20337533
4.30769231	-89.91390830
4.31501832	-80.12377877
4.32234433	-75.17049906
4.32967034	-86.44766374
4.33699634	-77.82960265
4.34432235	-77.14818418
4.35164836	-70.97497050
4.35897436	-71.61357153
4.36630037	-78.09509304
4.37362638	-77.26628401
4.38095239	-74.14871601
4.38827839	-70.64344261
4.39560440	-76.59710233
4.40293041	-72.43379886
4.41025642	-79.43299120
4.41758242	-74.50750289
4.42490843	-85.51026994
4.43223444	-75.10725312
4.43956045	-70.08958778
4.44688645	-78.40531322
4.45421246	-68.54518455
4.46153847	-79.99231310
4.46886447	-72.93028929
4.47619048	-91.24213306
4.48351649	-83.09150555
4.49084250	-81.54966582
4.49816850	-81.84932381
4.50549451	-78.09818181
4.51282052	-80.41782630
4.52014653	-75.24675706
4.52747253	-73.68722417
4.53479854	-76.09870932
4.54212455	-72.02403354
4.54945056	-77.21775877
4.55677656	-69.31045323
4.56410257	-86.76811852
4.57142858	-69.69594220
4.57875458	-83.87169055
4.58608059	-73.02526072
4.59340660	-79.70449887
4.60073261	-80.16346403
4.60805861	-82.52715100
4.61538462	-75.66938775
4.62271063	-74.63798622
4.63003664	-69.12913082
4.63736264	-73.78366204
4.64468865	-78.34512138
4.65201466	-70.90030824
4.65934067	-81.73034184
4.66666667	-80.82239924
4.67399268	-86.10238297
4.68131869	-73.30611809
4.68864469	-73.65631370
4.69597070	-82.58864917
4.70329671	-72.67220328
4.71062272	-73.35960257
4.71794872	-68.85826520
4.72527473	-75.64672417
4.73260074	-75.80989029
4.73992675	-77.09879461
4.74725275	-85.14297525
4.75457876	-95.99529404
4.76190477	-84.50625688
4.76923078	-77.88169089
4.77655678	-75.98398843
4.78388279	-72.59892321
4.79120880	-72.53056065
4.79853481	-82.59759550
4.80586081	-75.48738776
4.81318682	-83.91566076
4.82051283	-89.92388322
4.82783883	-73.20788759
4.83516484	-71.41965118
4.84249085	-81.20969699
4.84981686	-79.65075859
4.85714286	-80.40544512
4.86446887	-76.91803113
4.87179488	-84.63360426
4.87912089	-73.44786191
4.88644689	-74.32872431
4.89377290	-73.28402808
4.90109891	-78.23935840
4.90842492	-71.68740337
4.91575092	-82.03282984
4.92307693	-72.59143940
4.93040294	-78.09027672
4.93772894	-74.69306193
4.94505495	-76.30987573
4.95238096	-73.15562179
4.95970697	-79.14039815
4.96703297	-73.59129891
4.97435898	-81.95815996
4.98168499	-75.98055171
4.98901100	-73.72877978
4.99633700	-77.04083958
5.00366301	-80.81646911
5.01098902	-82.29643636
5.01831503	-88.22383214
5.02564103	-75.44707684
5.03296704	-80.43789207
5.04029305	-91.14382436
5.04761905	-79.49795153
5.05494506	-78.72140305
5.06227107	-80.64675077
5.06959708	-81.22430185
5.07692308	-85.77134710
5.08424909	-85.12442066
5.09157510	-79.15912285
5.09890111	-73.43321488
5.10622711	-73.66938639
5.11355312	-75.09651878
5.12087913	-86.32926942
5.12820514	-78.99054685
5.13553114	-80.98789825
5.14285715	-75.56654951
5.15018316	-78.24928510
5.15750916	-81.41273786
5.16483517	-81.73708197
5.17216118	-76.43729397
5.17948719	-72.13940372
5.18681319	-80.13281402
5.19413920	-76.39836487
5.20146521	-71.70373583
5.20879122	-70.58365205
5.21611722	-82.90592967
5.22344323	-78.52399165
5.23076924	-75.24075216
5.23809525	-78.06380962
5.24542125	-80.63686671
5.25274726	-71.03573681
5.26007327	-76.53921323
5.26739927	-76.97936549
5.27472528	-81.64563602
5.28205129	-79.55343491
5.28937730	-87.24514949
5.29670330	-76.45045696
5.30402931	-84.75557240
5.31135532	-84.38524985
5.31868133	-77.68683274
5.32600733	-77.74851331
5.33333334	-83.44206814
5.34065935	-77.23093988
5.34798536	-80.59499173
5.35531136	-73.23098223
5.36263737	-91.00986541
5.36996338	-78.67927386
5.37728938	-88.83504469
5.38461539	-79.99572592
5.39194140	-75.18443969
5.39926741	-78.41834504
5.40659341	-77.43504539
5.41391942	-80.56284798
5.42124543	-81.34254458
5.42857144	-84.21278376
5.43589744	-76.96469067
5.44322345	-98.82637057
5.45054946	-76.84174871
5.45787547	-78.74009223
5.46520147	-77.52257541
5.47252748	-91.13146169
5.47985349	-81.64296292
5.48717949	-76.50510263
5.49450550	-76.90328525
5.50183151	-87.50347984
5.50915752	-83.64576401
5.51648352	-75.73335100
5.52380953	-72.64011706
5.53113554	-80.48070151
5.53846155	-82.53040706
5.54578755	-77.11675230
5.55311356	-94.43081697
5.56043957	-78.28539115
5.56776558	-80.87298938
5.57509158	-75.18523698
5.58241759	-82.12846023
5.58974360	-92.85147514
5.59706960	-74.83185284
5.60439561	-72.59411034
5.61172162	-73.93943392
5.61904763	-79.11900884
5.62637363	-71.27943818
5.63369964	-88.55560389
5.64102565	-70.49577268
5.64835166	-77.43360403
5.65567766	-81.85276554
5.66300367	-75.59122818
5.67032968	-78.05686089
5.67765569	-85.27305394
5.68498169	-76.38646353
5.69230770	-83.39144207
5.69963371	-72.90549234
5.70695971	-75.01803596
5.71428572	-86.92653012
5.72161173	-75.17147088
5.72893774	-73.96900398
5.73626374	-74.33702627
5.74358975	-70.38182515
5.75091576	-69.52075752
5.75824177	-76.43628953
5.76556777	-81.89126262
5.77289378	-83.77641941
5.78021979	-74.51736106
5.78754580	-75.60098712
5.79487180	-83.35823201
5.80219781	-80.06544429
5.80952382	-77.67089404
5.81684982	-76.54182634
5.82417583	-73.12813460
5.83150184	-77.57582836
5.83882785	-85.42368885
5.84615385	-83.06535169
5.85347986	-77.53274951
5.86080587	-79.20024242
5.86813188	-82.31322668
5.87545788	-77.22902471
5.88278389	-88.48280333
5.89010990	-78.90068482
5.89743591	-82.27104224
5.90476191	-78.54824209
5.91208792	-79.30449483
5.91941393	-81.78289092
5.92673993	-85.03796661
5.93406594	-74.75760396
5.94139195	-80.12206592
5.94871796	-87.67468304
5.95604396	-93.81328834
5.96336997	-90.75791862
5.97069598	-83.57856266
5.97802199	-75.74378162
5.98534799	-74.11724447
5.99267400	-75.36742473
6.00000001	-82.98615350
6.00732602	-82.88594932
6.01465202	-89.71398284
6.02197803	-94.34205153
6.02930404	-76.69858207
6.03663004	-72.95148333
6.04395605	-73.80175817
6.05128206	-74.38657846
6.05860807	-93.56112642
6.06593407	-100.86074066
6.07326008	-75.12605238
6.08058609	-74.41829627
6.08791210	-83.06272391
6.09523810	-76.16340409
6.10256411	-75.90310955
6.10989012	-76.48172803
6.11721613	-81.49327871
6.12454213	-83.53199163
6.13186814	-79.11735284
6.13919415	-79.51747432
6.14652015	-72.50585935
6.15384616	-73.02864788
6.16117217	-70.34987109
6.16849818	-76.78799723
6.17582418	-78.44134054
6.18315019	-80.76053551
6.19047620	-77.80033188
6.19780221	-75.89238252
6.20512821	-92.27380575
6.21245422	-79.39501165
6.21978023	-76.55088595
6.22710624	-74.15844974
6.23443224	-69.49329124
6.24175825	-75.84671720
6.24908426	-75.34100025
6.25641026	-74.61970551
6.26373627	-76.13198644
6.27106228	-93.03168315
6.27838829	-74.75509602
6.28571429	-75.66115375
6.29304030	-75.79079105
6.30036631	-78.58744665
6.30769232	-71.62355950
6.31501832	-81.36188738
6.32234433	-75.99488205
6.32967034	-78.32078529
6.33699635	-83.44957416
6.34432235	-76.91748896
6.35164836	-79.53665669
6.35897437	-74.59660140
6.36630037	-80.99765072
6.37362638	-82.99884059
6.38095239	-75.14667820
6.38827840	-71.61122769
6.39560440	-79.52767311
6.40293041	-72.92937150
6.41025642	-76.68104481
6.41758243	-74.51542687
6.42490843	-76.00209656
6.43223444	-71.86459636
6.43956045	-78.97057921
6.44688646	-83.64773810
6.45421246	-91.34449215
6.46153847	-80.88552884
6.46886448	-79.36745860
6.47619048	-85.45509416
6.48351649	-81.02407370
6.49084250	-76.25965788
6.49816851	-75.15663441
6.50549451	-76.24674317
6.51282052	-84.04830067
6.52014653	-75.08077607
6.52747254	-82.92216323
6.53479854	-89.92804051
6.54212455	-80.66295338
6.54945056	-78.77055172
6.55677657	-77.68584409
6.56410257	-82.05887496
6.57142858	-79.23323884
6.57875459	-76.93192971
6.58608059	-83.39154748
6.59340660	-81.43594109
6.60073261	-75.09762675
6.60805862	-77.17996266
6.61538462	-78.12704453
6.62271063	-76.34412076
6.63003664	-79.37027164
6.63736265	-81.51745055
6.64468865	-74.17932404
6.65201466	-72.32541469
6.65934067	-76.95167986
6.66666668	-82.68472161
6.67399268	-80.56723907
6.68131869	-78.92440682
6.68864470	-80.86114946
6.69597071	-76.20009975
6.70329671	-76.91325339
6.71062272	-83.27969954
6.71794873	-75.72572607
6.72527473	-76.66858400
6.73260074	-102.80577641
6.73992675	-78.73748493
6.74725276	-81.51121094
6.75457876	-82.37244012
6.76190477	-81.08956320
6.76923078	-74.52244916
6.77655679	-78.16195568
6.78388279	-90.04420452
6.79120880	-74.92729488
6.79853481	-75.27234411
6.80586082	-76.13348866
6.81318682	-74.76372804
6.82051283	-83.21119096
6.82783884	-80.04684359
6.83516484	-77.78039959
6.84249085	-73.54979150
6.84981686	-81.98000226
6.85714287	-77.69720244
6.86446887	-81.33402197
6.87179488	-86.46477508
6.87912089	-81.05527312
6.88644690	-73.97845132
6.89377290	-72.94869860
6.90109891	-74.50711026
6.90842492	-72.34051991
6.91575093	-84.35631077
6.92307693	-74.02995407
6.93040294	-73.27749167
6.93772895	-82.49666858
6.94505495	-75.01433709
6.95238096	-88.93445937
6.95970697	-73.20641336
6.96703298	-75.81406651
6.97435898	-79.98587572
6.98168499	-81.02708997
6.98901100	-89.04318111
6.99633701	-79.47863583
7.00366301	-83.17529371
7.01098902	-77.61780921
7.01831503	-79.09619871
7.02564104	-77.23185593
7.03296704	-76.22195713
7.04029305	-82.22233390
7.04761906	-74.16070142
7.05494506	-78.86700030
7.06227107	-74.27021517
7.06959708	-87.21840595
7.07692309	-83.53107381
7.08424909	-72.09928768
7.09157510	-102.20683056
7.09890111	-79.31834423
7.10622712	-78.79101724
7.11355312	-89.01394835
7.12087913	-80.73974753
7.12820514	-80.43749228
7.13553115	-86.39511147
7.14285715	-78.72133679
7.15018316	-82.45059937
7.15750917	-80.97187472
7.16483517	-82.85717990
7.17216118	-79.98705155
7.17948719	-81.41288296
7.18681320	-73.67671411
7.19413920	-70.21503421
7.20146521	-77.74395707
7.20879122	-75.28873983
7.21611723	-84.46680247
7.22344323	-82.17259592
7.23076924	-80.48138337
7.23809525	-75.55463937
7.24542126	-68.93464329
7.25274726	-83.97970637
7.26007327	-69.22695962
7.26739928	-75.29278581
7.27472528	-72.81136484
7.28205129	-71.96773890
7.28937730	-74.42080094
7.29670331	-69.99676699
7.30402931	-74.34316768
7.31135532	-69.60345804
7.31868133	-71.67589081
7.32600734	-70.80508429
7.33333334	-74.52466599
7.34065935	-83.94520776
7.34798536	-82.64993196
7.35531137	-83.30510521
7.36263737	-74.98152866
7.36996338	-73.16579570
7.37728939	-74.46519007
7.38461539	-78.81082038
7.39194140	-91.81506267
7.39926741	-77.10290453
7.40659342	-75.07039342
7.41391942	-84.07338519
7.42124543	-91.32423538
7.42857144	-87.85199785
7.43589745	-84.24982193
7.44322345	-78.01130113
7.45054946	-85.54844610
7.45787547	-79.15984685
7.46520148	-86.39404834
7.47252748	-78.23086128
7.47985349	-80.76199162
7.48717950	-74.45146616
7.49450550	-82.56698048
7.50183151	-69.91810898
7.50915752	-75.53488849
7.51648353	-80.53571213
7.52380953	-78.88082933
7.53113554	-72.32063330
7.53846155	-71.97002911
7.54578756	-79.17031024
7.55311356	-78.85281362
7.56043957	-79.41126054
7.56776558	-84.30436747
7.57509159	-80.76809083
7.58241759	-75.09694776
7.58974360	-83.83263299
7.59706961	-75.84172831
7.60439561	-71.18857866
7.61172162	-77.76756325
7.61904763	-80.27855282
7.62637364	-87.87576690
7.63369964	-89.87105514
7.64102565	-74.25322738
7.64835166	-73.02600925
7.65567767	-71.75012820
7.66300367	-87.10222682
7.67032968	-74.67653087
7.67765569	-76.68970157
7.68498170	-82.55108369
7.69230770	-83.75802863
7.69963371	-77.54422333
7.70695972	-78.30161388
7.71428572	-84.69603613
7.72161173	-79.14542140
7.72893774	-74.67583821
7.73626375	-81.94810726
7.74358975	-77.45269299
7.75091576	-80.43136196
7.75824177	-88.39261550
7.76556778	-76.28805293
7.77289378	-79.56866992
7.78021979	-72.88163661
7.78754580	-76.17506088
7.79487181	-83.55960040
7.80219781	-73.34141029
7.80952382	-73.88801994
7.81684983	-86.55417928
7.82417583	-81.46689557
7.83150184	-77.11205085
7.83882785	-77.27111883
7.84615386	-74.81187787
7.85347986	-82.51248688
7.86080587	-76.79426023
7.86813188	-76.24244620
7.87545789	-77.98821376
7.88278389	-74.92289333
7.89010990	-77.05690463
7.89743591	-76.25409552
7.90476192	-72.69582031
7.91208792	-75.92387721
7.91941393	-79.46953447
7.92673994	-83.86079511
7.93406594	-76.85179209
7.94139195	-74.91735939
7.94871796	-80.00140501
7.95604397	-74.21027804
7.96336997	-84.22270656
7.97069598	-76.57797112
7.97802199	-78.10182766
7.98534800	-78.25435857
7.99267400	-75.82915636
8.00000001	-74.25265969
8.00732602	-77.83781510
8.01465203	-99.62673171
8.02197803	-83.09407804
8.02930404	-87.02219641
8.03663005	-81.14705040
8.04395605	-80.47630353
8.05128206	-82.80891236
8.05860807	-78.17158398
8.06593408	-78.61999323
8.07326008	-77.22518199
8.08058609	-78.63184551
8.08791210	-73.03440557
8.09523811	-80.39619619
8.10256411	-75.10622010
8.10989012	-75.28341620
8.11721613	-81.16108228
8.12454214	-76.05785905
8.13186814	-80.16526860
8.13919415	-84.08611217
8.14652016	-84.68511305
8.15384616	-81.93195937
8.16117217	-78.10538426
8.16849818	-71.82263240
8.17582419	-68.88650906
8.18315019	-78.25083255
8.19047620	-77.22352978
8.19780221	-77.52152722
8.20512822	-78.82550189
8.21245422	-83.15592005
8.21978023	-90.76852241
8.22710624	-81.02854332
8.23443225	-90.15142448
8.24175825	-79.77835087
8.24908426	-81.71234294
8.25641027	-77.34627245
8.26373627	-92.08620653
8.27106228	-75.61637366
8.27838829	-96.57854070
8.28571430	-82.16337156
8.29304030	-78.44176686
8.30036631	-73.80975288
8.30769232	-74.73326702
8.31501833	-102.41998433
8.32234433	-77.26866383
8.32967034	-78.26685571
8.33699635	-86.39945075
8.34432236	-83.24583352
8.35164836	-83.34253775
8.35897437	-79.06161177
8.36630038	-75.88238587
8.37362638	-72.60216471
8.38095239	-78.74286405
8.38827840	-79.81288106
8.39560441	-73.80870570
8.40293041	-80.47469394
8.41025642	-90.14239577
8.41758243	-78.89941002
8.42490844	-79.90371224
8.43223444	-81.90698173
8.43956045	-77.86378670
8.44688646	-75.69042337
8.45421247	-81.36157782
8.46153847	-75.70498625
8.46886448	-73.71691329
8.47619049	-70.61712140
8.48351649	-78.87963227
8.49084250	-74.82060869
8.49816851	-91.47416798
8.50549452	-83.02977146
8.51282052	-77.83904470
8.52014653	-77.45007166
8.52747254	-80.46227675
8.53479855	-80.91693042
8.54212455	-72.07395740
8.54945056	-79.09146088
8.55677657	-74.11936483
8.56410258	-80.14355072
8.57142858	-82.26682925
8.57875459	-72.69825995
8.58608060	-73.42644188
8.59340661	-79.47472394
8.60073261	-79.38002132
8.60805862	-80.43375091
8.61538463	-77.08073485
8.62271063	-81.44757655
8.63003664	-89.95683991
8.63736265	-79.49019476
8.64468866	-81.85616947
8.65201466	-80.08017889
8.65934067	-79.19884074
8.66666668	-75.43112906
8.67399269	-76.23648781
8.68131869	-76.92313022
8.68864470	-89.01240518
8.69597071	-84.15909326
8.70329672	-82.84530875
8.71062272	-81.41005114
8.71794873	-78.27625666
8.72527474	-75.69317015
8.73260074	-70.48170302
8.73992675	-73.80039237
8.74725276	-80.04384088
8.75457877	-82.41949670
8.76190477	-83.97833855
8.76923078	-77.19174904
8.77655679	-77.62050972
8.78388280	-85.10214346
8.79120880	-80.85556688
8.79853481	-72.89892354
8.80586082	-76.49687541
8.81318683	-81.49782514
8.82051283	-86.73547003
8.82783884	-79.26925589
8.83516485	-80.38579849
8.84249085	-74.20228796
8.84981686	-71.45057598
8.85714287	-81.67153463
8.86446888	-77.38177748
8.87179488	-81.30949170
8.87912089	-80.64499909
8.88644690	-82.40303865
8.89377291	-80.42666368
8.90109891	-82.09970827
8.90842492	-88.48670232
8.91575093	-77.02181574
8.92307694	-89.17750692
8.93040294	-79.21535749
8.93772895	-85.33795814
8.94505496	-79.89656550
8.95238096	-82.53057367
8.95970697	-75.53913463
8.96703298	-77.15975218
8.97435899	-78.01604896
8.98168499	-80.28064462
8.98901100	-70.85878369
8.99633701	-77.11258384
9.00366302	-90.14846988
9.01098902	-76.47560731
9.01831503	-74.47818651
9.02564104	-67.22686809
9.03296705	-76.32898484
9.04029305	-75.04068791
9.04761906	-75.92064309
9.05494507	-74.83253005
9.06227107	-77.70894572
9.06959708	-79.15166297
9.07692309	-74.81847194
9.08424910	-80.41775046
9.09157510	-82.42513352
9.09890111	-89.82111951
9.10622712	-80.27117727
9.11355313	-84.72226392
9.12087913	-78.31897695
9.12820514	-74.76866647
9.13553115	-93.61759974
9.14285716	-75.27542378
9.15018316	-77.98442951
9.15750917	-85.15450121
9.16483518	-80.83702725
9.17216118	-76.09344369
9.17948719	-97.27753426
9.18681320	-77.13856355
9.19413921	-76.74436481
9.20146521	-87.79420725
9.20879122	-73.78887784
9.21611723	-73.50044070
9.22344324	-80.84558372
9.23076924	-78.89887461
9.23809525	-75.99145165
9.24542126	-79.49398632
9.25274727	-78.09866892
9.26007327	-79.81384560
9.26739928	-74.46780878
9.27472529	-75.89649559
9.28205129	-76.24788742
9.28937730	-77.01368735
9.29670331	-76.57017018
9.30402932	-84.25380731
9.31135532	-75.68013851
9.31868133	-73.97891988
9.32600734	-85.85752551
9.33333335	-91.04854118
9.34065935	-91.23126994
9.34798536	-87.02146819
9.35531137	-77.91092449
9.36263738	-73.58731380
9.36996338	-88.07126997
9.37728939	-83.26902142
9.38461540	-87.42548986
9.39194140	-81.04148129
9.39926741	-82.12324330
9.40659342	-88.63858383
9.41391943	-76.80349937
9.42124543	-74.08216506
9.42857144	-75.82570838
9.43589745	-76.22765493
9.44322346	-81.33886663
9.45054946	-77.41616407
9.45787547	-77.83388782
9.46520148	-71.11001509
9.47252749	-79.97125835
9.47985349	-80.22178416
9.48717950	-79.79891071
9.49450551	-76.13408590
9.50183151	-83.84381759
9.50915752	-78.29236391
9.51648353	-76.84304601
9.52380954	-75.89562448
9.53113554	-72.82296718
9.53846155	-82.07947359
9.54578756	-83.17271200
9.55311357	-82.38847935
9.56043957	-79.43990915
9.56776558	-77.94453966
9.57509159	-71.91267144
9.58241760	-82.35777289
9.58974360	-78.07541166
9.59706961	-87.84973890
9.60439562	-74.95482677
9.61172162	-73.48488903
9.61904763	-76.59572043
9.62637364	-74.16960533
9.63369965	-77.40199135
9.64102565	-75.99808685
9.64835166	-80.34929829
9.65567767	-90.60224029
9.66300368	-78.07854271
9.67032968	-79.00610079
9.67765569	-83.10861649
9.68498170	-92.06226904
9.69230771	-75.95302969
9.69963371	-76.12011404
9.70695972	-75.24376598
9.71428573	-73.26743774
9.72161173	-76.67355873
9.72893774	-74.42208506
9.73626375	-71.50554574
9.74358976	-79.07972484
9.75091576	-75.51776811
9.75824177	-76.81290243
9.76556778	-74.37959037
9.77289379	-93.29527807
9.78021979	-81.38195976
9.78754580	-75.12068596
9.79487181	-88.06169440
9.80219782	-82.80988018
9.80952382	-76.98055472
9.81684983	-87.67689171
9.82417584	-75.94288193
9.83150184	-74.75129915
9.83882785	-84.43607848
9.84615386	-74.54631659
9.85347987	-79.29091597
9.86080587	-71.43834660
9.86813188	-81.90425903
9.87545789	-76.60292989
9.88278390	-81.42919415
9.89010990	-85.00758919
9.89743591	-79.36017128
9.90476192	-80.20348777
9.91208793	-79.45120896
9.91941393	-87.38901324
9.92673994	-84.38180846
9.93406595	-84.89253084
9.94139195	-79.28910549
9.94871796	-74.54306571
9.95604397	-81.19404361
9.96336998	-77.65007072
9.97069598	-76.57032392
9.97802199	-85.40464782
9.98534800	-78.57537774
9.99267401	-75.61072646
10.00000001	-77.07184056
10.00732602	-82.95430315
10.01465203	-71.02015718
10.02197804	-80.62839811
10.02930404	-76.20947230
10.03663005	-92.38088910
10.04395606	-83.38421745
10.05128206	-79.98591531
10.05860807	-90.60708541
10.06593408	-83.47360562
10.07326009	-75.13164988
10.08058609	-85.08195016
10.08791210	-72.20991033
10.09523811	-77.70016315
10.10256412	-79.58679643
10.10989012	-80.12533992
10.11721613	-82.84398707
10.12454214	-77.65629857
10.13186815	-74.73339785
10.13919415	-85.77566764
10.14652016	-82.82353360
10.15384617	-73.91249939
10.16117217	-78.94200512
10.16849818	-77.15606785
10.17582419	-86.73131460
10.18315020	-81.84923771
10.19047620	-77.37750541
10.19780221	-79.10383834
10.20512822	-102.44778584
10.21245423	-80.43310944
10.21978023	-77.93033341
10.22710624	-75.80163277
10.23443225	-85.90913071
10.24175826	-85.18877595
10.24908426	-94.68756102
10.25641027	-95.27613476
10.26373628	-76.98199611
10.27106228	-75.13990804
10.27838829	-79.57521719
10.28571430	-81.51684378
10.29304031	-79.78025105
10.30036631	-81.33674275
10.30769232	-78.42603879
10.31501833	-81.48098751
10.32234434	-72.95472273
10.32967034	-82.91324128
10.33699635	-74.40922803
10.34432236	-79.92668532
10.35164837	-93.35420447
10.35897437	-82.05766744
10.36630038	-81.12063258
10.37362639	-88.68966327
10.38095239	-74.49432253
10.38827840	-77.92980213
10.39560441	-82.76680470
10.40293042	-81.22164929
10.41025642	-74.75144566
10.41758243	-73.68206597
10.42490844	-86.21623742
10.43223445	-82.57147848
10.43956045	-78.71951233
10.44688646	-111.94994560
10.45421247	-78.27310670
10.46153848	-77.28206854
10.46886448	-77.66178435
10.47619049	-75.95197415
10.48351650	-76.78342217
10.49084251	-85.96488678
10.49816851	-91.15049789
10.50549452	-84.74630329
10.51282053	-78.19641017
10.52014653	-78.90491511
10.52747254	-86.16561236
10.53479855	-79.31008827
10.54212456	-82.47202677
10.54945056	-79.28590277
10.55677657	-80.18345522
10.56410258	-84.32053043
10.57142859	-73.82227760
10.57875459	-76.35289826
10.58608060	-72.43447755
10.59340661	-80.22964619
10.60073262	-71.23871143
10.60805862	-84.39815400
10.61538463	-78.17806760
10.62271064	-73.87131219
10.63003664	-73.07569881
10.63736265	-84.74172405
10.64468866	-83.56562821
10.65201467	-76.76027504
10.65934067	-81.29794574
10.66666668	-76.09912063
10.67399269	-73.54522693
10.68131870	-72.72990741
10.68864470	-84.68494411
10.69597071	-79.34764187
10.70329672	-83.83178228
10.71062273	-81.29916661
10.71794873	-93.47758343
10.72527474	-81.79620601
10.73260075	-77.52565971
10.73992675	-81.41965283
10.74725276	-74.87500108
10.75457877	-75.49914487
10.76190478	-77.67808291
10.76923078	-76.90181213
10.77655679	-70.81164507
10.78388280	-74.20129978
10.79120881	-72.58608048
10.79853481	-77.74706038
10.80586082	-75.35057889
10.81318683	-81.64484619
10.82051284	-76.07378550
10.82783884	-76.43301264
10.83516485	-76.46018354
10.84249086	-87.89795338
10.84981686	-77.74629950
10.85714287	-80.80489385
10.86446888	-82.10120736
10.87179489	-79.47471792
10.87912089	-77.94562002
10.88644690	-82.33275202
10.89377291	-84.36776569
10.90109892	-80.77767004
10.90842492	-72.03249359
10.91575093	-74.16118647
10.92307694	-89.56414889
10.93040295	-84.31257018
10.93772895	-79.79487732
10.94505496	-83.09664015
10.95238097	-75.38030052
10.95970697	-85.31032246
10.96703298	-73.54621104
10.97435899	-81.04541317
10.98168500	-76.91042101
10.98901100	-82.85730852
10.99633701	-82.41933690
11.00366302	-78.59491399
11.01098903	-74.08808927
11.01831503	-80.71058139
11.02564104	-75.06700078
11.03296705	-79.02778584
11.04029306	-80.99550322
11.04761906	-79.19470890
11.05494507	-75.88202131
11.06227108	-83.83542270
11.06959708	-81.62602523
11.07692309	-89.36188584
11.08424910	-76.66142183
11.09157511	-89.36268060
11.09890111	-84.96440491
11.10622712	-76.85137656
11.11355313	-79.86253167
11.12087914	-74.79468564
11.12820514	-79.88022977
11.13553115	-76.64021452
11.14285716	-83.21942173
11.15018317	-75.72920536
11.15750917	-99.12845237
11.16483518	-79.40337735
11.17216119	-83.59590821
11.17948719	-78.70107363
11.18681320	-73.60241839
11.19413921	-80.72698712
11.20146522	-78.75319258
11.20879122	-76.34149796
11.21611723	-79.05836717
11.22344324	-78.56840566
11.23076925	-80.24546668
11.23809525	-75.77782342
11.24542126	-75.84003123
11.25274727	-83.95664917
11.26007328	-79.13139286
11.26739928	-77.60104083
11.27472529	-81.78731720
11.28205130	-88.11747617
11.28937730	-79.96329971
11.29670331	-76.73298405
11.30402932	-79.28585524
11.31135533	-87.25077637
11.31868133	-85.12066788
11.32600734	-74.17251814
11.33333335	-72.14997203
11.34065936	-78.99279570
11.34798536	-77.37508211
11.35531137	-84.20229845
11.36263738	-81.26006339
11.36996339	-81.46203888
11.37728939	-81.05747118
11.38461540	-78.44117656
11.39194141	-85.04673356
11.39926741	-92.37381812
11.40659342	-82.94573901
11.41391943	-85.31563573
11.42124544	-74.43671216
11.42857144	-73.61211275
11.43589745	-77.04998057
11.44322346	-88.43735669
11.45054947	-85.37245131
11.45787547	-75.70988098
11.46520148	-75.64495493
11.47252749	-80.74953570
11.47985350	-80.25452940
11.48717950	-86.70444421
11.49450551	-70.61694248
11.50183152	-71.40707544
11.50915752	-83.42197336
11.51648353	-76.67408274
11.52380954	-76.12427258
11.53113555	-82.62368857
11.53846155	-72.14014190
11.54578756	-73.22081572
11.55311357	-76.10176039
11.56043958	-82.47631302
11.56776558	-74.74154868
11.57509159	-77.65148245
11.58241760	-76.67635986
11.58974361	-83.15324204
11.59706961	-75.35510461
11.60439562	-75.62303175
11.61172163	-117.50157326
11.61904763	-85.98495175
11.62637364	-81.97272969
11.63369965	-83.35108147
11.64102566	-77.22811134
11.64835166	-77.87399041
11.65567767	-75.80197665
11.66300368	-79.56245806
11.67032969	-74.66315140
11.67765569	-81.18451464
11.68498170	-77.30492033
11.69230771	-88.89117859
11.69963372	-81.80598823
11.70695972	-68.03752581
11.71428573	-68.80813184
11.72161174	-82.33549711
11.72893774	-75.61770864
11.73626375	-79.88891054
11.74358976	-76.34297967
11.75091577	-81.95975234
11.75824177	-74.40878159
11.76556778	-81.61733522
11.77289379	-72.55714732
11.78021980	-79.93924549
11.78754580	-75.87224203
11.79487181	-82.22827081
11.80219782	-86.57374500
11.80952383	-85.13857813
11.81684983	-76.08002365
11.82417584	-85.43532910
11.83150185	-76.37916569
11.83882785	-83.96558362
11.84615386	-78.92080189
11.85347987	-80.35869171
11.86080588	-99.63992253
11.86813188	-74.23435328
11.87545789	-73.52459804
11.88278390	-85.34489062
11.89010991	-74.06379661
11.89743591	-78.28036120
11.90476192	-82.82232106
11.91208793	-80.86327545
11.91941394	-76.67854856
11.92673994	-79.70005755
11.93406595	-81.68162282
11.94139196	-82.77745950
11.94871796	-80.86384840
11.95604397	-85.55117751
11.96336998	-76.24573074
11.97069599	-86.70556493
11.97802199	-78.20621448
11.98534800	-77.65180753
11.99267401	-73.38825137
12.00000002	-91.04422262
12.00732602	-76.42245412
12.01465203	-80.94489434
12.02197804	-73.96557143
12.02930405	-87.56529297
12.03663005	-73.20546265
12.04395606	-71.99416225
12.05128207	-82.77588392
12.05860807	-73.32432455
12.06593408	-79.79873166
12.07326009	-96.07931582
12.08058610	-75.41753558
12.08791210	-74.49299528
12.09523811	-75.65348281
12.10256412	-82.54788054
12.10989013	-77.95384108
12.11721613	-79.34289315
12.12454214	-77.80266293
12.13186815	-82.02729992
12.13919416	-80.23949396
12.14652016	-93.52501180
12.15384617	-84.72343195
12.16117218	-75.94299724
12.16849818	-81.61036077
12.17582419	-77.35208159
12.18315020	-76.00034104
12.19047621	-77.06096313
12.19780221	-86.43569216
12.20512822	-80.14081406
12.21245423	-73.15440679
12.21978024	-77.21752236
12.22710624	-85.95040069
12.23443225	-93.28251450
12.24175826	-78.40114269
12.24908427	-77.61982822
12.25641027	-81.96444223
12.26373628	-79.80324207
12.27106229	-83.55712213
12.27838829	-77.85121955
12.28571430	-82.32644878
12.29304031	-80.38737543
12.30036632	-75.35484419
12.30769232	-81.78843863
12.31501833	-83.27667003
12.32234434	-79.84293044
12.32967035	-73.82785990
12.33699635	-76.29935800
12.34432236	-88.78071196
12.35164837	-78.45482174
12.35897438	-83.56048804
12.36630038	-80.46009736
12.37362639	-89.33634278
12.38095240	-83.50829819
12.38827841	-78.30321640
12.39560441	-94.98631201
12.40293042	-87.46056398
12.41025643	-86.67039209
12.41758243	-82.69347854
12.42490844	-75.98704688
12.43223445	-75.27027613
12.43956046	-81.02782032
12.44688646	-79.97812263
12.45421247	-110.86113215
12.46153848	-87.96378070
12.46886449	-82.39050911
12.47619049	-86.71705672
12.48351650	-77.95710207
12.49084251	-76.65158500
12.49816852	-84.42130771
12.50549452	-82.32388581
12.51282053	-74.20819676
12.52014654	-82.83647557
12.52747254	-85.65825650
12.53479855	-76.14619606
12.54212456	-80.90271383
12.54945057	-76.72139506
12.55677657	-72.53758149
12.56410258	-75.61218841
12.57142859	-75.64014202
12.57875460	-79.83688487
12.58608060	-78.41795604
12.59340661	-70.90190772
12.60073262	-78.24965472
12.60805863	-70.74429199
12.61538463	-82.52826526
12.62271064	-69.85249180
12.63003665	-78.23449892
12.63736265	-77.80971838
12.64468866	-75.76539434
12.65201467	-75.75216598
12.65934068	-80.52365321
12.66666668	-86.80152270
12.67399269	-77.05099906
12.68131870	-75.50426402
12.68864471	-85.40317441
12.69597071	-74.77542551
12.70329672	-86.95863261
12.71062273	-85.92541801
12.71794874	-78.17235357
12.72527474	-83.13908624
12.73260075	-75.74412819
12.73992676	-75.30019180
12.74725276	-80.50383388
12.75457877	-73.27778242
12.76190478	-84.42731398
12.76923079	-79.85882777
12.77655679	-81.83712759
12.78388280	-84.12029538
12.79120881	-76.77720937
12.79853482	-75.92675267
12.80586082	-84.48265947
12.81318683	-75.86477495
12.82051284	-76.19953193
12.82783885	-81.23795048
12.83516485	-74.22514689
12.84249086	-78.57578811
12.84981687	-77.06018652
12.85714287	-74.29947837
12.86446888	-77.43787465
12.87179489	-76.85533751
12.87912090	-77.59762847
12.88644690	-77.44470161
12.89377291	-73.04862545
12.90109892	-92.83966369
12.90842493	-77.24774562
12.91575093	-77.85522699
12.92307694	-74.75063968
12.93040295	-77.36580798
12.93772896	-72.66021175
12.94505496	-81.36628350
12.95238097	-71.21714991
12.95970698	-79.32466919
12.96703298	-73.23819431
12.97435899	-87.06319034
12.98168500	-78.31622064
12.98901101	-82.47544150
12.99633701	-84.25976885
13.00366302	-81.88786217
13.01098903	-85.97122266
13.01831504	-85.32230350
13.02564104	-89.56535926
13.03296705	-83.04091145
13.04029306	-80.84277760
13.04761907	-85.70430811
13.05494507	-73.04818553
13.06227108	-71.36321955
13.06959709	-87.71861500
13.07692309	-75.77052013
13.08424910	-82.75925033
13.09157511	-87.13647151
13.09890112	-89.64848901
13.10622712	-93.35430424
13.11355313	-79.45875718
13.12087914	-76.83518937
13.12820515	-82.66357895
13.13553115	-77.46437882
13.14285716	-77.87647507
13.15018317	-73.16796490
13.15750918	-80.38502062
13.16483518	-84.59544130
13.17216119	-80.19975734
13.17948720	-77.78677631
13.18681320	-78.18491422
13.19413921	-79.55899283
13.20146522	-90.16076665
13.20879123	-81.72499542
13.21611723	-83.91565108
13.22344324	-80.77832691
13.23076925	-75.56595207
13.23809526	-84.80691255
13.24542126	-74.87800908
13.25274727	-74.11834109
13.26007328	-81.40256096
13.26739929	-80.47798800
13.27472529	-79.31469771
13.28205130	-83.28948735
13.28937731	-80.94872027
13.29670331	-78.29285540
13.30402932	-81.56656904
13.31135533	-81.24504337
13.31868134	-92.77110292
13.32600734	-97.47547549
13.33333335	-85.35765578
13.34065936	-82.81025334
13.34798537	-89.21450905
13.35531137	-86.90493647
13.36263738	-75.09779976
13.36996339	-77.05049009
13.37728940	-70.54771482
13.38461540	-75.28142396
13.39194141	-91.15150368
13.39926742	-84.25656928
13.40659342	-76.63220796
13.41391943	-78.40194593
13.42124544	-87.02344820
13.42857145	-81.30238017
13.43589745	-84.31565626
13.44322346	-80.16548254
13.45054947	-87.93258090
13.45787548	-78.34718348
13.46520148	-83.74275210
13.47252749	-90.34123704
13.47985350	-83.29100193
13.48717951	-75.24798872
13.49450551	-77.52077451
13.50183152	-75.31330633
13.50915753	-81.64247954
13.51648353	-74.50361386
13.52380954	-77.07073773
13.53113555	-74.24258705
13.53846156	-78.03620301
13.54578756	-82.74369980
13.55311357	-75.63498462
13.56043958	-76.04552442
13.56776559	-85.57415974
13.57509159	-78.25816861
13.58241760	-80.34101870
13.58974361	-75.59138348
13.59706962	-82.49813958
13.60439562	-75.27316541
13.61172163	-91.71704967
13.61904764	-79.97359808
13.62637364	-86.40655807
13.63369965	-72.39994148
13.64102566	-77.58383151
13.64835167	-77.86192756
13.65567767	-79.33373877
13.66300368	-75.04241998
13.67032969	-76.47308595
13.67765570	-85.65570780
13.68498170	-77.04025153
13.69230771	-70.67503269
13.69963372	-76.22087476
13.70695973	-74.12906212
13.71428573	-86.15747597
13.72161174	-75.46933146
13.72893775	-76.84403767
13.73626375	-73.85988128
13.74358976	-83.73344969
13.75091577	-80.45430849
13.75824178	-79.96798324
13.76556778	-79.37919726
13.77289379	-77.10472119
13.78021980	-78.44933335
13.78754581	-74.36391265
13.79487181	-77.41756767
13.80219782	-75.77933388
13.80952383	-74.56709541
13.81684984	-83.03867055
13.82417584	-76.22513869
13.83150185	-78.16013739
13.83882786	-79.15506992
13.84615386	-81.52054267
13.85347987	-73.37535606
13.86080588	-74.75521505
13.86813189	-81.71352650
13.87545789	-76.78503989
13.88278390	-89.19394969
13.89010991	-75.06294250
13.89743592	-76.21483161
13.90476192	-77.27328844
13.91208793	-76.48329095
13.91941394	-82.75150171
13.92673995	-72.48873991
13.93406595	-78.85711452
13.94139196	-77.63034043
13.94871797	-80.23455002
13.95604397	-76.68073517
13.96336998	-76.06081003
13.97069599	-74.46575910
13.97802200	-75.74171887
13.98534800	-73.19015591
13.99267401	-73.96885424
14.00000002	-76.27809816
14.00732603	-82.16909841
14.01465203	-76.59495798
14.02197804	-76.54223899
14.02930405	-73.75403129
14.03663006	-74.94952361
14.04395606	-76.02286073
14.05128207	-82.19789501
14.05860808	-87.68386615
14.06593408	-73.58989146
14.07326009	-89.60437525
14.08058610	-71.82484558
14.08791211	-80.73888476
14.09523811	-100.86994417
14.10256412	-90.12680541
14.10989013	-76.72852735
14.11721614	-85.49911843
14.12454214	-72.78699715
14.13186815	-70.92021216
14.13919416	-94.77288727
14.14652017	-76.66524635
14.15384617	-72.57293718
14.16117218	-76.26291069
14.16849819	-88.11850523
14.17582419	-81.45779904
14.18315020	-76.43103290
14.19047621	-73.96098692
14.19780222	-90.33272814
14.20512822	-73.98498231
14.21245423	-80.51938783
14.21978024	-83.43101032
14.22710625	-75.94311945
14.23443225	-71.56976711
14.24175826	-73.37543570
14.24908427	-98.41260937
14.25641028	-92.29539821
14.26373628	-74.55289674
14.27106229	-82.22560727
14.27838830	-75.02373496
14.28571431	-74.40895139
14.29304031	-74.04162034
14.30036632	-74.51519629
14.30769233	-84.63244569
14.31501833	-80.09319782
14.32234434	-78.63220072
14.32967035	-84.26378226
14.33699636	-80.88244548
14.34432236	-73.71586896
14.35164837	-80.54462481
14.35897438	-80.41218094
14.36630039	-79.50939320
14.37362639	-83.67435419
14.38095240	-73.79284101
14.38827841	-73.93373796
14.39560442	-78.32514674
14.40293042	-80.71828665
14.41025643	-83.56468811
14.41758244	-73.28553036
14.42490844	-73.93352860
14.43223445	-85.84702457
14.43956046	-83.92252431
14.44688647	-80.19499207
14.45421247	-83.22559006
14.46153848	-80.55670241
14.46886449	-83.79094117
14.47619050	-88.87223754
14.48351650	-85.06020398
14.49084251	-78.30870293
14.49816852	-84.71345213
14.50549453	-71.80164942
14.51282053	-81.71898357
14.52014654	-79.21614595
14.52747255	-79.00681567
14.53479855	-80.09649304
14.54212456	-79.47462983
14.54945057	-83.77805863
14.55677658	-86.87058981
14.56410258	-81.16608235
14.57142859	-77.74580313
14.57875460	-78.90103313
14.58608061	-77.95700666
14.59340661	-79.64765393
14.60073262	-78.41211502
14.60805863	-74.78195736
14.61538464	-103.55011970
14.62271064	-75.35982038
14.63003665	-73.76430520
14.63736266	-72.96885713
14.64468866	-74.32853779
14.65201467	-72.59674201
14.65934068	-87.91318524
14.66666669	-79.52911549
14.67399269	-81.33031542
14.68131870	-77.76261413
14.68864471	-77.25906994
14.69597072	-83.15272330
14.70329672	-75.55679512
14.71062273	-82.68274513
14.71794874	-81.81946782
14.72527475	-75.79519627
14.73260075	-79.15386405
14.73992676	-75.88895020
14.74725277	-74.53369784
14.75457877	-73.76203738
14.76190478	-87.31040685
14.76923079	-73.46225164
14.77655680	-74.21744467
14.78388280	-83.35219226
14.79120881	-81.79835774
14.79853482	-85.42771460
14.80586083	-82.77871752
14.81318683	-81.69916245
14.82051284	-79.52031414
14.82783885	-77.83478580
14.83516486	-73.50414354
14.84249086	-78.96637660
14.84981687	-73.34478271
14.85714288	-86.89908802
14.86446888	-72.12995203
14.87179489	-75.49039657
14.87912090	-74.90815264
14.88644691	-81.99312980
14.89377291	-82.59860330
14.90109892	-75.70737156
14.90842493	-69.37439475
14.91575094	-74.51028487
14.92307694	-79.61004619
14.93040295	-78.46965849
14.93772896	-78.77593430
14.94505497	-83.04076270
14.95238097	-88.70978731
14.95970698	-80.69330980
14.96703299	-75.33075437
14.97435899	-79.34164029
14.98168500	-71.03839717
14.98901101	-78.05684704
14.99633702	-79.46055616
